time X Y
0.0 20.0 40.0
1.4675437 22.006805 52.997852
2.651277 22.983152 64.99007
3.6345084 19.004198 66.01208
4.950344 17.006073 66.003815
6.1757374 28.007298 48.991676
7.0243287 35.995846 56.005344
7.959731 29.011415 72.01116
9.1126795 28.001493 73.00663
10.121205 26.0055 61.02296
11.311929 28.990273 66.00006
12.452687 24.98272 72.99393
13.3739395 34.009647 80.98689
14.368663 26.998857 99.99325
15.193972 13.008548 97.03317
16.36683 11.003099 54.99183
17.770256 27.9882 47.003674
19.143831 37.01747 55.00745
19.955013 26.98982 76.993996
21.06028 19.995228 71.99789
22.24337 13.008524 60.98561
23.662577 13.012509 51.00183
25.461592 11.992657 45.998806
26.981722 24.999983 46.01231
28.25969 42.985806 53.990246
29.154884 29.992813 81.99685
29.891634 23.01188 82.987366
30.986027 14.993622 73.98
32.51823 8.003946 38.989033
34.338123 15.99921 37.003357
36.18813 40.98578 28.001667
37.410862 44.984123 46.001007
38.34341 56.98556 57.00179
39.18162 31.016787 93.01238
39.931557 18.980309 94.99822
40.87671 5.004647 74.013405
43.89771 9.022957 7.004286
45.982 87.987305 7.0123696
46.739346 149.00981 24.98846
47.21652 155.0027 62.999092
47.63763 134.00604 109.991615
48.033115 92.00114 162.98013
48.402985 58.00047 197.0065
48.73647 22.998787 214.99434
49.1263 8.008689 195.99487
49.73709 1.0049646 121.002266
51.139183 3.00112 34.994453
53.563587 40.992397 26.995483
54.606976 58.003487 49.023266
55.373196 58.004913 74.99118
56.08564 35.00267 108.001526
56.971786 6.003792 93.01457
58.791897 11.004827 20.997131
60.55635 59.001186 16.990839
61.66722 81.98728 45.00535
62.35124 100.00267 67.99532
62.906544 89.00022 97.991936
63.399456 70.97521 138.987
63.91362 36.993927 167.00092
64.52557 9.010501 144.0031
65.45485 0.99932814 76.9942
67.43473 16.982208 23.001156
69.16767 47.96994 28.990086
70.47718 45.99686 59.00065
71.275345 40.00039 84.99573
72.026085 25.007849 92.98506
72.92254 17.00623 80.9903
74.349754 6.0066156 51.002342
76.76446 32.99582 16.999777
78.15054 72.99703 23.000702
79.03277 98.99551 41.998272
79.520744 93.003975 83.011986
80.06039 74.011734 122.99857
80.55866 38.00945 151.99931
81.12818 10.016903 156.02444
81.91437 4.011394 104.00519
83.35369 3.9932683 42.98712
86.91618 33.994633 12.02367
88.25013 70.009186 31.985643
89.04194 85.98872 58.99702
89.755135 93.99408 84.00177
90.26486 71.9947 121.00554
90.70295 45.010696 152.99197
91.268524 18.995361 170.9983
91.85599 6.0081234 127.00399
93.051476 3.996981 52.983112
95.526596 17.000134 26.015482
96.94754 65.98996 22.99787
97.95905 92.9929 40.00253
98.569916 100.99964 64.99149
99.12555 82.994736 100.01456
99.60917 44.989185 133.00493
100.118095 12.988596 150.9952
100.88935 0.9905577 96.0078
102.73572 8.00147 24.00502
104.82966 55.01685 22.00749
105.81021 81.00927 44.0047
106.580894 76.99577 71.998436
107.21117 76.012596 103.0039
107.832695 56.9903 125.01413
108.38406 32.00759 141.00348
