time rna_M monomer_betaGal protein_betaGal Lactose_external Lactose_internal Glucose_external Glucose_internal protein_Lactose_Permease dna_Lac_Operon Biomass Lactose_consumed
0.0 0.0 0.0 0.0 120440000.0 0.0 60220000.0 0.0 0.0 2.0 1000.0 0.0
100.0 0.0 0.0 0.0 120440000.0 0.0 30125910.0 30094090.0 0.0 2.0 1000.0 0.0
200.0 0.0 0.0 0.0 120440000.0 0.0 77968.0 60142032.0 0.0 2.0 1000.0 0.0
300.0 0.0 0.0 0.0 120440000.0 0.0 0.0 60220000.0 0.0 2.0 1000.0 0.0
400.0 0.0 0.0 0.0 120440000.0 0.0 0.0 60220000.0 0.0 2.0 1000.0 0.0
500.0 0.0 0.0 0.0 120440000.0 0.0 0.0 60220000.0 0.0 2.0 1000.0 0.0
600.0 0.0 0.0 0.0 120440000.0 0.0 0.0 60220000.0 0.0 2.0 1000.0 0.0
700.0 0.0 0.0 0.0 120440000.0 0.0 0.0 60220000.0 0.0 2.0 1000.0 0.0
800.0 0.0 0.0 0.0 120440000.0 0.0 0.0 60220000.0 0.0 2.0 1000.0 0.0
900.0 0.0 0.0 0.0 120440000.0 0.0 0.0 60220000.0 0.0 2.0 1000.0 0.0
1000.0 0.0 0.0 0.0 120440000.0 0.0 0.0 60220000.0 0.0 2.0 1000.0 0.0
1100.0 0.0 0.0 0.0 120440000.0 0.0 0.0 60220000.0 0.0 2.0 1000.0 0.0
1200.0 0.0 0.0 0.0 120440000.0 0.0 0.0 60220000.0 0.0 2.0 1000.0 0.0
1300.0 0.0 0.0 0.0 120440000.0 0.0 0.0 60220000.0 0.0 2.0 1000.0 0.0
1400.0 0.0 0.0 0.0 120440000.0 0.0 0.0 60220000.0 0.0 2.0 1000.0 0.0
1500.0 0.0 0.0 0.0 120440000.0 0.0 0.0 60220000.0 0.0 2.0 1000.0 0.0
1600.0 0.0 0.0 0.0 120440000.0 0.0 0.0 60220000.0 0.0 2.0 1000.0 0.0
1700.0 0.0 0.0 0.0 120440000.0 0.0 0.0 60220000.0 0.0 2.0 1000.0 0.0
1800.0 0.0 0.0 0.0 120440000.0 0.0 0.0 60220000.0 0.0 2.0 1000.0 0.0
1900.0 0.0 0.0 0.0 120440000.0 0.0 0.0 60220000.0 0.0 2.0 1000.0 0.0
2000.0 0.0 0.0 0.0 120440000.0 0.0 0.0 60220000.0 0.0 2.0 1000.0 0.0
2100.0 0.0 0.0 0.0 120440000.0 0.0 0.0 60220000.0 0.0 2.0 1000.0 0.0
2200.0 0.0 0.0 0.0 120440000.0 0.0 0.0 60220000.0 0.0 2.0 1000.0 0.0
2300.0 0.0 0.0 0.0 120440000.0 0.0 0.0 60220000.0 0.0 2.0 1000.0 0.0
2400.0 0.0 0.0 0.0 120440000.0 0.0 0.0 60220000.0 0.0 2.0 1000.0 0.0
2500.0 0.0 0.0 0.0 120440000.0 0.0 0.0 60220000.0 0.0 2.0 1000.0 0.0
2600.0 0.0 0.0 0.0 120440000.0 0.0 0.0 60220000.0 0.0 2.0 1000.0 0.0
2700.0 0.0 0.0 0.0 120440000.0 0.0 0.0 60220000.0 0.0 2.0 1000.0 0.0
2800.0 0.0 0.0 0.0 120440000.0 0.0 0.0 60220000.0 0.0 2.0 1000.0 0.0
2900.0 0.0 0.0 0.0 120440000.0 0.0 0.0 60220000.0 0.0 2.0 1000.0 0.0
3000.0 0.0 0.0 0.0 120440000.0 0.0 0.0 60220000.0 0.0 2.0 1000.0 0.0
3100.0 0.0 0.0 0.0 120440000.0 0.0 0.0 60220000.0 0.0 2.0 1000.0 0.0
3200.0 0.0 0.0 0.0 120440000.0 0.0 0.0 60220000.0 0.0 2.0 1000.0 0.0
3300.0 0.0 0.0 0.0 120440000.0 0.0 0.0 60220000.0 0.0 2.0 1000.0 0.0
3400.0 0.0 0.0 0.0 120440000.0 0.0 0.0 60220000.0 0.0 2.0 1000.0 0.0
3500.0 0.0 0.0 0.0 120440000.0 0.0 0.0 60220000.0 0.0 2.0 1000.0 0.0
3600.0 0.0 0.0 0.0 120440000.0 0.0 0.0 60220000.0 0.0 2.0 1000.0 0.0
3700.0 0.0 0.0 0.0 120440000.0 0.0 0.0 60220000.0 0.0 2.0 1000.0 0.0
3800.0 0.0 0.0 0.0 120440000.0 0.0 0.0 60220000.0 0.0 2.0 1000.0 0.0
3900.0 0.0 0.0 0.0 120440000.0 0.0 0.0 60220000.0 0.0 2.0 1000.0 0.0
4000.0 0.0 0.0 0.0 120440000.0 0.0 0.0 60220000.0 0.0 2.0 1000.0 0.0
4100.0 0.0 0.0 0.0 120440000.0 0.0 0.0 60220000.0 0.0 2.0 1000.0 0.0
4200.0 0.0 0.0 0.0 120440000.0 0.0 0.0 60220000.0 0.0 2.0 1000.0 0.0
4300.0 0.0 0.0 0.0 120440000.0 0.0 0.0 60220000.0 0.0 2.0 1000.0 0.0
4400.0 0.0 0.0 0.0 120440000.0 0.0 0.0 60220000.0 0.0 2.0 1000.0 0.0
4500.0 0.0 0.0 0.0 120440000.0 0.0 0.0 60220000.0 0.0 2.0 1000.0 0.0
4600.0 0.0 0.0 0.0 120440000.0 0.0 0.0 60220000.0 0.0 2.0 1000.0 0.0
4700.0 0.0 0.0 0.0 120440000.0 0.0 0.0 60220000.0 0.0 2.0 1000.0 0.0
4800.0 0.0 0.0 0.0 120440000.0 0.0 0.0 60220000.0 0.0 2.0 1000.0 0.0
4900.0 0.0 0.0 0.0 120440000.0 0.0 0.0 60220000.0 0.0 2.0 1000.0 0.0
5000.0 0.0 0.0 0.0 120440000.0 0.0 0.0 60220000.0 0.0 2.0 1000.0 0.0
5100.0 0.0 0.0 0.0 120440000.0 0.0 0.0 60220000.0 0.0 2.0 1000.0 0.0
5200.0 0.0 0.0 0.0 120440000.0 0.0 0.0 60220000.0 0.0 2.0 1000.0 0.0
5300.0 0.0 0.0 0.0 120440000.0 0.0 0.0 60220000.0 0.0 2.0 1000.0 0.0
5400.0 0.0 0.0 0.0 120440000.0 0.0 0.0 60220000.0 0.0 2.0 1000.0 0.0
5500.0 0.0 0.0 0.0 120440000.0 0.0 0.0 60220000.0 0.0 2.0 1000.0 0.0
5600.0 0.0 0.0 0.0 120440000.0 0.0 0.0 60220000.0 0.0 2.0 1000.0 0.0
5700.0 0.0 0.0 0.0 120440000.0 0.0 0.0 60220000.0 0.0 2.0 1000.0 0.0
5800.0 0.0 0.0 0.0 120440000.0 0.0 0.0 60220000.0 0.0 2.0 1000.0 0.0
5900.0 0.0 0.0 0.0 120440000.0 0.0 0.0 60220000.0 0.0 2.0 1000.0 0.0
6000.0 0.0 0.0 0.0 120440000.0 0.0 0.0 60220000.0 0.0 2.0 1000.0 0.0
6100.0 0.0 0.0 0.0 120440000.0 0.0 0.0 60220000.0 0.0 2.0 1000.0 0.0
6200.0 0.0 0.0 0.0 120440000.0 0.0 0.0 60220000.0 0.0 2.0 1000.0 0.0
6300.0 0.0 0.0 0.0 120440000.0 0.0 0.0 60220000.0 0.0 2.0 1000.0 0.0
6400.0 0.0 0.0 0.0 120440000.0 0.0 0.0 60220000.0 0.0 2.0 1000.0 0.0
6500.0 0.0 0.0 0.0 120440000.0 0.0 0.0 60220000.0 0.0 2.0 1000.0 0.0
6600.0 0.0 0.0 0.0 120440000.0 0.0 0.0 60220000.0 0.0 2.0 1000.0 0.0
6700.0 0.0 0.0 0.0 120440000.0 0.0 0.0 60220000.0 0.0 2.0 1000.0 0.0
6800.0 0.0 0.0 0.0 120440000.0 0.0 0.0 60220000.0 0.0 2.0 1000.0 0.0
6900.0 0.0 0.0 0.0 120440000.0 0.0 0.0 60220000.0 0.0 2.0 1000.0 0.0
7000.0 0.0 0.0 0.0 120440000.0 0.0 0.0 60220000.0 0.0 2.0 1000.0 0.0
7100.0 0.0 0.0 0.0 120440000.0 0.0 0.0 60220000.0 0.0 2.0 1000.0 0.0
7200.0 0.0 0.0 0.0 120440000.0 0.0 0.0 60220000.0 0.0 2.0 1000.0 0.0
7300.0 0.0 0.0 0.0 120440000.0 0.0 0.0 60220000.0 0.0 2.0 1000.0 0.0
7400.0 0.0 0.0 0.0 120440000.0 0.0 0.0 60220000.0 0.0 2.0 1000.0 0.0
7500.0 0.0 0.0 0.0 120440000.0 0.0 0.0 60220000.0 0.0 2.0 1000.0 0.0
7600.0 0.0 0.0 0.0 120440000.0 0.0 0.0 60220000.0 0.0 2.0 1000.0 0.0
7700.0 0.0 0.0 0.0 120440000.0 0.0 0.0 60220000.0 0.0 2.0 1000.0 0.0
7800.0 0.0 0.0 0.0 120440000.0 0.0 0.0 60220000.0 0.0 2.0 1000.0 0.0
7900.0 0.0 0.0 0.0 120440000.0 0.0 0.0 60220000.0 0.0 2.0 1000.0 0.0
8000.0 0.0 0.0 0.0 120440000.0 0.0 0.0 60220000.0 0.0 2.0 1000.0 0.0
8100.0 0.0 0.0 0.0 120440000.0 0.0 0.0 60220000.0 0.0 2.0 1000.0 0.0
8200.0 0.0 0.0 0.0 120440000.0 0.0 0.0 60220000.0 0.0 2.0 1000.0 0.0
8300.0 0.0 0.0 0.0 120440000.0 0.0 0.0 60220000.0 0.0 2.0 1000.0 0.0
8400.0 0.0 0.0 0.0 120440000.0 0.0 0.0 60220000.0 0.0 2.0 1000.0 0.0
8500.0 0.0 0.0 0.0 120440000.0 0.0 0.0 60220000.0 0.0 2.0 1000.0 0.0
8600.0 0.0 0.0 0.0 120440000.0 0.0 0.0 60220000.0 0.0 2.0 1000.0 0.0
8700.0 0.0 0.0 0.0 120440000.0 0.0 0.0 60220000.0 0.0 2.0 1000.0 0.0
8800.0 0.0 0.0 0.0 120440000.0 0.0 0.0 60220000.0 0.0 2.0 1000.0 0.0
8900.0 0.0 0.0 0.0 120440000.0 0.0 0.0 60220000.0 0.0 2.0 1000.0 0.0
9000.0 0.0 0.0 0.0 120440000.0 0.0 0.0 60220000.0 0.0 2.0 1000.0 0.0
9100.0 0.0 0.0 0.0 120440000.0 0.0 0.0 60220000.0 0.0 2.0 1000.0 0.0
9200.0 0.0 0.0 0.0 120440000.0 0.0 0.0 60220000.0 0.0 2.0 1000.0 0.0
9300.0 0.0 0.0 0.0 120440000.0 0.0 0.0 60220000.0 0.0 2.0 1000.0 0.0
9400.0 0.0 0.0 0.0 120440000.0 0.0 0.0 60220000.0 0.0 2.0 1000.0 0.0
9500.0 0.0 0.0 0.0 120440000.0 0.0 0.0 60220000.0 0.0 2.0 1000.0 0.0
9600.0 1.0 3.0 0.0 120436923.0 3077.0 0.0 60220000.0 8.0 2.0 1000.0 0.0
9700.0 1.0 1.0 4.0 120356385.0 62940.0 0.0 60220000.0 36.0 2.0 1000.0 20675.0
9800.0 0.0 0.0 8.0 120172180.0 140266.0 0.0 60220000.0 58.0 2.0 1000.0 127554.0
9900.0 0.0 0.0 8.0 119970011.0 184289.0 0.0 60220000.0 56.0 2.0 1000.0 285700.0
10000.0 0.0 0.0 8.0 119773020.0 212444.0 0.0 60220000.0 55.0 2.0 1000.0 454536.0
10100.0 0.0 0.0 8.0 119576854.0 234779.0 0.0 60220000.0 54.0 2.0 1000.0 628367.0
10200.0 0.0 0.0 8.0 119384458.0 249009.0 0.0 60220000.0 53.0 2.0 1000.0 806533.0
10300.0 0.0 0.0 8.0 119194999.0 258220.0 0.0 60220000.0 53.0 2.0 1000.0 986781.0
10400.0 0.0 0.0 8.0 119008829.0 263550.0 0.0 60220000.0 52.0 2.0 1000.0 1167621.0
10500.0 0.0 0.0 8.0 118828097.0 261967.0 0.0 60220000.0 50.0 2.0 1000.0 1349936.0
10600.0 0.0 0.0 8.0 118649444.0 259496.0 0.0 60220000.0 50.0 2.0 1000.0 1531060.0
10700.0 0.0 0.0 8.0 118470860.0 257352.0 0.0 60220000.0 50.0 2.0 1000.0 1711788.0
10800.0 0.0 0.0 8.0 118293169.0 254766.0 0.0 60220000.0 48.0 2.0 1000.0 1892065.0
10900.0 0.0 0.0 8.0 118123889.0 244902.0 0.0 60220000.0 46.0 2.0 1000.0 2071209.0
11000.0 0.0 0.0 8.0 117961291.0 230174.0 0.0 60220000.0 44.0 2.0 1000.0 2248535.0
11100.0 0.0 0.0 7.0 117806591.0 217630.0 0.0 60220000.0 43.0 2.0 1000.0 2415779.0
11200.0 0.0 0.0 7.0 117653233.0 219478.0 0.0 60220000.0 42.0 2.0 1000.0 2567289.0
11300.0 0.0 0.0 7.0 117502903.0 218649.0 0.0 60220000.0 42.0 2.0 1000.0 2718448.0
11400.0 0.0 0.0 7.0 117354963.0 215025.0 0.0 60220000.0 41.0 2.0 1000.0 2870012.0
11500.0 0.0 0.0 7.0 117211542.0 208424.0 0.0 60220000.0 40.0 2.0 1000.0 3020034.0
11600.0 0.0 0.0 7.0 117068491.0 202784.0 0.0 60220000.0 40.0 2.0 1000.0 3168725.0
11700.0 0.0 0.0 7.0 116928889.0 194959.0 0.0 60220000.0 39.0 2.0 1000.0 3316152.0
11800.0 0.0 0.0 7.0 116789666.0 189070.0 0.0 60220000.0 39.0 2.0 1000.0 3461264.0
11900.0 0.0 0.0 7.0 116655267.0 179638.0 0.0 60220000.0 37.0 2.0 1000.0 3605095.0
12000.0 0.0 0.0 7.0 116523832.0 169458.0 0.0 60220000.0 36.0 2.0 1000.0 3746710.0
12100.0 0.0 0.0 7.0 116398310.0 156338.0 0.0 60220000.0 35.0 2.0 1000.0 3885352.0
12200.0 0.0 0.0 7.0 116274325.0 145112.0 0.0 60220000.0 34.0 2.0 1000.0 4020563.0
12300.0 0.0 0.0 7.0 116155749.0 132868.0 0.0 60220000.0 32.0 2.0 1000.0 4151383.0
12400.0 0.0 0.0 7.0 116041470.0 120414.0 0.0 60220000.0 32.0 2.0 1000.0 4278116.0
12500.0 0.0 0.0 6.0 115927338.0 126004.0 0.0 60220000.0 31.0 2.0 1000.0 4386658.0
12600.0 0.0 0.0 6.0 115816643.0 127938.0 0.0 60220000.0 31.0 2.0 1000.0 4495419.0
12700.0 0.0 0.0 6.0 115705915.0 130016.0 0.0 60220000.0 31.0 2.0 1000.0 4604069.0
12800.0 0.0 0.0 6.0 115594895.0 131429.0 0.0 60220000.0 31.0 2.0 1000.0 4713676.0
12900.0 0.0 0.0 6.0 115487849.0 129063.0 0.0 60220000.0 30.0 2.0 1000.0 4823088.0
13000.0 0.0 0.0 6.0 115382855.0 125553.0 0.0 60220000.0 29.0 2.0 1000.0 4931592.0
13100.0 0.0 0.0 6.0 115279298.0 122007.0 0.0 60220000.0 28.0 2.0 1000.0 5038695.0
13200.0 0.0 0.0 6.0 115181099.0 114863.0 0.0 60220000.0 26.0 2.0 1000.0 5144038.0
13300.0 0.0 0.0 6.0 115089988.0 104085.0 0.0 60220000.0 25.0 2.0 1000.0 5245927.0
13400.0 0.0 0.0 6.0 115001042.0 95152.0 0.0 60220000.0 25.0 2.0 1000.0 5343806.0
13500.0 0.0 0.0 6.0 114911592.0 89992.0 0.0 60220000.0 25.0 2.0 1000.0 5438416.0
13600.0 0.0 0.0 6.0 114822409.0 87029.0 0.0 60220000.0 25.0 2.0 1000.0 5530562.0
13700.0 0.0 0.0 6.0 114736055.0 82909.0 0.0 60220000.0 24.0 2.0 1000.0 5621036.0
13800.0 0.0 0.0 6.0 114652849.0 78089.0 0.0 60220000.0 23.0 2.0 1000.0 5709062.0
13900.0 0.0 0.0 6.0 114570369.0 75010.0 0.0 60220000.0 23.0 2.0 1000.0 5794621.0
14000.0 0.0 0.0 6.0 114489032.0 72337.0 0.0 60220000.0 22.0 2.0 1000.0 5878631.0
14100.0 0.0 0.0 6.0 114410238.0 69141.0 0.0 60220000.0 22.0 2.0 1000.0 5960621.0
14200.0 0.0 0.0 6.0 114331158.0 67794.0 0.0 60220000.0 22.0 2.0 1000.0 6041048.0
14300.0 0.0 0.0 5.0 114252623.0 68476.0 0.0 60220000.0 22.0 2.0 1000.0 6118901.0
14400.0 0.0 0.0 5.0 114175523.0 76072.0 0.0 60220000.0 21.0 2.0 1000.0 6188405.0
14500.0 0.0 0.0 4.0 114103440.0 86425.0 0.0 60220000.0 20.0 2.0 1000.0 6250135.0
14600.0 0.0 0.0 4.0 114031980.0 95767.0 0.0 60220000.0 20.0 2.0 1000.0 6312253.0
14700.0 0.0 0.0 4.0 113960854.0 101830.0 0.0 60220000.0 20.0 2.0 1000.0 6377316.0
14800.0 0.0 0.0 4.0 113890145.0 105989.0 0.0 60220000.0 19.0 2.0 1000.0 6443866.0
14900.0 0.0 0.0 4.0 113823690.0 105661.0 0.0 60220000.0 18.0 2.0 1000.0 6510649.0
15000.0 0.0 0.0 3.0 113760872.0 111659.0 0.0 60220000.0 17.0 2.0 1000.0 6567469.0
15100.0 0.0 0.0 3.0 113702161.0 118388.0 0.0 60220000.0 16.0 2.0 1000.0 6619451.0
15200.0 0.0 0.0 3.0 113645110.0 122678.0 0.0 60220000.0 16.0 2.0 1000.0 6672212.0
15300.0 0.0 0.0 3.0 113590629.0 124121.0 0.0 60220000.0 15.0 2.0 1000.0 6725250.0
15400.0 0.0 0.0 3.0 113536860.0 124075.0 0.0 60220000.0 15.0 2.0 1000.0 6779065.0
15500.0 0.0 0.0 3.0 113485477.0 121918.0 0.0 60220000.0 14.0 2.0 1000.0 6832605.0
15600.0 0.0 0.0 2.0 113435337.0 122671.0 0.0 60220000.0 14.0 2.0 1000.0 6881992.0
15700.0 0.0 0.0 2.0 113385415.0 136434.0 0.0 60220000.0 14.0 2.0 1000.0 6918151.0
15800.0 0.0 0.0 2.0 113335606.0 148483.0 0.0 60220000.0 14.0 2.0 1000.0 6955911.0
15900.0 0.0 0.0 2.0 113285668.0 159413.0 0.0 60220000.0 14.0 2.0 1000.0 6994919.0
16000.0 0.0 0.0 1.0 113236044.0 175783.0 0.0 60220000.0 14.0 2.0 1000.0 7028173.0
16100.0 0.0 0.0 1.0 113185949.0 205025.0 0.0 60220000.0 14.0 2.0 1000.0 7049026.0
16200.0 0.0 0.0 1.0 113136397.0 232723.0 0.0 60220000.0 14.0 2.0 1000.0 7070880.0
16300.0 0.0 0.0 1.0 113086437.0 260257.0 0.0 60220000.0 14.0 2.0 1000.0 7093306.0
16400.0 0.0 0.0 1.0 113036480.0 287073.0 0.0 60220000.0 14.0 2.0 1000.0 7116447.0
16500.0 0.0 0.0 1.0 112986774.0 313471.0 0.0 60220000.0 14.0 2.0 1000.0 7139755.0
16600.0 0.0 0.0 1.0 112937370.0 339015.0 0.0 60220000.0 14.0 2.0 1000.0 7163615.0
16700.0 0.0 0.0 1.0 112887359.0 364832.0 0.0 60220000.0 14.0 2.0 1000.0 7187809.0
16800.0 0.0 0.0 1.0 112837548.0 390041.0 0.0 60220000.0 14.0 2.0 1000.0 7212411.0
16900.0 0.0 0.0 1.0 112787531.0 415124.0 0.0 60220000.0 14.0 2.0 1000.0 7237345.0
17000.0 0.0 0.0 1.0 112739954.0 437628.0 0.0 60220000.0 12.0 2.0 1000.0 7262418.0
17100.0 0.0 0.0 1.0 112697198.0 455208.0 0.0 60220000.0 12.0 2.0 1000.0 7287594.0
17200.0 0.0 0.0 1.0 112654492.0 472449.0 0.0 60220000.0 12.0 2.0 1000.0 7313059.0
17300.0 0.0 0.0 1.0 112611787.0 489334.0 0.0 60220000.0 12.0 2.0 1000.0 7338879.0
17400.0 1.0 3.0 4.0 112515889.0 529682.0 0.0 60220000.0 42.0 2.0 1000.0 7394429.0
17500.0 1.0 2.0 7.0 112297161.0 590001.0 0.0 60220000.0 77.0 2.0 1000.0 7552838.0
17600.0 1.0 1.0 12.0 111983260.0 652757.0 0.0 60220000.0 100.0 2.0 1000.0 7803983.0
17700.0 0.0 0.0 13.0 111601910.0 691201.0 0.0 60220000.0 108.0 2.0 1000.0 8146889.0
17800.0 0.0 0.0 13.0 111224045.0 720056.0 0.0 60220000.0 105.0 2.0 1000.0 8495899.0
17900.0 0.0 0.0 13.0 110857836.0 736927.0 0.0 60220000.0 102.0 2.0 1000.0 8845237.0
18000.0 0.0 0.0 12.0 110501726.0 763361.0 0.0 60220000.0 97.0 2.0 1000.0 9174913.0
18100.0 0.0 0.0 12.0 110156572.0 783194.0 0.0 60220000.0 96.0 2.0 1000.0 9500234.0
18200.0 0.0 0.0 12.0 109820771.0 793462.0 0.0 60220000.0 93.0 2.0 1000.0 9825767.0
18300.0 0.0 0.0 12.0 109488605.0 799872.0 0.0 60220000.0 93.0 2.0 1000.0 10151523.0
18400.0 0.0 0.0 12.0 109161715.0 801607.0 0.0 60220000.0 91.0 2.0 1000.0 10476678.0
18500.0 0.0 0.0 12.0 108840223.0 797169.0 0.0 60220000.0 88.0 2.0 1000.0 10802608.0
18600.0 0.0 0.0 12.0 108529426.0 782625.0 0.0 60220000.0 87.0 2.0 1000.0 11127949.0
18700.0 0.0 0.0 12.0 108218096.0 769192.0 0.0 60220000.0 87.0 2.0 1000.0 11452712.0
18800.0 0.0 0.0 12.0 107907133.0 755810.0 0.0 60220000.0 87.0 2.0 1000.0 11777057.0
18900.0 0.0 0.0 12.0 107596922.0 743166.0 0.0 60220000.0 87.0 2.0 1000.0 12099912.0
19000.0 0.0 0.0 12.0 107289486.0 727613.0 0.0 60220000.0 86.0 2.0 1000.0 12422901.0
19100.0 0.0 0.0 12.0 106982706.0 711983.0 0.0 60220000.0 86.0 2.0 1000.0 12745311.0
19200.0 0.0 0.0 12.0 106678410.0 694967.0 0.0 60220000.0 85.0 2.0 1000.0 13066623.0
19300.0 0.0 0.0 12.0 106378467.0 674514.0 0.0 60220000.0 83.0 2.0 1000.0 13387019.0
19400.0 0.0 0.0 12.0 106084993.0 647615.0 0.0 60220000.0 82.0 2.0 1000.0 13707392.0
19500.0 0.0 0.0 12.0 105799096.0 615395.0 0.0 60220000.0 77.0 2.0 1000.0 14025509.0
19600.0 0.0 0.0 12.0 105526598.0 573134.0 0.0 60220000.0 76.0 2.0 1000.0 14340268.0
19700.0 0.0 0.0 12.0 105257604.0 530245.0 0.0 60220000.0 75.0 2.0 1000.0 14652151.0
19800.0 0.0 0.0 12.0 104990645.0 489897.0 0.0 60220000.0 75.0 2.0 1000.0 14959458.0
19900.0 0.0 0.0 12.0 104725808.0 449599.0 0.0 60220000.0 73.0 2.0 1000.0 15264593.0
