time rna_M monomer_betaGal protein_betaGal Lactose_external Lactose_internal Glucose_external Glucose_internal protein_Lactose_Permease dna_Lac_Operon Biomass Lactose_consumed
0.0 0.0 0.0 0.0 120440000.0 0.0 60220000.0 0.0 0.0 2.0 1000.0 0.0
100.0 0.0 0.0 0.0 120440000.0 0.0 30124807.0 30095193.0 0.0 2.0 1000.0 0.0
200.0 0.0 0.0 0.0 120440000.0 0.0 74109.0 60145891.0 0.0 2.0 1000.0 0.0
300.0 0.0 0.0 0.0 120440000.0 0.0 0.0 60220000.0 0.0 2.0 1000.0 0.0
400.0 0.0 0.0 0.0 120440000.0 0.0 0.0 60220000.0 0.0 2.0 1000.0 0.0
500.0 0.0 0.0 0.0 120440000.0 0.0 0.0 60220000.0 0.0 2.0 1000.0 0.0
600.0 0.0 0.0 0.0 120440000.0 0.0 0.0 60220000.0 0.0 2.0 1000.0 0.0
700.0 0.0 0.0 0.0 120440000.0 0.0 0.0 60220000.0 0.0 2.0 1000.0 0.0
800.0 0.0 0.0 0.0 120440000.0 0.0 0.0 60220000.0 0.0 2.0 1000.0 0.0
900.0 0.0 0.0 0.0 120440000.0 0.0 0.0 60220000.0 0.0 2.0 1000.0 0.0
1000.0 0.0 0.0 0.0 120440000.0 0.0 0.0 60220000.0 0.0 2.0 1000.0 0.0
1100.0 0.0 0.0 0.0 120440000.0 0.0 0.0 60220000.0 0.0 2.0 1000.0 0.0
1200.0 0.0 0.0 0.0 120440000.0 0.0 0.0 60220000.0 0.0 2.0 1000.0 0.0
1300.0 0.0 0.0 0.0 120440000.0 0.0 0.0 60220000.0 0.0 2.0 1000.0 0.0
1400.0 0.0 0.0 0.0 120440000.0 0.0 0.0 60220000.0 0.0 2.0 1000.0 0.0
1500.0 0.0 0.0 0.0 120440000.0 0.0 0.0 60220000.0 0.0 2.0 1000.0 0.0
1600.0 0.0 0.0 0.0 120440000.0 0.0 0.0 60220000.0 0.0 2.0 1000.0 0.0
1700.0 0.0 0.0 0.0 120440000.0 0.0 0.0 60220000.0 0.0 2.0 1000.0 0.0
1800.0 0.0 0.0 0.0 120440000.0 0.0 0.0 60220000.0 0.0 2.0 1000.0 0.0
1900.0 0.0 0.0 0.0 120440000.0 0.0 0.0 60220000.0 0.0 2.0 1000.0 0.0
2000.0 0.0 0.0 0.0 120440000.0 0.0 0.0 60220000.0 0.0 2.0 1000.0 0.0
2100.0 0.0 0.0 0.0 120440000.0 0.0 0.0 60220000.0 0.0 2.0 1000.0 0.0
2200.0 0.0 0.0 0.0 120440000.0 0.0 0.0 60220000.0 0.0 2.0 1000.0 0.0
2300.0 0.0 0.0 0.0 120440000.0 0.0 0.0 60220000.0 0.0 2.0 1000.0 0.0
2400.0 0.0 0.0 0.0 120440000.0 0.0 0.0 60220000.0 0.0 2.0 1000.0 0.0
2500.0 0.0 0.0 0.0 120440000.0 0.0 0.0 60220000.0 0.0 2.0 1000.0 0.0
2600.0 0.0 0.0 0.0 120440000.0 0.0 0.0 60220000.0 0.0 2.0 1000.0 0.0
2700.0 0.0 0.0 0.0 120440000.0 0.0 0.0 60220000.0 0.0 2.0 1000.0 0.0
2800.0 0.0 0.0 0.0 120440000.0 0.0 0.0 60220000.0 0.0 2.0 1000.0 0.0
2900.0 0.0 0.0 0.0 120440000.0 0.0 0.0 60220000.0 0.0 2.0 1000.0 0.0
3000.0 0.0 0.0 0.0 120440000.0 0.0 0.0 60220000.0 0.0 2.0 1000.0 0.0
3100.0 0.0 0.0 0.0 120440000.0 0.0 0.0 60220000.0 0.0 2.0 1000.0 0.0
3200.0 0.0 0.0 0.0 120440000.0 0.0 0.0 60220000.0 0.0 2.0 1000.0 0.0
3300.0 0.0 0.0 0.0 120440000.0 0.0 0.0 60220000.0 0.0 2.0 1000.0 0.0
3400.0 0.0 0.0 0.0 120440000.0 0.0 0.0 60220000.0 0.0 2.0 1000.0 0.0
3500.0 0.0 0.0 0.0 120440000.0 0.0 0.0 60220000.0 0.0 2.0 1000.0 0.0
3600.0 0.0 0.0 0.0 120440000.0 0.0 0.0 60220000.0 0.0 2.0 1000.0 0.0
3700.0 0.0 0.0 0.0 120440000.0 0.0 0.0 60220000.0 0.0 2.0 1000.0 0.0
3800.0 0.0 0.0 0.0 120440000.0 0.0 0.0 60220000.0 0.0 2.0 1000.0 0.0
3900.0 0.0 0.0 0.0 120440000.0 0.0 0.0 60220000.0 0.0 2.0 1000.0 0.0
4000.0 0.0 0.0 0.0 120440000.0 0.0 0.0 60220000.0 0.0 2.0 1000.0 0.0
4100.0 0.0 0.0 0.0 120440000.0 0.0 0.0 60220000.0 0.0 2.0 1000.0 0.0
4200.0 0.0 0.0 0.0 120440000.0 0.0 0.0 60220000.0 0.0 2.0 1000.0 0.0
4300.0 0.0 0.0 0.0 120440000.0 0.0 0.0 60220000.0 0.0 2.0 1000.0 0.0
4400.0 0.0 0.0 0.0 120440000.0 0.0 0.0 60220000.0 0.0 2.0 1000.0 0.0
4500.0 0.0 0.0 0.0 120440000.0 0.0 0.0 60220000.0 0.0 2.0 1000.0 0.0
4600.0 0.0 0.0 0.0 120440000.0 0.0 0.0 60220000.0 0.0 2.0 1000.0 0.0
4700.0 0.0 0.0 0.0 120440000.0 0.0 0.0 60220000.0 0.0 2.0 1000.0 0.0
4800.0 0.0 0.0 0.0 120440000.0 0.0 0.0 60220000.0 0.0 2.0 1000.0 0.0
4900.0 0.0 0.0 0.0 120440000.0 0.0 0.0 60220000.0 0.0 2.0 1000.0 0.0
5000.0 0.0 0.0 0.0 120440000.0 0.0 0.0 60220000.0 0.0 2.0 1000.0 0.0
5100.0 0.0 0.0 0.0 120440000.0 0.0 0.0 60220000.0 0.0 2.0 1000.0 0.0
5200.0 0.0 0.0 0.0 120440000.0 0.0 0.0 60220000.0 0.0 2.0 1000.0 0.0
5300.0 0.0 0.0 0.0 120440000.0 0.0 0.0 60220000.0 0.0 2.0 1000.0 0.0
5400.0 0.0 0.0 0.0 120440000.0 0.0 0.0 60220000.0 0.0 2.0 1000.0 0.0
5500.0 1.0 0.0 2.0 120434217.0 5489.0 0.0 60220000.0 8.0 2.0 1000.0 294.0
5600.0 1.0 0.0 4.0 120354652.0 62314.0 0.0 60220000.0 35.0 2.0 1000.0 23034.0
5700.0 1.0 3.0 7.0 120162501.0 161285.0 0.0 60220000.0 69.0 2.0 1000.0 116214.0
5800.0 0.0 3.0 7.0 119918120.0 256191.0 0.0 60220000.0 67.0 2.0 1000.0 265689.0
5900.0 0.0 3.0 7.0 119679052.0 332172.0 0.0 60220000.0 67.0 2.0 1000.0 428776.0
6000.0 0.0 3.0 7.0 119440421.0 400615.0 0.0 60220000.0 67.0 2.0 1000.0 598964.0
6100.0 0.0 3.0 7.0 119203732.0 461706.0 0.0 60220000.0 66.0 2.0 1000.0 774562.0
6200.0 0.0 3.0 7.0 118971235.0 514690.0 0.0 60220000.0 64.0 2.0 1000.0 954075.0
6300.0 0.0 3.0 7.0 118743495.0 561080.0 0.0 60220000.0 64.0 2.0 1000.0 1135425.0
6400.0 0.0 3.0 7.0 118516479.0 604393.0 0.0 60220000.0 63.0 2.0 1000.0 1319128.0
6500.0 0.0 3.0 7.0 118292222.0 643876.0 0.0 60220000.0 63.0 2.0 1000.0 1503902.0
6600.0 0.0 3.0 7.0 118067795.0 682137.0 0.0 60220000.0 62.0 2.0 1000.0 1690068.0
6700.0 0.0 3.0 7.0 117851579.0 711187.0 0.0 60220000.0 59.0 2.0 1000.0 1877234.0
6800.0 0.0 3.0 7.0 117644464.0 730508.0 0.0 60220000.0 56.0 2.0 1000.0 2065028.0
6900.0 0.0 3.0 6.0 117447726.0 755738.0 0.0 60220000.0 55.0 2.0 1000.0 2236536.0
7000.0 0.0 3.0 5.0 117253809.0 805146.0 0.0 60220000.0 54.0 2.0 1000.0 2381045.0
7100.0 0.0 3.0 5.0 117065482.0 857293.0 0.0 60220000.0 51.0 2.0 1000.0 2517225.0
7200.0 0.0 3.0 5.0 116888880.0 897413.0 0.0 60220000.0 49.0 2.0 1000.0 2653707.0
7300.0 0.0 3.0 5.0 116717836.0 931090.0 0.0 60220000.0 47.0 2.0 1000.0 2791074.0
7400.0 0.0 3.0 5.0 116550326.0 960560.0 0.0 60220000.0 47.0 2.0 1000.0 2929114.0
7500.0 0.0 3.0 5.0 116385368.0 987628.0 0.0 60220000.0 46.0 2.0 1000.0 3067004.0
7600.0 0.0 3.0 5.0 116221221.0 1013865.0 0.0 60220000.0 46.0 2.0 1000.0 3204914.0
7700.0 0.0 3.0 5.0 116060825.0 1036496.0 0.0 60220000.0 45.0 2.0 1000.0 3342679.0
7800.0 0.0 3.0 4.0 115902282.0 1059418.0 0.0 60220000.0 44.0 2.0 1000.0 3478300.0
7900.0 0.0 3.0 4.0 115745317.0 1104733.0 0.0 60220000.0 44.0 2.0 1000.0 3589950.0
8000.0 0.0 3.0 4.0 115589365.0 1149097.0 0.0 60220000.0 44.0 2.0 1000.0 3701538.0
8100.0 0.0 3.0 4.0 115436541.0 1189778.0 0.0 60220000.0 42.0 2.0 1000.0 3813681.0
8200.0 0.0 3.0 4.0 115287057.0 1226835.0 0.0 60220000.0 42.0 2.0 1000.0 3926108.0
8300.0 0.0 3.0 4.0 115137553.0 1263363.0 0.0 60220000.0 42.0 2.0 1000.0 4039084.0
8400.0 0.0 3.0 4.0 114992318.0 1296092.0 0.0 60220000.0 40.0 2.0 1000.0 4151590.0
8500.0 0.0 3.0 4.0 114850924.0 1324832.0 0.0 60220000.0 39.0 2.0 1000.0 4264244.0
8600.0 0.0 3.0 4.0 114714184.0 1348912.0 0.0 60220000.0 38.0 2.0 1000.0 4376904.0
8700.0 0.0 3.0 4.0 114582619.0 1367084.0 0.0 60220000.0 36.0 2.0 1000.0 4490297.0
8800.0 0.0 3.0 4.0 114454876.0 1381534.0 0.0 60220000.0 36.0 2.0 1000.0 4603590.0
8900.0 0.0 3.0 4.0 114326562.0 1396248.0 0.0 60220000.0 36.0 2.0 1000.0 4717190.0
9000.0 0.0 3.0 4.0 114198259.0 1410841.0 0.0 60220000.0 36.0 2.0 1000.0 4830900.0
9100.0 0.0 3.0 4.0 114070342.0 1425680.0 0.0 60220000.0 36.0 2.0 1000.0 4943978.0
9200.0 0.0 3.0 4.0 113942643.0 1439953.0 0.0 60220000.0 36.0 2.0 1000.0 5057404.0
9300.0 0.0 3.0 4.0 113816233.0 1452862.0 0.0 60220000.0 35.0 2.0 1000.0 5170905.0
9400.0 0.0 3.0 4.0 113692723.0 1463364.0 0.0 60220000.0 34.0 2.0 1000.0 5283913.0
9500.0 0.0 3.0 4.0 113572598.0 1469996.0 0.0 60220000.0 33.0 2.0 1000.0 5397406.0
9600.0 0.0 3.0 4.0 113455933.0 1473181.0 0.0 60220000.0 33.0 2.0 1000.0 5510886.0
9700.0 0.0 3.0 4.0 113339008.0 1476899.0 0.0 60220000.0 33.0 2.0 1000.0 5624093.0
9800.0 0.0 3.0 4.0 113223983.0 1478265.0 0.0 60220000.0 32.0 2.0 1000.0 5737752.0
9900.0 0.0 3.0 4.0 113109897.0 1478755.0 0.0 60220000.0 32.0 2.0 1000.0 5851348.0
10000.0 0.0 3.0 4.0 112996519.0 1478589.0 0.0 60220000.0 32.0 2.0 1000.0 5964892.0
10100.0 0.0 3.0 4.0 112888755.0 1472462.0 0.0 60220000.0 30.0 2.0 1000.0 6078783.0
10200.0 0.0 3.0 4.0 112783577.0 1463690.0 0.0 60220000.0 29.0 2.0 1000.0 6192733.0
10300.0 0.0 3.0 4.0 112680832.0 1452788.0 0.0 60220000.0 29.0 2.0 1000.0 6306380.0
10400.0 0.0 3.0 4.0 112584481.0 1435359.0 0.0 60220000.0 27.0 2.0 1000.0 6420160.0
10500.0 0.0 3.0 4.0 112488546.0 1418219.0 0.0 60220000.0 27.0 2.0 1000.0 6533235.0
10600.0 0.0 3.0 4.0 112393718.0 1399675.0 0.0 60220000.0 26.0 2.0 1000.0 6646607.0
10700.0 1.0 1.0 6.0 112286282.0 1379188.0 0.0 60220000.0 43.0 2.0 1000.0 6774530.0
10800.0 0.0 1.0 7.0 112098539.0 1373471.0 0.0 60220000.0 55.0 2.0 1000.0 6967990.0
10900.0 0.0 1.0 6.0 111907092.0 1381286.0 0.0 60220000.0 53.0 2.0 1000.0 7151622.0
11000.0 0.0 1.0 6.0 111721969.0 1396316.0 0.0 60220000.0 52.0 2.0 1000.0 7321715.0
11100.0 0.0 1.0 6.0 111539804.0 1409135.0 0.0 60220000.0 51.0 2.0 1000.0 7491061.0
11200.0 0.0 1.0 6.0 111359638.0 1419334.0 0.0 60220000.0 50.0 2.0 1000.0 7661028.0
11300.0 0.0 1.0 6.0 111181507.0 1427244.0 0.0 60220000.0 50.0 2.0 1000.0 7831249.0
11400.0 0.0 1.0 5.0 111003213.0 1455686.0 0.0 60220000.0 49.0 2.0 1000.0 7981101.0
11500.0 1.0 1.0 5.0 110829769.0 1486927.0 0.0 60220000.0 49.0 2.0 1000.0 8123304.0
11600.0 2.0 0.0 10.0 110587560.0 1543435.0 0.0 60220000.0 98.0 2.0 1000.0 8309005.0
11700.0 1.0 3.0 17.0 110159997.0 1563956.0 0.0 60220000.0 133.0 2.0 1000.0 8716047.0
11800.0 2.0 1.0 23.0 109646925.0 1518329.0 0.0 60220000.0 158.0 2.0 1000.0 9274746.0
11900.0 1.0 3.0 28.0 108935446.0 1478167.0 0.0 60220000.0 227.0 2.0 1000.0 10026387.0
12000.0 1.0 1.0 32.0 108097348.0 1446321.0 0.0 60220000.0 246.0 2.0 1000.0 10896331.0
12100.0 0.0 2.0 33.0 107163965.0 1449748.0 0.0 60220000.0 267.0 2.0 1000.0 11826287.0
12200.0 0.0 0.0 35.0 106188805.0 1457652.0 0.0 60220000.0 278.0 2.0 1000.0 12793543.0
12300.0 0.0 0.0 33.0 105206428.0 1463795.0 0.0 60220000.0 272.0 2.0 1000.0 13769777.0
12400.0 0.0 0.0 33.0 104249172.0 1484695.0 0.0 60220000.0 268.0 2.0 1000.0 14706133.0
12500.0 0.0 0.0 33.0 103296871.0 1499897.0 0.0 60220000.0 267.0 2.0 1000.0 15643232.0
12600.0 0.0 0.0 33.0 102353193.0 1506714.0 0.0 60220000.0 263.0 2.0 1000.0 16580093.0
12700.0 0.0 2.0 33.0 101407884.0 1516071.0 0.0 60220000.0 268.0 2.0 1000.0 17516045.0
12800.0 0.0 2.0 33.0 100458604.0 1527168.0 0.0 60220000.0 266.0 2.0 1000.0 18454228.0
12900.0 0.0 2.0 33.0 99519898.0 1528705.0 0.0 60220000.0 263.0 2.0 1000.0 19391397.0
13000.0 0.0 2.0 32.0 98598791.0 1538971.0 0.0 60220000.0 256.0 2.0 1000.0 20302238.0
13100.0 0.0 2.0 31.0 97693574.0 1539956.0 0.0 60220000.0 253.0 2.0 1000.0 21206470.0
13200.0 0.0 2.0 30.0 96816156.0 1548741.0 0.0 60220000.0 245.0 2.0 1000.0 22075103.0
13300.0 0.0 2.0 29.0 95953331.0 1585842.0 0.0 60220000.0 242.0 2.0 1000.0 22900827.0
13400.0 0.0 2.0 29.0 95095045.0 1618186.0 0.0 60220000.0 241.0 2.0 1000.0 23726769.0
13500.0 0.0 2.0 28.0 94243446.0 1643126.0 0.0 60220000.0 239.0 2.0 1000.0 24553428.0
13600.0 0.0 2.0 28.0 93400370.0 1687425.0 0.0 60220000.0 233.0 2.0 1000.0 25352205.0
13700.0 0.0 2.0 26.0 92584072.0 1733963.0 0.0 60220000.0 227.0 2.0 1000.0 26121965.0
13800.0 0.0 3.0 26.0 91786643.0 1787560.0 0.0 60220000.0 222.0 2.0 1000.0 26865797.0
13900.0 0.0 3.0 26.0 90999494.0 1830058.0 0.0 60220000.0 220.0 2.0 1000.0 27610448.0
14000.0 0.0 3.0 25.0 90231843.0 1877273.0 0.0 60220000.0 215.0 2.0 1000.0 28330884.0
14100.0 0.0 3.0 24.0 89473336.0 1937953.0 0.0 60220000.0 211.0 2.0 1000.0 29028711.0
14200.0 0.0 3.0 24.0 88726177.0 1994790.0 0.0 60220000.0 209.0 2.0 1000.0 29719033.0
14300.0 0.0 3.0 24.0 87994894.0 2035049.0 0.0 60220000.0 203.0 2.0 1000.0 30410057.0
14400.0 0.0 3.0 24.0 87277417.0 2059419.0 0.0 60220000.0 201.0 2.0 1000.0 31103164.0
14500.0 0.0 3.0 24.0 86567695.0 2077128.0 0.0 60220000.0 198.0 2.0 1000.0 31795177.0
14600.0 0.0 3.0 24.0 85867484.0 2084557.0 0.0 60220000.0 197.0 2.0 1000.0 32487959.0
14700.0 1.0 0.0 25.0 85166072.0 2107623.0 0.0 60220000.0 201.0 2.0 1000.0 33166305.0
14800.0 1.0 3.0 29.0 84411434.0 2085649.0 0.0 60220000.0 223.0 2.0 1000.0 33942917.0
14900.0 0.0 3.0 28.0 83600872.0 2047840.0 0.0 60220000.0 230.0 2.0 1000.0 34791288.0
15000.0 0.0 3.0 28.0 82788737.0 2051954.0 0.0 60220000.0 226.0 2.0 1000.0 35599309.0
15100.0 0.0 3.0 28.0 81994494.0 2039186.0 0.0 60220000.0 222.0 2.0 1000.0 36406320.0
15200.0 0.0 3.0 28.0 81214287.0 2013960.0 0.0 60220000.0 217.0 2.0 1000.0 37211753.0
15300.0 0.0 3.0 27.0 80452666.0 1998347.0 0.0 60220000.0 212.0 2.0 1000.0 37988987.0
15400.0 1.0 2.0 29.0 79704972.0 1954346.0 0.0 60220000.0 218.0 2.0 1000.0 38780682.0
15500.0 0.0 0.0 34.0 78878944.0 1873408.0 0.0 60220000.0 245.0 2.0 1000.0 39687648.0
15600.0 1.0 3.0 34.0 78006403.0 1770028.0 0.0 60220000.0 255.0 2.0 1000.0 40663569.0
15700.0 0.0 0.0 39.0 77054852.0 1651435.0 0.0 60220000.0 274.0 2.0 1000.0 41733713.0
15800.0 0.0 0.0 38.0 76087796.0 1511850.0 0.0 60220000.0 268.0 2.0 1000.0 42840354.0
15900.0 0.0 0.0 38.0 75138931.0 1382960.0 0.0 60220000.0 266.0 2.0 1000.0 43918109.0
16000.0 0.0 0.0 37.0 74202044.0 1274926.0 0.0 60220000.0 263.0 2.0 1000.0 44963030.0
16100.0 0.0 0.0 37.0 73275730.0 1162777.0 0.0 60220000.0 258.0 2.0 1000.0 46001493.0
16200.0 0.0 0.0 36.0 72367638.0 1062926.0 0.0 60220000.0 253.0 2.0 1000.0 47009436.0
16300.0 0.0 0.0 35.0 71475874.0 970655.0 0.0 60220000.0 246.0 2.0 1000.0 47993471.0
16400.0 0.0 0.0 34.0 70612032.0 875853.0 0.0 60220000.0 239.0 2.0 1000.0 48952115.0
16500.0 0.0 0.0 34.0 69771467.0 790405.0 0.0 60220000.0 234.0 2.0 1000.0 49878128.0
16600.0 0.0 0.0 33.0 68944180.0 704690.0 0.0 60220000.0 230.0 2.0 1000.0 50791130.0
16700.0 0.0 0.0 33.0 68141510.0 629992.0 0.0 60220000.0 221.0 2.0 1000.0 51668498.0
16800.0 0.0 0.0 33.0 67356475.0 549082.0 0.0 60220000.0 219.0 2.0 1000.0 52534443.0
16900.0 0.0 0.0 33.0 66578575.0 477624.0 0.0 60220000.0 217.0 2.0 1000.0 53383801.0
17000.0 0.0 0.0 33.0 65812052.0 412150.0 0.0 60220000.0 214.0 2.0 1000.0 54215798.0
17100.0 0.0 0.0 32.0 65052417.0 368215.0 0.0 60220000.0 211.0 2.0 1000.0 55019368.0
17200.0 0.0 0.0 32.0 64304877.0 340847.0 0.0 60220000.0 206.0 2.0 1000.0 55794276.0
17300.0 0.0 0.0 32.0 63571893.0 310786.0 0.0 60220000.0 205.0 2.0 1000.0 56557321.0
17400.0 0.0 0.0 31.0 62847540.0 296784.0 0.0 60220000.0 201.0 2.0 1000.0 57295676.0
17500.0 0.0 0.0 31.0 62134690.0 288289.0 0.0 60220000.0 198.0 2.0 1000.0 58017021.0
17600.0 0.0 0.0 31.0 61430152.0 276547.0 0.0 60220000.0 197.0 2.0 1000.0 58733301.0
17700.0 0.0 0.0 31.0 60733895.0 262835.0 0.0 60220000.0 193.0 2.0 1000.0 59443270.0
17800.0 0.0 0.0 30.0 60047178.0 256332.0 0.0 60220000.0 191.0 2.0 1000.0 60136490.0
17900.0 0.0 0.0 29.0 59369250.0 257262.0 0.0 60220000.0 189.0 2.0 1000.0 60813488.0
18000.0 0.0 0.0 29.0 58697034.0 269509.0 0.0 60220000.0 188.0 2.0 1000.0 61473457.0
18100.0 0.0 0.0 28.0 58032466.0 285183.0 0.0 60220000.0 185.0 2.0 1000.0 62122351.0
18200.0 0.0 0.0 26.0 57376497.0 307024.0 0.0 60220000.0 183.0 2.0 1000.0 62756479.0
18300.0 0.0 0.0 26.0 56725340.0 338798.0 0.0 60220000.0 182.0 2.0 1000.0 63375862.0
18400.0 0.0 0.0 25.0 56077009.0 363280.0 0.0 60220000.0 180.0 2.0 1000.0 63999711.0
18500.0 0.0 0.0 25.0 55446229.0 380973.0 0.0 60220000.0 176.0 2.0 1000.0 64612798.0
18600.0 0.0 0.0 25.0 54824317.0 388396.0 0.0 60220000.0 172.0 2.0 1000.0 65227287.0
18700.0 0.0 0.0 24.0 54215218.0 394125.0 0.0 60220000.0 169.0 2.0 1000.0 65830657.0
18800.0 0.0 0.0 23.0 53626099.0 402321.0 0.0 60220000.0 163.0 2.0 1000.0 66411580.0
18900.0 0.0 0.0 23.0 53050914.0 407285.0 0.0 60220000.0 161.0 2.0 1000.0 66981801.0
19000.0 0.0 0.0 22.0 52485383.0 407539.0 0.0 60220000.0 156.0 2.0 1000.0 67547078.0
19100.0 1.0 3.0 22.0 51929048.0 417700.0 0.0 60220000.0 160.0 2.0 1000.0 68093252.0
19200.0 1.0 0.0 27.0 51313085.0 420995.0 0.0 60220000.0 187.0 2.0 1000.0 68705920.0
19300.0 1.0 0.0 29.0 50595803.0 434730.0 0.0 60220000.0 213.0 2.0 1000.0 69409467.0
19400.0 1.0 1.0 31.0 49785667.0 476857.0 0.0 60220000.0 243.0 2.0 1000.0 70177476.0
19500.0 0.0 0.0 34.0 48850221.0 572051.0 0.0 60220000.0 272.0 2.0 1000.0 71017728.0
19600.0 0.0 0.0 33.0 47883732.0 653585.0 0.0 60220000.0 268.0 2.0 1000.0 71902683.0
19700.0 0.0 0.0 33.0 46941785.0 714693.0 0.0 60220000.0 264.0 2.0 1000.0 72783522.0
19800.0 0.0 0.0 33.0 46006521.0 760510.0 0.0 60220000.0 263.0 2.0 1000.0 73672969.0
19900.0 0.0 0.0 33.0 45079424.0 793519.0 0.0 60220000.0 257.0 2.0 1000.0 74567057.0
