time rna_M monomer_betaGal protein_betaGal Lactose_external Lactose_internal Glucose_external Glucose_internal protein_Lactose_Permease dna_Lac_Operon Biomass Lactose_consumed
0.0 0.0 0.0 0.0 120440000.0 0.0 60220000.0 0.0 0.0 2.0 1000.0 0.0
100.0 0.0 0.0 0.0 120440000.0 0.0 30131809.0 30088191.0 0.0 2.0 1000.0 0.0
200.0 0.0 0.0 0.0 120440000.0 0.0 90788.0 60129212.0 0.0 2.0 1000.0 0.0
300.0 0.0 0.0 0.0 120440000.0 0.0 0.0 60220000.0 0.0 2.0 1000.0 0.0
400.0 0.0 0.0 0.0 120440000.0 0.0 0.0 60220000.0 0.0 2.0 1000.0 0.0
500.0 0.0 0.0 0.0 120440000.0 0.0 0.0 60220000.0 0.0 2.0 1000.0 0.0
600.0 0.0 0.0 0.0 120440000.0 0.0 0.0 60220000.0 0.0 2.0 1000.0 0.0
700.0 0.0 0.0 0.0 120440000.0 0.0 0.0 60220000.0 0.0 2.0 1000.0 0.0
800.0 0.0 0.0 0.0 120440000.0 0.0 0.0 60220000.0 0.0 2.0 1000.0 0.0
900.0 0.0 0.0 0.0 120440000.0 0.0 0.0 60220000.0 0.0 2.0 1000.0 0.0
1000.0 0.0 0.0 0.0 120440000.0 0.0 0.0 60220000.0 0.0 2.0 1000.0 0.0
1100.0 0.0 0.0 0.0 120440000.0 0.0 0.0 60220000.0 0.0 2.0 1000.0 0.0
1200.0 0.0 0.0 0.0 120440000.0 0.0 0.0 60220000.0 0.0 2.0 1000.0 0.0
1300.0 0.0 0.0 0.0 120440000.0 0.0 0.0 60220000.0 0.0 2.0 1000.0 0.0
1400.0 0.0 0.0 0.0 120440000.0 0.0 0.0 60220000.0 0.0 2.0 1000.0 0.0
1500.0 0.0 0.0 0.0 120440000.0 0.0 0.0 60220000.0 0.0 2.0 1000.0 0.0
1600.0 0.0 0.0 0.0 120440000.0 0.0 0.0 60220000.0 0.0 2.0 1000.0 0.0
1700.0 0.0 0.0 0.0 120440000.0 0.0 0.0 60220000.0 0.0 2.0 1000.0 0.0
1800.0 0.0 0.0 0.0 120440000.0 0.0 0.0 60220000.0 0.0 2.0 1000.0 0.0
1900.0 0.0 0.0 0.0 120440000.0 0.0 0.0 60220000.0 0.0 2.0 1000.0 0.0
2000.0 0.0 0.0 0.0 120440000.0 0.0 0.0 60220000.0 0.0 2.0 1000.0 0.0
2100.0 0.0 0.0 0.0 120440000.0 0.0 0.0 60220000.0 0.0 2.0 1000.0 0.0
2200.0 0.0 0.0 0.0 120440000.0 0.0 0.0 60220000.0 0.0 2.0 1000.0 0.0
2300.0 0.0 0.0 0.0 120440000.0 0.0 0.0 60220000.0 0.0 2.0 1000.0 0.0
2400.0 0.0 0.0 0.0 120440000.0 0.0 0.0 60220000.0 0.0 2.0 1000.0 0.0
2500.0 0.0 0.0 0.0 120440000.0 0.0 0.0 60220000.0 0.0 2.0 1000.0 0.0
2600.0 0.0 0.0 0.0 120440000.0 0.0 0.0 60220000.0 0.0 2.0 1000.0 0.0
2700.0 0.0 0.0 0.0 120440000.0 0.0 0.0 60220000.0 0.0 2.0 1000.0 0.0
2800.0 0.0 0.0 0.0 120440000.0 0.0 0.0 60220000.0 0.0 2.0 1000.0 0.0
2900.0 0.0 0.0 0.0 120440000.0 0.0 0.0 60220000.0 0.0 2.0 1000.0 0.0
3000.0 0.0 0.0 0.0 120440000.0 0.0 0.0 60220000.0 0.0 2.0 1000.0 0.0
3100.0 0.0 0.0 0.0 120440000.0 0.0 0.0 60220000.0 0.0 2.0 1000.0 0.0
3200.0 0.0 0.0 0.0 120440000.0 0.0 0.0 60220000.0 0.0 2.0 1000.0 0.0
3300.0 0.0 0.0 0.0 120440000.0 0.0 0.0 60220000.0 0.0 2.0 1000.0 0.0
3400.0 0.0 0.0 0.0 120440000.0 0.0 0.0 60220000.0 0.0 2.0 1000.0 0.0
3500.0 0.0 0.0 0.0 120440000.0 0.0 0.0 60220000.0 0.0 2.0 1000.0 0.0
3600.0 0.0 0.0 0.0 120440000.0 0.0 0.0 60220000.0 0.0 2.0 1000.0 0.0
3700.0 0.0 0.0 0.0 120440000.0 0.0 0.0 60220000.0 0.0 2.0 1000.0 0.0
3800.0 0.0 0.0 0.0 120440000.0 0.0 0.0 60220000.0 0.0 2.0 1000.0 0.0
3900.0 0.0 0.0 0.0 120440000.0 0.0 0.0 60220000.0 0.0 2.0 1000.0 0.0
4000.0 0.0 0.0 0.0 120440000.0 0.0 0.0 60220000.0 0.0 2.0 1000.0 0.0
4100.0 0.0 0.0 0.0 120440000.0 0.0 0.0 60220000.0 0.0 2.0 1000.0 0.0
4200.0 0.0 0.0 0.0 120440000.0 0.0 0.0 60220000.0 0.0 2.0 1000.0 0.0
4300.0 0.0 0.0 0.0 120440000.0 0.0 0.0 60220000.0 0.0 2.0 1000.0 0.0
4400.0 0.0 0.0 0.0 120440000.0 0.0 0.0 60220000.0 0.0 2.0 1000.0 0.0
4500.0 0.0 0.0 0.0 120440000.0 0.0 0.0 60220000.0 0.0 2.0 1000.0 0.0
4600.0 0.0 0.0 0.0 120440000.0 0.0 0.0 60220000.0 0.0 2.0 1000.0 0.0
4700.0 0.0 0.0 0.0 120440000.0 0.0 0.0 60220000.0 0.0 2.0 1000.0 0.0
4800.0 0.0 0.0 0.0 120440000.0 0.0 0.0 60220000.0 0.0 2.0 1000.0 0.0
4900.0 0.0 0.0 0.0 120440000.0 0.0 0.0 60220000.0 0.0 2.0 1000.0 0.0
5000.0 0.0 0.0 0.0 120440000.0 0.0 0.0 60220000.0 0.0 2.0 1000.0 0.0
5100.0 0.0 0.0 0.0 120440000.0 0.0 0.0 60220000.0 0.0 2.0 1000.0 0.0
5200.0 0.0 0.0 0.0 120440000.0 0.0 0.0 60220000.0 0.0 2.0 1000.0 0.0
5300.0 0.0 0.0 0.0 120440000.0 0.0 0.0 60220000.0 0.0 2.0 1000.0 0.0
5400.0 0.0 0.0 0.0 120440000.0 0.0 0.0 60220000.0 0.0 2.0 1000.0 0.0
5500.0 0.0 0.0 0.0 120440000.0 0.0 0.0 60220000.0 0.0 2.0 1000.0 0.0
5600.0 0.0 0.0 0.0 120440000.0 0.0 0.0 60220000.0 0.0 2.0 1000.0 0.0
5700.0 0.0 0.0 0.0 120440000.0 0.0 0.0 60220000.0 0.0 2.0 1000.0 0.0
5800.0 0.0 0.0 0.0 120440000.0 0.0 0.0 60220000.0 0.0 2.0 1000.0 0.0
5900.0 0.0 0.0 0.0 120440000.0 0.0 0.0 60220000.0 0.0 2.0 1000.0 0.0
6000.0 0.0 0.0 0.0 120440000.0 0.0 0.0 60220000.0 0.0 2.0 1000.0 0.0
6100.0 0.0 0.0 0.0 120440000.0 0.0 0.0 60220000.0 0.0 2.0 1000.0 0.0
6200.0 0.0 0.0 0.0 120440000.0 0.0 0.0 60220000.0 0.0 2.0 1000.0 0.0
6300.0 0.0 0.0 0.0 120440000.0 0.0 0.0 60220000.0 0.0 2.0 1000.0 0.0
6400.0 0.0 0.0 0.0 120440000.0 0.0 0.0 60220000.0 0.0 2.0 1000.0 0.0
6500.0 0.0 0.0 0.0 120440000.0 0.0 0.0 60220000.0 0.0 2.0 1000.0 0.0
6600.0 0.0 0.0 0.0 120440000.0 0.0 0.0 60220000.0 0.0 2.0 1000.0 0.0
6700.0 0.0 0.0 0.0 120440000.0 0.0 0.0 60220000.0 0.0 2.0 1000.0 0.0
6800.0 0.0 0.0 0.0 120440000.0 0.0 0.0 60220000.0 0.0 2.0 1000.0 0.0
6900.0 0.0 0.0 0.0 120440000.0 0.0 0.0 60220000.0 0.0 2.0 1000.0 0.0
7000.0 0.0 0.0 0.0 120440000.0 0.0 0.0 60220000.0 0.0 2.0 1000.0 0.0
7100.0 0.0 0.0 0.0 120440000.0 0.0 0.0 60220000.0 0.0 2.0 1000.0 0.0
7200.0 0.0 0.0 0.0 120440000.0 0.0 0.0 60220000.0 0.0 2.0 1000.0 0.0
7300.0 0.0 0.0 0.0 120440000.0 0.0 0.0 60220000.0 0.0 2.0 1000.0 0.0
7400.0 0.0 0.0 0.0 120440000.0 0.0 0.0 60220000.0 0.0 2.0 1000.0 0.0
7500.0 0.0 0.0 0.0 120440000.0 0.0 0.0 60220000.0 0.0 2.0 1000.0 0.0
7600.0 0.0 0.0 0.0 120440000.0 0.0 0.0 60220000.0 0.0 2.0 1000.0 0.0
7700.0 0.0 0.0 0.0 120440000.0 0.0 0.0 60220000.0 0.0 2.0 1000.0 0.0
7800.0 0.0 0.0 0.0 120440000.0 0.0 0.0 60220000.0 0.0 2.0 1000.0 0.0
7900.0 0.0 0.0 0.0 120440000.0 0.0 0.0 60220000.0 0.0 2.0 1000.0 0.0
8000.0 0.0 0.0 0.0 120440000.0 0.0 0.0 60220000.0 0.0 2.0 1000.0 0.0
8100.0 0.0 0.0 0.0 120440000.0 0.0 0.0 60220000.0 0.0 2.0 1000.0 0.0
8200.0 0.0 0.0 0.0 120440000.0 0.0 0.0 60220000.0 0.0 2.0 1000.0 0.0
8300.0 0.0 0.0 0.0 120440000.0 0.0 0.0 60220000.0 0.0 2.0 1000.0 0.0
8400.0 0.0 0.0 0.0 120440000.0 0.0 0.0 60220000.0 0.0 2.0 1000.0 0.0
8500.0 0.0 0.0 0.0 120440000.0 0.0 0.0 60220000.0 0.0 2.0 1000.0 0.0
8600.0 0.0 0.0 0.0 120440000.0 0.0 0.0 60220000.0 0.0 2.0 1000.0 0.0
8700.0 0.0 0.0 0.0 120440000.0 0.0 0.0 60220000.0 0.0 2.0 1000.0 0.0
8800.0 0.0 0.0 0.0 120440000.0 0.0 0.0 60220000.0 0.0 2.0 1000.0 0.0
8900.0 0.0 0.0 0.0 120440000.0 0.0 0.0 60220000.0 0.0 2.0 1000.0 0.0
9000.0 0.0 0.0 0.0 120440000.0 0.0 0.0 60220000.0 0.0 2.0 1000.0 0.0
9100.0 0.0 0.0 0.0 120440000.0 0.0 0.0 60220000.0 0.0 2.0 1000.0 0.0
9200.0 0.0 0.0 0.0 120440000.0 0.0 0.0 60220000.0 0.0 2.0 1000.0 0.0
9300.0 0.0 0.0 0.0 120440000.0 0.0 0.0 60220000.0 0.0 2.0 1000.0 0.0
9400.0 0.0 0.0 0.0 120440000.0 0.0 0.0 60220000.0 0.0 2.0 1000.0 0.0
9500.0 0.0 0.0 0.0 120440000.0 0.0 0.0 60220000.0 0.0 2.0 1000.0 0.0
9600.0 0.0 3.0 0.0 120430034.0 9966.0 0.0 60220000.0 5.0 2.0 1000.0 0.0
9700.0 0.0 3.0 2.0 120382635.0 49822.0 0.0 60220000.0 22.0 2.0 1000.0 7543.0
9800.0 0.0 3.0 1.0 120303792.0 106970.0 0.0 60220000.0 22.0 2.0 1000.0 29238.0
9900.0 0.0 3.0 1.0 120225258.0 166990.0 0.0 60220000.0 22.0 2.0 1000.0 47752.0
10000.0 0.0 3.0 1.0 120146908.0 224368.0 0.0 60220000.0 22.0 2.0 1000.0 68724.0
10100.0 0.0 3.0 1.0 120071131.0 277881.0 0.0 60220000.0 21.0 2.0 1000.0 90988.0
10200.0 0.0 3.0 1.0 119996268.0 329134.0 0.0 60220000.0 21.0 2.0 1000.0 114598.0
10300.0 0.0 3.0 1.0 119921319.0 380223.0 0.0 60220000.0 21.0 2.0 1000.0 138458.0
10400.0 0.0 3.0 1.0 119846412.0 430292.0 0.0 60220000.0 21.0 2.0 1000.0 163296.0
10500.0 0.0 3.0 1.0 119771496.0 479827.0 0.0 60220000.0 20.0 2.0 1000.0 188677.0
10600.0 0.0 3.0 1.0 119700080.0 525376.0 0.0 60220000.0 20.0 2.0 1000.0 214544.0
10700.0 0.0 3.0 1.0 119628419.0 571146.0 0.0 60220000.0 20.0 2.0 1000.0 240435.0
10800.0 0.0 3.0 1.0 119556757.0 616747.0 0.0 60220000.0 20.0 2.0 1000.0 266496.0
10900.0 0.0 3.0 1.0 119485612.0 661154.0 0.0 60220000.0 20.0 2.0 1000.0 293234.0
11000.0 0.0 3.0 1.0 119414555.0 705335.0 0.0 60220000.0 20.0 2.0 1000.0 320110.0
11100.0 0.0 3.0 1.0 119346025.0 746970.0 0.0 60220000.0 18.0 2.0 1000.0 347005.0
11200.0 0.0 3.0 1.0 119282109.0 783938.0 0.0 60220000.0 18.0 2.0 1000.0 373953.0
11300.0 0.0 3.0 1.0 119218145.0 820791.0 0.0 60220000.0 18.0 2.0 1000.0 401064.0
11400.0 0.0 3.0 1.0 119154242.0 857574.0 0.0 60220000.0 18.0 2.0 1000.0 428184.0
11500.0 0.0 3.0 1.0 119092479.0 891889.0 0.0 60220000.0 17.0 2.0 1000.0 455632.0
11600.0 0.0 3.0 1.0 119032110.0 924734.0 0.0 60220000.0 17.0 2.0 1000.0 483156.0
11700.0 0.0 3.0 1.0 118971859.0 957644.0 0.0 60220000.0 17.0 2.0 1000.0 510497.0
11800.0 0.0 3.0 1.0 118910949.0 990844.0 0.0 60220000.0 17.0 2.0 1000.0 538207.0
11900.0 0.0 3.0 1.0 118850632.0 1023368.0 0.0 60220000.0 17.0 2.0 1000.0 566000.0
12000.0 0.0 3.0 1.0 118790022.0 1056318.0 0.0 60220000.0 17.0 2.0 1000.0 593660.0
12100.0 0.0 3.0 1.0 118729026.0 1089583.0 0.0 60220000.0 17.0 2.0 1000.0 621391.0
12200.0 0.0 3.0 1.0 118671174.0 1119631.0 0.0 60220000.0 16.0 2.0 1000.0 649195.0
12300.0 0.0 3.0 1.0 118613985.0 1149044.0 0.0 60220000.0 16.0 2.0 1000.0 676971.0
12400.0 0.0 3.0 1.0 118560037.0 1174952.0 0.0 60220000.0 15.0 2.0 1000.0 705011.0
12500.0 0.0 3.0 1.0 118506852.0 1200077.0 0.0 60220000.0 15.0 2.0 1000.0 733071.0
12600.0 0.0 3.0 1.0 118457046.0 1221839.0 0.0 60220000.0 13.0 2.0 1000.0 761115.0
12700.0 0.0 3.0 1.0 118410737.0 1239954.0 0.0 60220000.0 13.0 2.0 1000.0 789309.0
12800.0 0.0 3.0 1.0 118364614.0 1258078.0 0.0 60220000.0 13.0 2.0 1000.0 817308.0
12900.0 0.0 3.0 1.0 118318493.0 1276107.0 0.0 60220000.0 13.0 2.0 1000.0 845400.0
13000.0 0.0 3.0 1.0 118272436.0 1293951.0 0.0 60220000.0 13.0 2.0 1000.0 873613.0
13100.0 0.0 3.0 1.0 118225892.0 1312367.0 0.0 60220000.0 13.0 2.0 1000.0 901741.0
13200.0 0.0 3.0 1.0 118179840.0 1330303.0 0.0 60220000.0 13.0 2.0 1000.0 929857.0
13300.0 0.0 3.0 1.0 118133129.0 1348810.0 0.0 60220000.0 13.0 2.0 1000.0 958061.0
13400.0 0.0 3.0 1.0 118086817.0 1366778.0 0.0 60220000.0 13.0 2.0 1000.0 986405.0
13500.0 0.0 3.0 1.0 118043072.0 1382307.0 0.0 60220000.0 12.0 2.0 1000.0 1014621.0
13600.0 0.0 3.0 1.0 118000566.0 1396856.0 0.0 60220000.0 12.0 2.0 1000.0 1042578.0
13700.0 0.0 3.0 1.0 117958184.0 1411235.0 0.0 60220000.0 12.0 2.0 1000.0 1070581.0
13800.0 0.0 3.0 1.0 117915322.0 1425414.0 0.0 60220000.0 12.0 2.0 1000.0 1099264.0
13900.0 0.0 3.0 1.0 117872208.0 1440204.0 0.0 60220000.0 12.0 2.0 1000.0 1127588.0
14000.0 0.0 3.0 1.0 117829574.0 1454589.0 0.0 60220000.0 12.0 2.0 1000.0 1155837.0
14100.0 0.0 3.0 1.0 117786896.0 1468818.0 0.0 60220000.0 12.0 2.0 1000.0 1184286.0
14200.0 0.0 3.0 1.0 117744218.0 1482879.0 0.0 60220000.0 12.0 2.0 1000.0 1212903.0
14300.0 0.0 3.0 1.0 117701494.0 1497205.0 0.0 60220000.0 12.0 2.0 1000.0 1241301.0
14400.0 0.0 3.0 1.0 117658768.0 1511554.0 0.0 60220000.0 12.0 2.0 1000.0 1269678.0
14500.0 0.0 3.0 1.0 117615879.0 1526057.0 0.0 60220000.0 12.0 2.0 1000.0 1298064.0
14600.0 0.0 2.0 4.0 117563652.0 1502870.0 0.0 60220000.0 19.0 2.0 1000.0 1373478.0
14700.0 0.0 2.0 4.0 117495552.0 1457179.0 0.0 60220000.0 19.0 2.0 1000.0 1487269.0
14800.0 0.0 2.0 4.0 117429295.0 1409874.0 0.0 60220000.0 18.0 2.0 1000.0 1600831.0
14900.0 0.0 2.0 4.0 117367581.0 1358151.0 0.0 60220000.0 17.0 2.0 1000.0 1714268.0
15000.0 0.0 2.0 4.0 117307378.0 1305427.0 0.0 60220000.0 17.0 2.0 1000.0 1827195.0
15100.0 0.0 2.0 4.0 117246645.0 1253461.0 0.0 60220000.0 17.0 2.0 1000.0 1939894.0
15200.0 0.0 2.0 4.0 117186402.0 1200948.0 0.0 60220000.0 17.0 2.0 1000.0 2052650.0
15300.0 0.0 2.0 4.0 117125736.0 1149391.0 0.0 60220000.0 17.0 2.0 1000.0 2164873.0
15400.0 0.0 2.0 4.0 117066523.0 1096611.0 0.0 60220000.0 16.0 2.0 1000.0 2276866.0
15500.0 0.0 2.0 4.0 117010638.0 1041616.0 0.0 60220000.0 15.0 2.0 1000.0 2387746.0
15600.0 0.0 2.0 4.0 116957281.0 983805.0 0.0 60220000.0 15.0 2.0 1000.0 2498914.0
15700.0 0.0 2.0 4.0 116904648.0 926355.0 0.0 60220000.0 14.0 2.0 1000.0 2608997.0
15800.0 0.0 2.0 4.0 116854794.0 866300.0 0.0 60220000.0 14.0 2.0 1000.0 2718906.0
15900.0 0.0 2.0 4.0 116808210.0 803641.0 0.0 60220000.0 13.0 2.0 1000.0 2828149.0
16000.0 0.0 2.0 4.0 116761889.0 742210.0 0.0 60220000.0 13.0 2.0 1000.0 2935901.0
16100.0 0.0 2.0 4.0 116715345.0 681589.0 0.0 60220000.0 13.0 2.0 1000.0 3043066.0
16200.0 0.0 2.0 4.0 116669264.0 622016.0 0.0 60220000.0 13.0 2.0 1000.0 3148720.0
16300.0 0.0 2.0 4.0 116622731.0 563809.0 0.0 60220000.0 13.0 2.0 1000.0 3253460.0
16400.0 0.0 2.0 4.0 116578818.0 504002.0 0.0 60220000.0 12.0 2.0 1000.0 3357180.0
16500.0 0.0 2.0 4.0 116536355.0 444305.0 0.0 60220000.0 12.0 2.0 1000.0 3459340.0
16600.0 0.0 2.0 4.0 116493827.0 387114.0 0.0 60220000.0 12.0 2.0 1000.0 3559059.0
16700.0 0.0 2.0 4.0 116451140.0 332776.0 0.0 60220000.0 12.0 2.0 1000.0 3656084.0
16800.0 0.0 2.0 4.0 116408624.0 281358.0 0.0 60220000.0 11.0 2.0 1000.0 3750018.0
16900.0 0.0 2.0 4.0 116369519.0 230300.0 0.0 60220000.0 11.0 2.0 1000.0 3840181.0
17000.0 0.0 2.0 4.0 116332493.0 181751.0 0.0 60220000.0 10.0 2.0 1000.0 3925756.0
17100.0 0.0 2.0 4.0 116296844.0 139170.0 0.0 60220000.0 10.0 2.0 1000.0 4003986.0
17200.0 0.0 2.0 4.0 116261403.0 104049.0 0.0 60220000.0 10.0 2.0 1000.0 4074548.0
17300.0 0.0 2.0 3.0 116225992.0 79239.0 0.0 60220000.0 10.0 2.0 1000.0 4134769.0
17400.0 0.0 2.0 3.0 116189847.0 72545.0 0.0 60220000.0 10.0 2.0 1000.0 4177608.0
17500.0 0.0 2.0 3.0 116155622.0 66148.0 0.0 60220000.0 9.0 2.0 1000.0 4218230.0
17600.0 0.0 2.0 3.0 116123403.0 60158.0 0.0 60220000.0 9.0 2.0 1000.0 4256439.0
17700.0 0.0 2.0 3.0 116092086.0 54600.0 0.0 60220000.0 8.0 2.0 1000.0 4293314.0
17800.0 0.0 2.0 3.0 116063654.0 48985.0 0.0 60220000.0 8.0 2.0 1000.0 4327361.0
17900.0 0.0 2.0 3.0 116034888.0 45379.0 0.0 60220000.0 8.0 2.0 1000.0 4359733.0
18000.0 0.0 2.0 3.0 116006654.0 42878.0 0.0 60220000.0 8.0 2.0 1000.0 4390468.0
18100.0 0.0 2.0 3.0 115977974.0 41413.0 0.0 60220000.0 8.0 2.0 1000.0 4420613.0
18200.0 0.0 2.0 3.0 115949424.0 40196.0 0.0 60220000.0 8.0 2.0 1000.0 4450380.0
18300.0 0.0 2.0 3.0 115920608.0 39726.0 0.0 60220000.0 8.0 2.0 1000.0 4479666.0
18400.0 0.0 2.0 3.0 115892197.0 39200.0 0.0 60220000.0 8.0 2.0 1000.0 4508603.0
18500.0 0.0 2.0 3.0 115863480.0 39410.0 0.0 60220000.0 8.0 2.0 1000.0 4537110.0
18600.0 0.0 2.0 3.0 115834792.0 39382.0 0.0 60220000.0 8.0 2.0 1000.0 4565826.0
18700.0 0.0 2.0 3.0 115806197.0 39316.0 0.0 60220000.0 8.0 2.0 1000.0 4594487.0
18800.0 0.0 2.0 3.0 115780492.0 36870.0 0.0 60220000.0 7.0 2.0 1000.0 4622638.0
18900.0 0.0 2.0 3.0 115755132.0 35255.0 0.0 60220000.0 7.0 2.0 1000.0 4649613.0
19000.0 0.0 2.0 3.0 115730372.0 33940.0 0.0 60220000.0 7.0 2.0 1000.0 4675688.0
19100.0 0.0 2.0 3.0 115705530.0 32840.0 0.0 60220000.0 7.0 2.0 1000.0 4701630.0
19200.0 0.0 2.0 3.0 115680498.0 32473.0 0.0 60220000.0 7.0 2.0 1000.0 4727029.0
19300.0 0.0 2.0 3.0 115655376.0 32534.0 0.0 60220000.0 7.0 2.0 1000.0 4752090.0
19400.0 0.0 2.0 3.0 115630166.0 32551.0 0.0 60220000.0 7.0 2.0 1000.0 4777283.0
19500.0 0.0 2.0 3.0 115605143.0 32569.0 0.0 60220000.0 7.0 2.0 1000.0 4802288.0
19600.0 0.0 2.0 3.0 115580084.0 32670.0 0.0 60220000.0 7.0 2.0 1000.0 4827246.0
19700.0 0.0 2.0 3.0 115554962.0 32647.0 0.0 60220000.0 7.0 2.0 1000.0 4852391.0
19800.0 0.0 2.0 3.0 115529957.0 32806.0 0.0 60220000.0 7.0 2.0 1000.0 4877237.0
19900.0 0.0 2.0 3.0 115504788.0 32737.0 0.0 60220000.0 7.0 2.0 1000.0 4902475.0
