time rna_M monomer_betaGal protein_betaGal Lactose_external Lactose_internal Glucose_external Glucose_internal protein_Lactose_Permease dna_Lac_Operon Biomass Lactose_consumed
0.0 0.0 0.0 0.0 120440000.0 0.0 60220000.0 0.0 0.0 2.0 1000.0 0.0
100.0 0.0 0.0 0.0 120440000.0 0.0 30122465.0 30097535.0 0.0 2.0 1000.0 0.0
200.0 0.0 0.0 0.0 120440000.0 0.0 81145.0 60138855.0 0.0 2.0 1000.0 0.0
300.0 0.0 0.0 0.0 120440000.0 0.0 0.0 60220000.0 0.0 2.0 1000.0 0.0
400.0 0.0 0.0 0.0 120440000.0 0.0 0.0 60220000.0 0.0 2.0 1000.0 0.0
500.0 0.0 0.0 0.0 120440000.0 0.0 0.0 60220000.0 0.0 2.0 1000.0 0.0
600.0 0.0 0.0 0.0 120440000.0 0.0 0.0 60220000.0 0.0 2.0 1000.0 0.0
700.0 0.0 0.0 0.0 120440000.0 0.0 0.0 60220000.0 0.0 2.0 1000.0 0.0
800.0 0.0 0.0 0.0 120440000.0 0.0 0.0 60220000.0 0.0 2.0 1000.0 0.0
900.0 0.0 0.0 0.0 120440000.0 0.0 0.0 60220000.0 0.0 2.0 1000.0 0.0
1000.0 0.0 0.0 0.0 120440000.0 0.0 0.0 60220000.0 0.0 2.0 1000.0 0.0
1100.0 0.0 0.0 0.0 120440000.0 0.0 0.0 60220000.0 0.0 2.0 1000.0 0.0
1200.0 0.0 0.0 0.0 120440000.0 0.0 0.0 60220000.0 0.0 2.0 1000.0 0.0
1300.0 0.0 0.0 0.0 120440000.0 0.0 0.0 60220000.0 0.0 2.0 1000.0 0.0
1400.0 0.0 0.0 0.0 120440000.0 0.0 0.0 60220000.0 0.0 2.0 1000.0 0.0
1500.0 0.0 0.0 0.0 120440000.0 0.0 0.0 60220000.0 0.0 2.0 1000.0 0.0
1600.0 0.0 0.0 0.0 120440000.0 0.0 0.0 60220000.0 0.0 2.0 1000.0 0.0
1700.0 1.0 3.0 1.0 120434371.0 5485.0 0.0 60220000.0 7.0 2.0 1000.0 144.0
1800.0 1.0 2.0 6.0 120358016.0 56440.0 0.0 60220000.0 44.0 2.0 1000.0 25544.0
1900.0 1.0 1.0 9.0 120140442.0 142408.0 0.0 60220000.0 75.0 2.0 1000.0 157150.0
2000.0 1.0 0.0 14.0 119813438.0 240549.0 0.0 60220000.0 105.0 2.0 1000.0 386013.0
2100.0 1.0 2.0 16.0 119392297.0 307666.0 0.0 60220000.0 131.0 2.0 1000.0 740037.0
2200.0 0.0 3.0 19.0 118872655.0 399191.0 0.0 60220000.0 156.0 2.0 1000.0 1168154.0
2300.0 0.0 3.0 19.0 118319514.0 475111.0 0.0 60220000.0 155.0 2.0 1000.0 1645375.0
2400.0 0.0 3.0 19.0 117767141.0 539751.0 0.0 60220000.0 155.0 2.0 1000.0 2133108.0
2500.0 0.0 3.0 17.0 117217979.0 597461.0 0.0 60220000.0 154.0 2.0 1000.0 2624560.0
2600.0 0.0 3.0 16.0 116669061.0 715517.0 0.0 60220000.0 153.0 2.0 1000.0 3055422.0
2700.0 0.0 3.0 15.0 116132036.0 831534.0 0.0 60220000.0 150.0 2.0 1000.0 3476430.0
2800.0 0.0 3.0 15.0 115599088.0 954388.0 0.0 60220000.0 149.0 2.0 1000.0 3886524.0
2900.0 0.0 3.0 14.0 115071841.0 1087108.0 0.0 60220000.0 147.0 2.0 1000.0 4281051.0
3000.0 0.0 3.0 14.0 114552149.0 1214829.0 0.0 60220000.0 146.0 2.0 1000.0 4673022.0
3100.0 0.0 3.0 14.0 114032492.0 1339981.0 0.0 60220000.0 145.0 2.0 1000.0 5067527.0
3200.0 0.0 3.0 14.0 113525922.0 1449849.0 0.0 60220000.0 141.0 2.0 1000.0 5464229.0
3300.0 0.0 3.0 14.0 113031385.0 1547330.0 0.0 60220000.0 138.0 2.0 1000.0 5861285.0
3400.0 0.0 2.0 17.0 112520818.0 1625705.0 0.0 60220000.0 156.0 2.0 1000.0 6293477.0
3500.0 0.0 2.0 16.0 111969106.0 1694772.0 0.0 60220000.0 152.0 2.0 1000.0 6776122.0
3600.0 0.0 2.0 16.0 111428855.0 1776298.0 0.0 60220000.0 151.0 2.0 1000.0 7234847.0
3700.0 0.0 2.0 16.0 110894563.0 1852663.0 0.0 60220000.0 149.0 2.0 1000.0 7692774.0
3800.0 0.0 2.0 16.0 110368648.0 1918450.0 0.0 60220000.0 146.0 2.0 1000.0 8152902.0
3900.0 1.0 2.0 16.0 109850152.0 1976503.0 0.0 60220000.0 147.0 2.0 1000.0 8613345.0
4000.0 0.0 0.0 19.0 109293135.0 2019980.0 0.0 60220000.0 165.0 2.0 1000.0 9126885.0
4100.0 0.0 0.0 19.0 108711928.0 2054319.0 0.0 60220000.0 161.0 2.0 1000.0 9673753.0
4200.0 0.0 0.0 19.0 108142988.0 2074785.0 0.0 60220000.0 160.0 2.0 1000.0 10222227.0
4300.0 0.0 0.0 19.0 107578356.0 2090811.0 0.0 60220000.0 158.0 2.0 1000.0 10770833.0
4400.0 0.0 0.0 18.0 107029248.0 2120156.0 0.0 60220000.0 152.0 2.0 1000.0 11290596.0
4500.0 0.0 0.0 18.0 106491763.0 2137676.0 0.0 60220000.0 150.0 2.0 1000.0 11810561.0
4600.0 1.0 1.0 20.0 105911062.0 2185699.0 0.0 60220000.0 182.0 2.0 1000.0 12343239.0
4700.0 0.0 1.0 21.0 105222593.0 2256914.0 0.0 60220000.0 197.0 2.0 1000.0 12960493.0
4800.0 0.0 1.0 20.0 104529986.0 2361083.0 0.0 60220000.0 193.0 2.0 1000.0 13548931.0
4900.0 0.0 1.0 20.0 103852199.0 2458432.0 0.0 60220000.0 190.0 2.0 1000.0 14129369.0
5000.0 1.0 0.0 21.0 103171190.0 2566963.0 0.0 60220000.0 204.0 2.0 1000.0 14701847.0
5100.0 0.0 3.0 21.0 102437442.0 2690725.0 0.0 60220000.0 206.0 2.0 1000.0 15311833.0
5200.0 0.0 3.0 21.0 101712283.0 2804513.0 0.0 60220000.0 203.0 2.0 1000.0 15923204.0
5300.0 1.0 1.0 24.0 100975290.0 2894619.0 0.0 60220000.0 222.0 2.0 1000.0 16570091.0
5400.0 1.0 0.0 28.0 100148289.0 2990459.0 0.0 60220000.0 246.0 2.0 1000.0 17301252.0
5500.0 2.0 2.0 37.0 99227446.0 3007059.0 0.0 60220000.0 277.0 2.0 1000.0 18205495.0
5600.0 2.0 2.0 44.0 98144011.0 2908101.0 0.0 60220000.0 329.0 2.0 1000.0 19387888.0
5700.0 1.0 1.0 49.0 96931678.0 2766913.0 0.0 60220000.0 348.0 2.0 1000.0 20741409.0
5800.0 3.0 2.0 58.0 95597843.0 2563563.0 0.0 60220000.0 420.0 2.0 1000.0 22278594.0
5900.0 1.0 0.0 65.0 93987960.0 2405802.0 0.0 60220000.0 484.0 2.0 1000.0 24046238.0
6000.0 1.0 0.0 65.0 92227200.0 2309487.0 0.0 60220000.0 507.0 2.0 1000.0 25903313.0
6100.0 0.0 2.0 65.0 90389684.0 2272292.0 0.0 60220000.0 521.0 2.0 1000.0 27778024.0
6200.0 0.0 2.0 64.0 88554097.0 2246398.0 0.0 60220000.0 509.0 2.0 1000.0 29639505.0
6300.0 0.0 2.0 62.0 86754267.0 2215937.0 0.0 60220000.0 503.0 2.0 1000.0 31469796.0
6400.0 0.0 2.0 60.0 84987670.0 2229946.0 0.0 60220000.0 490.0 2.0 1000.0 33222384.0
6500.0 0.0 2.0 60.0 83268384.0 2213356.0 0.0 60220000.0 478.0 2.0 1000.0 34958260.0
6600.0 0.0 2.0 59.0 81590004.0 2165273.0 0.0 60220000.0 469.0 2.0 1000.0 36684723.0
6700.0 0.0 2.0 59.0 79935969.0 2116040.0 0.0 60220000.0 463.0 2.0 1000.0 38387991.0
6800.0 0.0 2.0 59.0 78307542.0 2042978.0 0.0 60220000.0 454.0 2.0 1000.0 40089480.0
6900.0 0.0 2.0 57.0 76707236.0 1998476.0 0.0 60220000.0 446.0 2.0 1000.0 41734288.0
7000.0 0.0 2.0 57.0 75139125.0 1926309.0 0.0 60220000.0 437.0 2.0 1000.0 43374566.0
7100.0 0.0 0.0 55.0 73579980.0 1866851.0 0.0 60220000.0 441.0 2.0 1000.0 44993169.0
7200.0 0.0 0.0 54.0 72048946.0 1833424.0 0.0 60220000.0 424.0 2.0 1000.0 46557630.0
7300.0 0.0 0.0 52.0 70552802.0 1819092.0 0.0 60220000.0 421.0 2.0 1000.0 48068106.0
7400.0 0.0 0.0 52.0 69070447.0 1810590.0 0.0 60220000.0 412.0 2.0 1000.0 49558963.0
7500.0 0.0 0.0 51.0 67618715.0 1777823.0 0.0 60220000.0 407.0 2.0 1000.0 51043462.0
7600.0 0.0 0.0 51.0 66177048.0 1757477.0 0.0 60220000.0 404.0 2.0 1000.0 52505475.0
7700.0 0.0 0.0 48.0 64758119.0 1762696.0 0.0 60220000.0 396.0 2.0 1000.0 53919185.0
7800.0 0.0 0.0 47.0 63374730.0 1771214.0 0.0 60220000.0 382.0 2.0 1000.0 55294056.0
7900.0 1.0 0.0 48.0 62014639.0 1784223.0 0.0 60220000.0 390.0 2.0 1000.0 56641138.0
8000.0 2.0 3.0 52.0 60583480.0 1788306.0 0.0 60220000.0 424.0 2.0 1000.0 58068214.0
8100.0 1.0 0.0 56.0 59031247.0 1757053.0 0.0 60220000.0 448.0 2.0 1000.0 59651700.0
8200.0 1.0 3.0 59.0 57409011.0 1745341.0 0.0 60220000.0 466.0 2.0 1000.0 61285648.0
8300.0 0.0 1.0 61.0 55736621.0 1678610.0 0.0 60220000.0 469.0 2.0 1000.0 63024769.0
8400.0 0.0 1.0 61.0 54085892.0 1587987.0 0.0 60220000.0 462.0 2.0 1000.0 64766121.0
8500.0 0.0 1.0 61.0 52456850.0 1481705.0 0.0 60220000.0 455.0 2.0 1000.0 66501445.0
8600.0 0.0 1.0 60.0 50868855.0 1367859.0 0.0 60220000.0 441.0 2.0 1000.0 68203286.0
8700.0 0.0 1.0 58.0 49318972.0 1258426.0 0.0 60220000.0 431.0 2.0 1000.0 69862602.0
8800.0 0.0 1.0 56.0 47807477.0 1165078.0 0.0 60220000.0 420.0 2.0 1000.0 71467445.0
8900.0 0.0 1.0 55.0 46330997.0 1103407.0 0.0 60220000.0 413.0 2.0 1000.0 73005596.0
9000.0 0.0 1.0 55.0 44878076.0 1026320.0 0.0 60220000.0 407.0 2.0 1000.0 74535604.0
9100.0 0.0 1.0 54.0 43443646.0 946367.0 0.0 60220000.0 401.0 2.0 1000.0 76049987.0
9200.0 0.0 1.0 54.0 42028776.0 878919.0 0.0 60220000.0 396.0 2.0 1000.0 77532305.0
9300.0 0.0 1.0 54.0 40638993.0 798258.0 0.0 60220000.0 388.0 2.0 1000.0 79002749.0
9400.0 0.0 1.0 54.0 39284236.0 697951.0 0.0 60220000.0 375.0 2.0 1000.0 80457813.0
9500.0 0.0 1.0 51.0 37965230.0 623873.0 0.0 60220000.0 369.0 2.0 1000.0 81850897.0
9600.0 0.0 1.0 49.0 36666830.0 600630.0 0.0 60220000.0 362.0 2.0 1000.0 83172540.0
9700.0 0.0 1.0 49.0 35383027.0 595541.0 0.0 60220000.0 356.0 2.0 1000.0 84461432.0
9800.0 0.0 1.0 47.0 34118726.0 611741.0 0.0 60220000.0 355.0 2.0 1000.0 85709533.0
9900.0 0.0 1.0 47.0 32867095.0 622516.0 0.0 60220000.0 348.0 2.0 1000.0 86950389.0
10000.0 0.0 1.0 44.0 31641279.0 633358.0 0.0 60220000.0 342.0 2.0 1000.0 88165363.0
10100.0 0.0 1.0 43.0 30437968.0 678012.0 0.0 60220000.0 334.0 2.0 1000.0 89324020.0
10200.0 0.0 1.0 42.0 29254194.0 715393.0 0.0 60220000.0 332.0 2.0 1000.0 90470413.0
10300.0 0.0 1.0 41.0 28080779.0 757888.0 0.0 60220000.0 329.0 2.0 1000.0 91601333.0
10400.0 0.0 1.0 39.0 26926241.0 820423.0 0.0 60220000.0 321.0 2.0 1000.0 92693336.0
10500.0 0.0 1.0 38.0 25810894.0 896951.0 0.0 60220000.0 311.0 2.0 1000.0 93732155.0
10600.0 0.0 1.0 38.0 24717972.0 943633.0 0.0 60220000.0 306.0 2.0 1000.0 94778395.0
10700.0 0.0 1.0 38.0 23644546.0 970754.0 0.0 60220000.0 301.0 2.0 1000.0 95824700.0
10800.0 0.0 1.0 37.0 22590148.0 982384.0 0.0 60220000.0 294.0 2.0 1000.0 96867468.0
10900.0 0.0 1.0 37.0 21557710.0 991944.0 0.0 60220000.0 289.0 2.0 1000.0 97890346.0
11000.0 0.0 1.0 36.0 20545852.0 1004957.0 0.0 60220000.0 284.0 2.0 1000.0 98889191.0
11100.0 0.0 1.0 33.0 19547556.0 1052001.0 0.0 60220000.0 278.0 2.0 1000.0 99840443.0
11200.0 0.0 1.0 33.0 18570696.0 1109419.0 0.0 60220000.0 275.0 2.0 1000.0 100759885.0
11300.0 0.0 1.0 32.0 17607923.0 1155813.0 0.0 60220000.0 269.0 2.0 1000.0 101676264.0
11400.0 1.0 1.0 31.0 16660569.0 1231805.0 0.0 60220000.0 269.0 2.0 1000.0 102547626.0
11500.0 1.0 3.0 35.0 15653845.0 1306432.0 0.0 60220000.0 300.0 2.0 1000.0 103479723.0
11600.0 1.0 0.0 43.0 14558520.0 1313532.0 0.0 60220000.0 323.0 2.0 1000.0 104567948.0
11700.0 0.0 0.0 45.0 13359209.0 1265307.0 0.0 60220000.0 351.0 2.0 1000.0 105815484.0
11800.0 0.0 0.0 43.0 12131199.0 1254450.0 0.0 60220000.0 346.0 2.0 1000.0 107054351.0
11900.0 0.0 0.0 43.0 10920072.0 1257952.0 0.0 60220000.0 342.0 2.0 1000.0 108261976.0
12000.0 0.0 0.0 42.0 9727944.0 1251253.0 0.0 60220000.0 336.0 2.0 1000.0 109460803.0
12100.0 0.0 0.0 42.0 8556296.0 1242334.0 0.0 60220000.0 331.0 2.0 1000.0 110641370.0
12200.0 0.0 0.0 42.0 7408053.0 1210997.0 0.0 60220000.0 327.0 2.0 1000.0 111820950.0
12300.0 0.0 0.0 41.0 6279211.0 1172365.0 0.0 60220000.0 321.0 2.0 1000.0 112988424.0
12400.0 0.0 0.0 41.0 5177665.0 1128857.0 0.0 60220000.0 315.0 2.0 1000.0 114133478.0
12500.0 0.0 0.0 38.0 4095739.0 1111135.0 0.0 60220000.0 313.0 2.0 1000.0 115233126.0
12600.0 0.0 0.0 37.0 3036192.0 1135768.0 0.0 60220000.0 309.0 2.0 1000.0 116268040.0
12700.0 0.0 0.0 37.0 2005117.0 1131934.0 0.0 60220000.0 303.0 2.0 1000.0 117302949.0
12800.0 0.0 0.0 36.0 1033503.0 1078963.0 0.0 60220000.0 301.0 2.0 1000.0 118327534.0
12900.0 0.0 0.0 36.0 219982.0 895422.0 0.0 60220000.0 292.0 2.0 1000.0 119324596.0
13000.0 0.0 0.0 36.0 1434.0 189581.0 0.0 60220000.0 286.0 2.0 1000.0 120248985.0
13100.0 0.0 0.0 34.0 1.0 13.0 0.0 60220000.0 284.0 2.0 1000.0 120439986.0
13200.0 0.0 0.0 33.0 0.0 0.0 0.0 60220000.0 278.0 2.0 1000.0 120440000.0
13300.0 0.0 0.0 33.0 0.0 0.0 0.0 60220000.0 271.0 2.0 1000.0 120440000.0
13400.0 0.0 0.0 31.0 0.0 0.0 0.0 60220000.0 265.0 2.0 1000.0 120440000.0
13500.0 0.0 0.0 31.0 0.0 0.0 0.0 60220000.0 258.0 2.0 1000.0 120440000.0
13600.0 0.0 0.0 31.0 0.0 0.0 0.0 60220000.0 253.0 2.0 1000.0 120440000.0
13700.0 0.0 0.0 31.0 0.0 0.0 0.0 60220000.0 248.0 2.0 1000.0 120440000.0
13800.0 0.0 0.0 30.0 0.0 0.0 0.0 60220000.0 243.0 2.0 1000.0 120440000.0
13900.0 0.0 0.0 30.0 0.0 0.0 0.0 60220000.0 239.0 2.0 1000.0 120440000.0
14000.0 0.0 0.0 29.0 0.0 0.0 0.0 60220000.0 235.0 2.0 1000.0 120440000.0
14100.0 0.0 0.0 29.0 0.0 0.0 0.0 60220000.0 230.0 2.0 1000.0 120440000.0
14200.0 0.0 0.0 29.0 0.0 0.0 0.0 60220000.0 223.0 2.0 1000.0 120440000.0
14300.0 0.0 0.0 28.0 0.0 0.0 0.0 60220000.0 219.0 2.0 1000.0 120440000.0
14400.0 0.0 0.0 28.0 0.0 0.0 0.0 60220000.0 217.0 2.0 1000.0 120440000.0
14500.0 0.0 0.0 28.0 0.0 0.0 0.0 60220000.0 215.0 2.0 1000.0 120440000.0
14600.0 0.0 0.0 28.0 0.0 0.0 0.0 60220000.0 211.0 2.0 1000.0 120440000.0
14700.0 0.0 0.0 28.0 0.0 0.0 0.0 60220000.0 209.0 2.0 1000.0 120440000.0
14800.0 0.0 0.0 28.0 0.0 0.0 0.0 60220000.0 205.0 2.0 1000.0 120440000.0
14900.0 0.0 0.0 27.0 0.0 0.0 0.0 60220000.0 200.0 2.0 1000.0 120440000.0
15000.0 0.0 0.0 26.0 0.0 0.0 0.0 60220000.0 200.0 2.0 1000.0 120440000.0
15100.0 0.0 0.0 26.0 0.0 0.0 0.0 60220000.0 197.0 2.0 1000.0 120440000.0
15200.0 0.0 0.0 26.0 0.0 0.0 0.0 60220000.0 195.0 2.0 1000.0 120440000.0
15300.0 0.0 0.0 25.0 0.0 0.0 0.0 60220000.0 190.0 2.0 1000.0 120440000.0
15400.0 0.0 0.0 24.0 0.0 0.0 0.0 60220000.0 186.0 2.0 1000.0 120440000.0
15500.0 0.0 0.0 23.0 0.0 0.0 0.0 60220000.0 183.0 2.0 1000.0 120440000.0
15600.0 0.0 0.0 23.0 0.0 0.0 0.0 60220000.0 180.0 2.0 1000.0 120440000.0
15700.0 0.0 0.0 23.0 0.0 0.0 0.0 60220000.0 177.0 2.0 1000.0 120440000.0
15800.0 0.0 0.0 22.0 0.0 0.0 0.0 60220000.0 176.0 2.0 1000.0 120440000.0
15900.0 0.0 0.0 22.0 0.0 0.0 0.0 60220000.0 174.0 2.0 1000.0 120440000.0
16000.0 0.0 0.0 22.0 0.0 0.0 0.0 60220000.0 173.0 2.0 1000.0 120440000.0
16100.0 0.0 0.0 22.0 0.0 0.0 0.0 60220000.0 170.0 2.0 1000.0 120440000.0
16200.0 0.0 0.0 22.0 0.0 0.0 0.0 60220000.0 169.0 2.0 1000.0 120440000.0
16300.0 0.0 0.0 21.0 0.0 0.0 0.0 60220000.0 166.0 2.0 1000.0 120440000.0
16400.0 0.0 0.0 20.0 0.0 0.0 0.0 60220000.0 164.0 2.0 1000.0 120440000.0
16500.0 0.0 0.0 20.0 0.0 0.0 0.0 60220000.0 161.0 2.0 1000.0 120440000.0
16600.0 0.0 0.0 19.0 0.0 0.0 0.0 60220000.0 160.0 2.0 1000.0 120440000.0
16700.0 0.0 0.0 19.0 0.0 0.0 0.0 60220000.0 153.0 2.0 1000.0 120440000.0
16800.0 0.0 0.0 19.0 0.0 0.0 0.0 60220000.0 149.0 2.0 1000.0 120440000.0
16900.0 0.0 0.0 19.0 0.0 0.0 0.0 60220000.0 148.0 2.0 1000.0 120440000.0
17000.0 0.0 0.0 19.0 0.0 0.0 0.0 60220000.0 144.0 2.0 1000.0 120440000.0
17100.0 0.0 0.0 18.0 0.0 0.0 0.0 60220000.0 141.0 2.0 1000.0 120440000.0
17200.0 0.0 0.0 17.0 0.0 0.0 0.0 60220000.0 139.0 2.0 1000.0 120440000.0
17300.0 0.0 0.0 17.0 0.0 0.0 0.0 60220000.0 137.0 2.0 1000.0 120440000.0
17400.0 0.0 0.0 17.0 0.0 0.0 0.0 60220000.0 133.0 2.0 1000.0 120440000.0
17500.0 0.0 0.0 16.0 0.0 0.0 0.0 60220000.0 129.0 2.0 1000.0 120440000.0
17600.0 0.0 0.0 15.0 0.0 0.0 0.0 60220000.0 127.0 2.0 1000.0 120440000.0
17700.0 1.0 0.0 17.0 0.0 0.0 0.0 60220000.0 139.0 2.0 1000.0 120440000.0
17800.0 1.0 1.0 21.0 0.0 0.0 0.0 60220000.0 166.0 2.0 1000.0 120440000.0
17900.0 1.0 0.0 27.0 0.0 0.0 0.0 60220000.0 203.0 2.0 1000.0 120440000.0
18000.0 0.0 1.0 26.0 0.0 0.0 0.0 60220000.0 199.0 2.0 1000.0 120440000.0
18100.0 0.0 1.0 26.0 0.0 0.0 0.0 60220000.0 196.0 2.0 1000.0 120440000.0
18200.0 0.0 1.0 26.0 0.0 0.0 0.0 60220000.0 191.0 2.0 1000.0 120440000.0
18300.0 0.0 1.0 25.0 0.0 0.0 0.0 60220000.0 188.0 2.0 1000.0 120440000.0
18400.0 0.0 1.0 25.0 0.0 0.0 0.0 60220000.0 184.0 2.0 1000.0 120440000.0
18500.0 0.0 1.0 24.0 0.0 0.0 0.0 60220000.0 183.0 2.0 1000.0 120440000.0
18600.0 0.0 1.0 24.0 0.0 0.0 0.0 60220000.0 179.0 2.0 1000.0 120440000.0
18700.0 0.0 1.0 24.0 0.0 0.0 0.0 60220000.0 176.0 2.0 1000.0 120440000.0
18800.0 0.0 1.0 24.0 0.0 0.0 0.0 60220000.0 173.0 2.0 1000.0 120440000.0
18900.0 0.0 1.0 24.0 0.0 0.0 0.0 60220000.0 171.0 2.0 1000.0 120440000.0
19000.0 0.0 1.0 24.0 0.0 0.0 0.0 60220000.0 168.0 2.0 1000.0 120440000.0
19100.0 0.0 1.0 23.0 0.0 0.0 0.0 60220000.0 164.0 2.0 1000.0 120440000.0
19200.0 0.0 1.0 23.0 0.0 0.0 0.0 60220000.0 164.0 2.0 1000.0 120440000.0
19300.0 0.0 1.0 23.0 0.0 0.0 0.0 60220000.0 164.0 2.0 1000.0 120440000.0
19400.0 0.0 1.0 23.0 0.0 0.0 0.0 60220000.0 162.0 2.0 1000.0 120440000.0
19500.0 0.0 1.0 23.0 0.0 0.0 0.0 60220000.0 157.0 2.0 1000.0 120440000.0
19600.0 0.0 1.0 23.0 0.0 0.0 0.0 60220000.0 153.0 2.0 1000.0 120440000.0
19700.0 0.0 1.0 23.0 0.0 0.0 0.0 60220000.0 152.0 2.0 1000.0 120440000.0
19800.0 0.0 1.0 23.0 0.0 0.0 0.0 60220000.0 152.0 2.0 1000.0 120440000.0
19900.0 0.0 1.0 23.0 0.0 0.0 0.0 60220000.0 152.0 2.0 1000.0 120440000.0
