time rna_M monomer_betaGal protein_betaGal Lactose_external Lactose_internal Glucose_external Glucose_internal protein_Lactose_Permease dna_Lac_Operon Biomass Lactose_consumed
0.0 0.0 0.0 0.0 120440000.0 0.0 60220000.0 0.0 0.0 2.0 1000.0 0.0
100.0 1.0 2.0 0.0 120439971.0 29.0 30122454.0 30097546.0 1.0 2.0 1000.0 0.0
200.0 0.0 2.0 3.0 120406976.0 26134.0 87849.0 60132151.0 24.0 2.0 1000.0 6890.0
300.0 0.0 2.0 3.0 120324159.0 74965.0 0.0 60220000.0 23.0 2.0 1000.0 40876.0
400.0 0.0 2.0 3.0 120241809.0 110433.0 0.0 60220000.0 23.0 2.0 1000.0 87758.0
500.0 0.0 2.0 3.0 120160135.0 138474.0 0.0 60220000.0 23.0 2.0 1000.0 141391.0
600.0 0.0 2.0 3.0 120079277.0 161467.0 0.0 60220000.0 22.0 2.0 1000.0 199256.0
700.0 0.0 2.0 3.0 120000308.0 180228.0 0.0 60220000.0 22.0 2.0 1000.0 259464.0
800.0 0.0 2.0 3.0 119921404.0 197259.0 0.0 60220000.0 22.0 2.0 1000.0 321337.0
900.0 0.0 2.0 3.0 119845877.0 208992.0 0.0 60220000.0 20.0 2.0 1000.0 385131.0
1000.0 0.0 2.0 3.0 119774686.0 216107.0 0.0 60220000.0 20.0 2.0 1000.0 449207.0
1100.0 0.0 2.0 3.0 119707784.0 218173.0 0.0 60220000.0 17.0 2.0 1000.0 514043.0
1200.0 0.0 2.0 3.0 119647488.0 213777.0 0.0 60220000.0 16.0 2.0 1000.0 578735.0
1300.0 0.0 2.0 3.0 119589941.0 206693.0 0.0 60220000.0 16.0 2.0 1000.0 643366.0
1400.0 0.0 2.0 3.0 119532884.0 200120.0 0.0 60220000.0 16.0 2.0 1000.0 706996.0
1500.0 0.0 2.0 3.0 119475511.0 194163.0 0.0 60220000.0 16.0 2.0 1000.0 770326.0
1600.0 0.0 2.0 3.0 119418561.0 188709.0 0.0 60220000.0 16.0 2.0 1000.0 832730.0
1700.0 0.0 2.0 3.0 119361076.0 184360.0 0.0 60220000.0 16.0 2.0 1000.0 894564.0
1800.0 0.0 2.0 3.0 119305619.0 178116.0 0.0 60220000.0 15.0 2.0 1000.0 956265.0
1900.0 0.0 2.0 3.0 119252537.0 170851.0 0.0 60220000.0 15.0 2.0 1000.0 1016612.0
2000.0 0.0 2.0 3.0 119199114.0 164231.0 0.0 60220000.0 15.0 2.0 1000.0 1076655.0
2100.0 0.0 2.0 3.0 119145858.0 158671.0 0.0 60220000.0 15.0 2.0 1000.0 1135471.0
2200.0 0.0 2.0 3.0 119091961.0 154164.0 0.0 60220000.0 15.0 2.0 1000.0 1193875.0
2300.0 0.0 2.0 3.0 119040726.0 147717.0 0.0 60220000.0 14.0 2.0 1000.0 1251557.0
2400.0 0.0 2.0 3.0 118991033.0 140551.0 0.0 60220000.0 14.0 2.0 1000.0 1308416.0
2500.0 0.0 2.0 3.0 118941089.0 135110.0 0.0 60220000.0 14.0 2.0 1000.0 1363801.0
2600.0 0.0 2.0 3.0 118891177.0 130405.0 0.0 60220000.0 14.0 2.0 1000.0 1418418.0
2700.0 0.0 2.0 3.0 118841393.0 125770.0 0.0 60220000.0 14.0 2.0 1000.0 1472837.0
2800.0 0.0 2.0 3.0 118790602.0 123259.0 0.0 60220000.0 14.0 2.0 1000.0 1526139.0
2900.0 0.0 2.0 3.0 118743541.0 117168.0 0.0 60220000.0 13.0 2.0 1000.0 1579291.0
3000.0 0.0 2.0 3.0 118696853.0 112009.0 0.0 60220000.0 13.0 2.0 1000.0 1631138.0
3100.0 0.0 2.0 3.0 118652438.0 105444.0 0.0 60220000.0 12.0 2.0 1000.0 1682118.0
3200.0 0.0 2.0 3.0 118610238.0 98446.0 0.0 60220000.0 11.0 2.0 1000.0 1731316.0
3300.0 0.0 2.0 3.0 118570795.0 90297.0 0.0 60220000.0 10.0 2.0 1000.0 1778908.0
3400.0 0.0 2.0 3.0 118537787.0 78682.0 0.0 60220000.0 9.0 2.0 1000.0 1823531.0
3500.0 0.0 2.0 3.0 118505520.0 69051.0 0.0 60220000.0 9.0 2.0 1000.0 1865429.0
3600.0 0.0 2.0 3.0 118473652.0 61678.0 0.0 60220000.0 9.0 2.0 1000.0 1904670.0
3700.0 0.0 2.0 3.0 118441495.0 56905.0 0.0 60220000.0 9.0 2.0 1000.0 1941600.0
3800.0 0.0 2.0 3.0 118412626.0 50913.0 0.0 60220000.0 8.0 2.0 1000.0 1976461.0
3900.0 0.0 2.0 3.0 118386258.0 44520.0 0.0 60220000.0 7.0 2.0 1000.0 2009222.0
4000.0 0.0 2.0 3.0 118361101.0 39724.0 0.0 60220000.0 7.0 2.0 1000.0 2039175.0
4100.0 0.0 2.0 2.0 118335928.0 43754.0 0.0 60220000.0 7.0 2.0 1000.0 2060318.0
4200.0 0.0 2.0 3.0 118296535.0 56085.0 0.0 60220000.0 16.0 2.0 1000.0 2087380.0
4300.0 0.0 2.0 3.0 118238923.0 74378.0 0.0 60220000.0 16.0 2.0 1000.0 2126699.0
4400.0 0.0 2.0 3.0 118184287.0 84919.0 0.0 60220000.0 15.0 2.0 1000.0 2170794.0
4500.0 0.0 2.0 3.0 118130565.0 92717.0 0.0 60220000.0 15.0 2.0 1000.0 2216718.0
4600.0 0.0 2.0 3.0 118077255.0 98153.0 0.0 60220000.0 15.0 2.0 1000.0 2264592.0
4700.0 0.0 2.0 3.0 118024284.0 102253.0 0.0 60220000.0 14.0 2.0 1000.0 2313463.0
4800.0 0.0 2.0 3.0 117974110.0 103119.0 0.0 60220000.0 14.0 2.0 1000.0 2362771.0
4900.0 0.0 2.0 3.0 117924269.0 103095.0 0.0 60220000.0 14.0 2.0 1000.0 2412636.0
5000.0 0.0 2.0 3.0 117874209.0 103971.0 0.0 60220000.0 14.0 2.0 1000.0 2461820.0
5100.0 0.0 2.0 3.0 117824387.0 103546.0 0.0 60220000.0 14.0 2.0 1000.0 2512067.0
5200.0 0.0 2.0 3.0 117774590.0 103497.0 0.0 60220000.0 14.0 2.0 1000.0 2561913.0
5300.0 0.0 2.0 3.0 117724884.0 103483.0 0.0 60220000.0 14.0 2.0 1000.0 2611633.0
5400.0 0.0 2.0 3.0 117674879.0 104027.0 0.0 60220000.0 14.0 2.0 1000.0 2661094.0
5500.0 0.0 2.0 3.0 117624658.0 104371.0 0.0 60220000.0 14.0 2.0 1000.0 2710971.0
5600.0 0.0 2.0 3.0 117574701.0 104674.0 0.0 60220000.0 14.0 2.0 1000.0 2760625.0
5700.0 0.0 2.0 3.0 117524969.0 104604.0 0.0 60220000.0 14.0 2.0 1000.0 2810427.0
5800.0 0.0 2.0 3.0 117475261.0 104210.0 0.0 60220000.0 14.0 2.0 1000.0 2860529.0
5900.0 0.0 2.0 3.0 117425528.0 104217.0 0.0 60220000.0 14.0 2.0 1000.0 2910255.0
6000.0 0.0 2.0 3.0 117375601.0 104382.0 0.0 60220000.0 14.0 2.0 1000.0 2960017.0
6100.0 0.0 2.0 3.0 117325542.0 104675.0 0.0 60220000.0 14.0 2.0 1000.0 3009783.0
6200.0 0.0 0.0 4.0 117276602.0 101739.0 0.0 60220000.0 14.0 2.0 1000.0 3061659.0
6300.0 0.0 0.0 4.0 117226375.0 88837.0 0.0 60220000.0 14.0 2.0 1000.0 3124788.0
6400.0 0.0 0.0 4.0 117176141.0 79789.0 0.0 60220000.0 14.0 2.0 1000.0 3184070.0
6500.0 0.0 0.0 4.0 117126031.0 73295.0 0.0 60220000.0 14.0 2.0 1000.0 3240674.0
6600.0 0.0 0.0 4.0 117075980.0 68711.0 0.0 60220000.0 14.0 2.0 1000.0 3295309.0
6700.0 0.0 0.0 4.0 117027415.0 64071.0 0.0 60220000.0 13.0 2.0 1000.0 3348514.0
6800.0 0.0 0.0 4.0 116981012.0 59516.0 0.0 60220000.0 13.0 2.0 1000.0 3399472.0
6900.0 0.0 0.0 4.0 116934723.0 57144.0 0.0 60220000.0 13.0 2.0 1000.0 3448133.0
7000.0 0.0 0.0 4.0 116888502.0 55820.0 0.0 60220000.0 13.0 2.0 1000.0 3495678.0
7100.0 0.0 0.0 4.0 116842016.0 54604.0 0.0 60220000.0 13.0 2.0 1000.0 3543380.0
7200.0 0.0 0.0 4.0 116797401.0 52699.0 0.0 60220000.0 12.0 2.0 1000.0 3589900.0
7300.0 0.0 0.0 4.0 116758131.0 47370.0 0.0 60220000.0 11.0 2.0 1000.0 3634499.0
7400.0 0.0 0.0 4.0 116718973.0 44210.0 0.0 60220000.0 11.0 2.0 1000.0 3676817.0
7500.0 0.0 0.0 4.0 116679782.0 42852.0 0.0 60220000.0 11.0 2.0 1000.0 3717366.0
7600.0 0.0 0.0 4.0 116640165.0 42331.0 0.0 60220000.0 11.0 2.0 1000.0 3757504.0
7700.0 0.0 0.0 4.0 116600930.0 41361.0 0.0 60220000.0 11.0 2.0 1000.0 3797709.0
7800.0 0.0 0.0 4.0 116561699.0 41267.0 0.0 60220000.0 11.0 2.0 1000.0 3837034.0
7900.0 0.0 0.0 4.0 116522372.0 41137.0 0.0 60220000.0 11.0 2.0 1000.0 3876491.0
8000.0 0.0 0.0 4.0 116482987.0 40936.0 0.0 60220000.0 11.0 2.0 1000.0 3916077.0
8100.0 0.0 0.0 4.0 116443741.0 40883.0 0.0 60220000.0 11.0 2.0 1000.0 3955376.0
8200.0 0.0 0.0 4.0 116404163.0 41195.0 0.0 60220000.0 11.0 2.0 1000.0 3994642.0
8300.0 0.0 0.0 4.0 116367923.0 38937.0 0.0 60220000.0 10.0 2.0 1000.0 4033140.0
8400.0 0.0 0.0 4.0 116332264.0 37461.0 0.0 60220000.0 10.0 2.0 1000.0 4070275.0
8500.0 0.0 0.0 4.0 116296396.0 36798.0 0.0 60220000.0 10.0 2.0 1000.0 4106806.0
8600.0 0.0 0.0 4.0 116260977.0 35982.0 0.0 60220000.0 10.0 2.0 1000.0 4143041.0
8700.0 0.0 0.0 4.0 116225448.0 35583.0 0.0 60220000.0 10.0 2.0 1000.0 4178969.0
8800.0 0.0 0.0 4.0 116189696.0 35794.0 0.0 60220000.0 10.0 2.0 1000.0 4214510.0
8900.0 0.0 0.0 4.0 116154151.0 35593.0 0.0 60220000.0 9.0 2.0 1000.0 4250256.0
9000.0 0.0 0.0 4.0 116121937.0 33139.0 0.0 60220000.0 9.0 2.0 1000.0 4284924.0
9100.0 0.0 0.0 4.0 116089956.0 31753.0 0.0 60220000.0 9.0 2.0 1000.0 4318291.0
9200.0 0.0 0.0 4.0 116057872.0 31323.0 0.0 60220000.0 9.0 2.0 1000.0 4350805.0
9300.0 0.0 0.0 4.0 116025883.0 31072.0 0.0 60220000.0 9.0 2.0 1000.0 4383045.0
9400.0 0.0 0.0 4.0 115993448.0 31122.0 0.0 60220000.0 9.0 2.0 1000.0 4415430.0
9500.0 0.0 0.0 4.0 115961016.0 31437.0 0.0 60220000.0 9.0 2.0 1000.0 4447547.0
9600.0 0.0 0.0 4.0 115928970.0 30812.0 0.0 60220000.0 9.0 2.0 1000.0 4480218.0
9700.0 0.0 0.0 4.0 115896716.0 30988.0 0.0 60220000.0 9.0 2.0 1000.0 4512296.0
9800.0 0.0 0.0 4.0 115865281.0 30420.0 0.0 60220000.0 8.0 2.0 1000.0 4544299.0
9900.0 0.0 0.0 4.0 115836600.0 28303.0 0.0 60220000.0 8.0 2.0 1000.0 4575097.0
10000.0 0.0 0.0 4.0 115810535.0 25517.0 0.0 60220000.0 7.0 2.0 1000.0 4603948.0
10100.0 0.0 0.0 4.0 115789208.0 20643.0 0.0 60220000.0 5.0 2.0 1000.0 4630149.0
10200.0 0.0 0.0 4.0 115771353.0 17052.0 0.0 60220000.0 5.0 2.0 1000.0 4651595.0
10300.0 0.0 0.0 4.0 115753405.0 15575.0 0.0 60220000.0 5.0 2.0 1000.0 4671020.0
10400.0 0.0 0.0 4.0 115735592.0 15121.0 0.0 60220000.0 5.0 2.0 1000.0 4689287.0
10500.0 0.0 0.0 4.0 115717709.0 14898.0 0.0 60220000.0 5.0 2.0 1000.0 4707393.0
10600.0 0.0 0.0 4.0 115699937.0 14751.0 0.0 60220000.0 5.0 2.0 1000.0 4725312.0
10700.0 0.0 0.0 4.0 115681971.0 14812.0 0.0 60220000.0 5.0 2.0 1000.0 4743217.0
10800.0 0.0 0.0 4.0 115664074.0 14727.0 0.0 60220000.0 5.0 2.0 1000.0 4761199.0
10900.0 0.0 0.0 4.0 115645982.0 14810.0 0.0 60220000.0 5.0 2.0 1000.0 4779208.0
11000.0 0.0 0.0 4.0 115628105.0 14759.0 0.0 60220000.0 5.0 2.0 1000.0 4797136.0
11100.0 0.0 0.0 4.0 115610286.0 14682.0 0.0 60220000.0 5.0 2.0 1000.0 4815032.0
11200.0 0.0 0.0 4.0 115592537.0 14738.0 0.0 60220000.0 5.0 2.0 1000.0 4832725.0
11300.0 0.0 0.0 4.0 115575843.0 13486.0 0.0 60220000.0 4.0 2.0 1000.0 4850671.0
11400.0 0.0 0.0 4.0 115561645.0 12119.0 0.0 60220000.0 4.0 2.0 1000.0 4866236.0
11500.0 0.0 0.0 4.0 115548002.0 10898.0 0.0 60220000.0 3.0 2.0 1000.0 4881100.0
11600.0 0.0 0.0 4.0 115537318.0 8994.0 0.0 60220000.0 3.0 2.0 1000.0 4893688.0
11700.0 0.0 0.0 4.0 115526445.0 8531.0 0.0 60220000.0 3.0 2.0 1000.0 4905024.0
11800.0 0.0 0.0 4.0 115515416.0 8408.0 0.0 60220000.0 3.0 2.0 1000.0 4916176.0
11900.0 0.0 0.0 4.0 115504472.0 8370.0 0.0 60220000.0 3.0 2.0 1000.0 4927158.0
12000.0 0.0 0.0 4.0 115493834.0 8264.0 0.0 60220000.0 3.0 2.0 1000.0 4937902.0
12100.0 0.0 0.0 4.0 115483394.0 8066.0 0.0 60220000.0 3.0 2.0 1000.0 4948540.0
12200.0 0.0 0.0 4.0 115472748.0 8063.0 0.0 60220000.0 3.0 2.0 1000.0 4959189.0
12300.0 0.0 0.0 4.0 115461860.0 8316.0 0.0 60220000.0 3.0 2.0 1000.0 4969824.0
12400.0 0.0 0.0 4.0 115450980.0 8313.0 0.0 60220000.0 3.0 2.0 1000.0 4980707.0
12500.0 0.0 0.0 4.0 115440201.0 8326.0 0.0 60220000.0 3.0 2.0 1000.0 4991473.0
12600.0 0.0 0.0 4.0 115429492.0 8279.0 0.0 60220000.0 3.0 2.0 1000.0 5002229.0
12700.0 0.0 0.0 3.0 115418698.0 9871.0 0.0 60220000.0 3.0 2.0 1000.0 5011431.0
12800.0 0.0 0.0 3.0 115408078.0 10394.0 0.0 60220000.0 3.0 2.0 1000.0 5021528.0
12900.0 0.0 0.0 3.0 115397468.0 10928.0 0.0 60220000.0 3.0 2.0 1000.0 5031604.0
13000.0 0.0 0.0 3.0 115386821.0 11090.0 0.0 60220000.0 3.0 2.0 1000.0 5042089.0
13100.0 0.0 0.0 3.0 115376114.0 11203.0 0.0 60220000.0 3.0 2.0 1000.0 5052683.0
13200.0 0.0 0.0 3.0 115365464.0 11257.0 0.0 60220000.0 3.0 2.0 1000.0 5063279.0
13300.0 0.0 0.0 3.0 115354668.0 11352.0 0.0 60220000.0 3.0 2.0 1000.0 5073980.0
13400.0 0.0 0.0 3.0 115344028.0 11249.0 0.0 60220000.0 3.0 2.0 1000.0 5084723.0
13500.0 1.0 2.0 3.0 115330914.0 13569.0 0.0 60220000.0 11.0 2.0 1000.0 5095517.0
13600.0 1.0 2.0 8.0 115238751.0 54006.0 0.0 60220000.0 41.0 2.0 1000.0 5147243.0
13700.0 1.0 1.0 11.0 115041395.0 113425.0 0.0 60220000.0 70.0 2.0 1000.0 5285180.0
13800.0 1.0 0.0 16.0 114728327.0 171191.0 0.0 60220000.0 97.0 2.0 1000.0 5540482.0
13900.0 0.0 3.0 18.0 114325838.0 211109.0 0.0 60220000.0 118.0 2.0 1000.0 5903053.0
14000.0 0.0 3.0 17.0 113912578.0 236410.0 0.0 60220000.0 113.0 2.0 1000.0 6291012.0
14100.0 0.0 3.0 16.0 113516094.0 255765.0 0.0 60220000.0 109.0 2.0 1000.0 6668141.0
14200.0 0.0 3.0 16.0 113129615.0 277753.0 0.0 60220000.0 107.0 2.0 1000.0 7032632.0
14300.0 0.0 3.0 16.0 112750422.0 286367.0 0.0 60220000.0 106.0 2.0 1000.0 7403211.0
14400.0 0.0 3.0 15.0 112373457.0 311206.0 0.0 60220000.0 105.0 2.0 1000.0 7755337.0
14500.0 0.0 3.0 15.0 112004706.0 324642.0 0.0 60220000.0 103.0 2.0 1000.0 8110652.0
14600.0 0.0 3.0 15.0 111642388.0 329009.0 0.0 60220000.0 101.0 2.0 1000.0 8468603.0
14700.0 0.0 3.0 15.0 111281807.0 330490.0 0.0 60220000.0 101.0 2.0 1000.0 8827703.0
14800.0 0.0 3.0 15.0 110925671.0 328192.0 0.0 60220000.0 99.0 2.0 1000.0 9186137.0
14900.0 0.0 3.0 14.0 110574193.0 342328.0 0.0 60220000.0 98.0 2.0 1000.0 9523479.0
15000.0 0.0 3.0 14.0 110224393.0 353739.0 0.0 60220000.0 98.0 2.0 1000.0 9861868.0
15100.0 0.0 3.0 14.0 109874447.0 364673.0 0.0 60220000.0 98.0 2.0 1000.0 10200880.0
15200.0 0.0 3.0 14.0 109527913.0 369861.0 0.0 60220000.0 97.0 2.0 1000.0 10542226.0
15300.0 1.0 2.0 15.0 109177478.0 388253.0 0.0 60220000.0 112.0 2.0 1000.0 10874269.0
15400.0 0.0 1.0 19.0 108728848.0 411773.0 0.0 60220000.0 133.0 2.0 1000.0 11299379.0
15500.0 0.0 3.0 21.0 108227447.0 401697.0 0.0 60220000.0 143.0 2.0 1000.0 11810856.0
15600.0 0.0 3.0 20.0 107722739.0 398410.0 0.0 60220000.0 140.0 2.0 1000.0 12318851.0
15700.0 0.0 3.0 19.0 107226143.0 420376.0 0.0 60220000.0 138.0 2.0 1000.0 12793481.0
15800.0 0.0 3.0 19.0 106736906.0 433313.0 0.0 60220000.0 137.0 2.0 1000.0 13269781.0
15900.0 0.0 3.0 19.0 106247765.0 444285.0 0.0 60220000.0 137.0 2.0 1000.0 13747950.0
16000.0 0.0 3.0 19.0 105761347.0 449715.0 0.0 60220000.0 136.0 2.0 1000.0 14228938.0
16100.0 0.0 3.0 18.0 105284021.0 469891.0 0.0 60220000.0 132.0 2.0 1000.0 14686088.0
16200.0 0.0 3.0 18.0 104816345.0 478746.0 0.0 60220000.0 129.0 2.0 1000.0 15144909.0
16300.0 0.0 3.0 18.0 104359624.0 476468.0 0.0 60220000.0 126.0 2.0 1000.0 15603908.0
16400.0 0.0 3.0 18.0 103914795.0 463680.0 0.0 60220000.0 124.0 2.0 1000.0 16061525.0
16500.0 0.0 3.0 17.0 103476318.0 470379.0 0.0 60220000.0 122.0 2.0 1000.0 16493303.0
16600.0 0.0 3.0 15.0 103041783.0 507555.0 0.0 60220000.0 122.0 2.0 1000.0 16890662.0
16700.0 0.0 3.0 15.0 102612382.0 547411.0 0.0 60220000.0 118.0 2.0 1000.0 17280207.0
16800.0 0.0 3.0 15.0 102195628.0 572946.0 0.0 60220000.0 115.0 2.0 1000.0 17671426.0
16900.0 0.0 3.0 15.0 101795253.0 580769.0 0.0 60220000.0 111.0 2.0 1000.0 18063978.0
17000.0 0.0 3.0 15.0 101405055.0 576669.0 0.0 60220000.0 108.0 2.0 1000.0 18458276.0
17100.0 0.0 3.0 15.0 101020982.0 568273.0 0.0 60220000.0 107.0 2.0 1000.0 18850745.0
17200.0 0.0 3.0 14.0 100643244.0 568524.0 0.0 60220000.0 105.0 2.0 1000.0 19228232.0
17300.0 0.0 3.0 14.0 100274287.0 570728.0 0.0 60220000.0 103.0 2.0 1000.0 19594985.0
17400.0 0.0 3.0 13.0 99910638.0 588144.0 0.0 60220000.0 101.0 2.0 1000.0 19941218.0
17500.0 0.0 3.0 13.0 99550631.0 606244.0 0.0 60220000.0 101.0 2.0 1000.0 20283125.0
17600.0 0.0 3.0 13.0 99193812.0 619684.0 0.0 60220000.0 100.0 2.0 1000.0 20626504.0
17700.0 0.0 3.0 13.0 98844733.0 625465.0 0.0 60220000.0 96.0 2.0 1000.0 20969802.0
17800.0 0.0 3.0 13.0 98501336.0 624160.0 0.0 60220000.0 95.0 2.0 1000.0 21314504.0
17900.0 0.0 3.0 13.0 98162619.0 618837.0 0.0 60220000.0 95.0 2.0 1000.0 21658544.0
18000.0 0.0 3.0 13.0 97823960.0 614015.0 0.0 60220000.0 95.0 2.0 1000.0 22002025.0
18100.0 0.0 3.0 12.0 97486134.0 633002.0 0.0 60220000.0 94.0 2.0 1000.0 22320864.0
18200.0 0.0 3.0 11.0 97152647.0 653689.0 0.0 60220000.0 93.0 2.0 1000.0 22633664.0
18300.0 0.0 3.0 11.0 96824630.0 688308.0 0.0 60220000.0 91.0 2.0 1000.0 22927062.0
18400.0 0.0 3.0 11.0 96503264.0 714844.0 0.0 60220000.0 90.0 2.0 1000.0 23221892.0
18500.0 0.0 3.0 11.0 96183529.0 738046.0 0.0 60220000.0 88.0 2.0 1000.0 23518425.0
18600.0 0.0 3.0 11.0 95869848.0 755374.0 0.0 60220000.0 88.0 2.0 1000.0 23814778.0
18700.0 0.0 3.0 11.0 95556176.0 772304.0 0.0 60220000.0 88.0 2.0 1000.0 24111520.0
18800.0 0.0 3.0 10.0 95247644.0 799828.0 0.0 60220000.0 85.0 2.0 1000.0 24392528.0
18900.0 0.0 3.0 10.0 94944841.0 830656.0 0.0 60220000.0 85.0 2.0 1000.0 24664503.0
19000.0 0.0 3.0 9.0 94642000.0 870083.0 0.0 60220000.0 85.0 2.0 1000.0 24927917.0
19100.0 0.0 3.0 9.0 94345368.0 919346.0 0.0 60220000.0 82.0 2.0 1000.0 25175286.0
19200.0 0.0 3.0 9.0 94054219.0 963379.0 0.0 60220000.0 81.0 2.0 1000.0 25422402.0
19300.0 1.0 1.0 10.0 93756672.0 1019121.0 0.0 60220000.0 92.0 2.0 1000.0 25664207.0
19400.0 0.0 3.0 12.0 93368608.0 1091723.0 0.0 60220000.0 122.0 2.0 1000.0 25979669.0
19500.0 0.0 3.0 12.0 92938052.0 1186076.0 0.0 60220000.0 121.0 2.0 1000.0 26315872.0
19600.0 0.0 3.0 12.0 92509105.0 1277445.0 0.0 60220000.0 119.0 2.0 1000.0 26653450.0
19700.0 0.0 3.0 12.0 92087815.0 1361339.0 0.0 60220000.0 118.0 2.0 1000.0 26990846.0
19800.0 0.0 1.0 13.0 91660734.0 1434045.0 0.0 60220000.0 122.0 2.0 1000.0 27345221.0
19900.0 0.0 1.0 13.0 91228719.0 1496955.0 0.0 60220000.0 120.0 2.0 1000.0 27714326.0
