time rna_M monomer_betaGal protein_betaGal Lactose_external Lactose_internal Glucose_external Glucose_internal protein_Lactose_Permease dna_Lac_Operon Biomass Lactose_consumed
0.0 0.0 0.0 0.0 120440000.0 0.0 60220000.0 0.0 0.0 2.0 1000.0 0.0
100.0 0.0 0.0 0.0 120440000.0 0.0 30126283.0 30093717.0 0.0 2.0 1000.0 0.0
200.0 0.0 0.0 0.0 120440000.0 0.0 79236.0 60140764.0 0.0 2.0 1000.0 0.0
300.0 0.0 0.0 0.0 120440000.0 0.0 0.0 60220000.0 0.0 2.0 1000.0 0.0
400.0 0.0 0.0 0.0 120440000.0 0.0 0.0 60220000.0 0.0 2.0 1000.0 0.0
500.0 0.0 0.0 0.0 120440000.0 0.0 0.0 60220000.0 0.0 2.0 1000.0 0.0
600.0 0.0 0.0 0.0 120440000.0 0.0 0.0 60220000.0 0.0 2.0 1000.0 0.0
700.0 0.0 0.0 0.0 120440000.0 0.0 0.0 60220000.0 0.0 2.0 1000.0 0.0
800.0 0.0 0.0 0.0 120440000.0 0.0 0.0 60220000.0 0.0 2.0 1000.0 0.0
900.0 0.0 0.0 0.0 120440000.0 0.0 0.0 60220000.0 0.0 2.0 1000.0 0.0
1000.0 0.0 0.0 0.0 120440000.0 0.0 0.0 60220000.0 0.0 2.0 1000.0 0.0
1100.0 0.0 0.0 0.0 120440000.0 0.0 0.0 60220000.0 0.0 2.0 1000.0 0.0
1200.0 0.0 0.0 0.0 120440000.0 0.0 0.0 60220000.0 0.0 2.0 1000.0 0.0
1300.0 0.0 0.0 0.0 120440000.0 0.0 0.0 60220000.0 0.0 2.0 1000.0 0.0
1400.0 0.0 0.0 0.0 120440000.0 0.0 0.0 60220000.0 0.0 2.0 1000.0 0.0
1500.0 0.0 0.0 0.0 120440000.0 0.0 0.0 60220000.0 0.0 2.0 1000.0 0.0
1600.0 0.0 0.0 0.0 120440000.0 0.0 0.0 60220000.0 0.0 2.0 1000.0 0.0
1700.0 0.0 0.0 0.0 120440000.0 0.0 0.0 60220000.0 0.0 2.0 1000.0 0.0
1800.0 0.0 0.0 0.0 120440000.0 0.0 0.0 60220000.0 0.0 2.0 1000.0 0.0
1900.0 0.0 0.0 0.0 120440000.0 0.0 0.0 60220000.0 0.0 2.0 1000.0 0.0
2000.0 0.0 0.0 0.0 120440000.0 0.0 0.0 60220000.0 0.0 2.0 1000.0 0.0
2100.0 0.0 0.0 0.0 120440000.0 0.0 0.0 60220000.0 0.0 2.0 1000.0 0.0
2200.0 0.0 0.0 0.0 120440000.0 0.0 0.0 60220000.0 0.0 2.0 1000.0 0.0
2300.0 0.0 0.0 0.0 120440000.0 0.0 0.0 60220000.0 0.0 2.0 1000.0 0.0
2400.0 0.0 0.0 0.0 120440000.0 0.0 0.0 60220000.0 0.0 2.0 1000.0 0.0
2500.0 0.0 0.0 0.0 120440000.0 0.0 0.0 60220000.0 0.0 2.0 1000.0 0.0
2600.0 0.0 0.0 0.0 120440000.0 0.0 0.0 60220000.0 0.0 2.0 1000.0 0.0
2700.0 0.0 0.0 0.0 120440000.0 0.0 0.0 60220000.0 0.0 2.0 1000.0 0.0
2800.0 0.0 0.0 0.0 120440000.0 0.0 0.0 60220000.0 0.0 2.0 1000.0 0.0
2900.0 0.0 0.0 0.0 120440000.0 0.0 0.0 60220000.0 0.0 2.0 1000.0 0.0
3000.0 0.0 0.0 0.0 120440000.0 0.0 0.0 60220000.0 0.0 2.0 1000.0 0.0
3100.0 0.0 0.0 0.0 120440000.0 0.0 0.0 60220000.0 0.0 2.0 1000.0 0.0
3200.0 0.0 0.0 0.0 120440000.0 0.0 0.0 60220000.0 0.0 2.0 1000.0 0.0
3300.0 0.0 0.0 0.0 120440000.0 0.0 0.0 60220000.0 0.0 2.0 1000.0 0.0
3400.0 0.0 0.0 0.0 120440000.0 0.0 0.0 60220000.0 0.0 2.0 1000.0 0.0
3500.0 0.0 0.0 0.0 120440000.0 0.0 0.0 60220000.0 0.0 2.0 1000.0 0.0
3600.0 0.0 0.0 0.0 120440000.0 0.0 0.0 60220000.0 0.0 2.0 1000.0 0.0
3700.0 0.0 0.0 0.0 120440000.0 0.0 0.0 60220000.0 0.0 2.0 1000.0 0.0
3800.0 0.0 0.0 0.0 120440000.0 0.0 0.0 60220000.0 0.0 2.0 1000.0 0.0
3900.0 0.0 0.0 0.0 120440000.0 0.0 0.0 60220000.0 0.0 2.0 1000.0 0.0
4000.0 0.0 0.0 0.0 120440000.0 0.0 0.0 60220000.0 0.0 2.0 1000.0 0.0
4100.0 0.0 0.0 0.0 120440000.0 0.0 0.0 60220000.0 0.0 2.0 1000.0 0.0
4200.0 0.0 0.0 0.0 120440000.0 0.0 0.0 60220000.0 0.0 2.0 1000.0 0.0
4300.0 0.0 0.0 0.0 120440000.0 0.0 0.0 60220000.0 0.0 2.0 1000.0 0.0
4400.0 0.0 0.0 0.0 120440000.0 0.0 0.0 60220000.0 0.0 2.0 1000.0 0.0
4500.0 0.0 0.0 0.0 120440000.0 0.0 0.0 60220000.0 0.0 2.0 1000.0 0.0
4600.0 0.0 0.0 0.0 120440000.0 0.0 0.0 60220000.0 0.0 2.0 1000.0 0.0
4700.0 0.0 0.0 0.0 120440000.0 0.0 0.0 60220000.0 0.0 2.0 1000.0 0.0
4800.0 0.0 0.0 0.0 120440000.0 0.0 0.0 60220000.0 0.0 2.0 1000.0 0.0
4900.0 0.0 0.0 0.0 120440000.0 0.0 0.0 60220000.0 0.0 2.0 1000.0 0.0
5000.0 0.0 0.0 0.0 120440000.0 0.0 0.0 60220000.0 0.0 2.0 1000.0 0.0
5100.0 0.0 0.0 0.0 120440000.0 0.0 0.0 60220000.0 0.0 2.0 1000.0 0.0
5200.0 0.0 0.0 0.0 120440000.0 0.0 0.0 60220000.0 0.0 2.0 1000.0 0.0
5300.0 0.0 0.0 0.0 120440000.0 0.0 0.0 60220000.0 0.0 2.0 1000.0 0.0
5400.0 0.0 0.0 0.0 120440000.0 0.0 0.0 60220000.0 0.0 2.0 1000.0 0.0
5500.0 0.0 0.0 0.0 120440000.0 0.0 0.0 60220000.0 0.0 2.0 1000.0 0.0
5600.0 0.0 0.0 0.0 120440000.0 0.0 0.0 60220000.0 0.0 2.0 1000.0 0.0
5700.0 0.0 0.0 0.0 120440000.0 0.0 0.0 60220000.0 0.0 2.0 1000.0 0.0
5800.0 0.0 0.0 0.0 120440000.0 0.0 0.0 60220000.0 0.0 2.0 1000.0 0.0
5900.0 0.0 0.0 0.0 120440000.0 0.0 0.0 60220000.0 0.0 2.0 1000.0 0.0
6000.0 0.0 0.0 0.0 120440000.0 0.0 0.0 60220000.0 0.0 2.0 1000.0 0.0
6100.0 0.0 0.0 0.0 120440000.0 0.0 0.0 60220000.0 0.0 2.0 1000.0 0.0
6200.0 0.0 0.0 0.0 120440000.0 0.0 0.0 60220000.0 0.0 2.0 1000.0 0.0
6300.0 0.0 0.0 0.0 120440000.0 0.0 0.0 60220000.0 0.0 2.0 1000.0 0.0
6400.0 0.0 0.0 0.0 120440000.0 0.0 0.0 60220000.0 0.0 2.0 1000.0 0.0
6500.0 0.0 0.0 0.0 120440000.0 0.0 0.0 60220000.0 0.0 2.0 1000.0 0.0
6600.0 0.0 0.0 0.0 120440000.0 0.0 0.0 60220000.0 0.0 2.0 1000.0 0.0
6700.0 0.0 0.0 0.0 120440000.0 0.0 0.0 60220000.0 0.0 2.0 1000.0 0.0
6800.0 0.0 0.0 0.0 120440000.0 0.0 0.0 60220000.0 0.0 2.0 1000.0 0.0
6900.0 0.0 0.0 0.0 120440000.0 0.0 0.0 60220000.0 0.0 2.0 1000.0 0.0
7000.0 0.0 0.0 0.0 120440000.0 0.0 0.0 60220000.0 0.0 2.0 1000.0 0.0
7100.0 0.0 0.0 0.0 120440000.0 0.0 0.0 60220000.0 0.0 2.0 1000.0 0.0
7200.0 0.0 0.0 0.0 120440000.0 0.0 0.0 60220000.0 0.0 2.0 1000.0 0.0
7300.0 0.0 0.0 0.0 120440000.0 0.0 0.0 60220000.0 0.0 2.0 1000.0 0.0
7400.0 0.0 0.0 0.0 120440000.0 0.0 0.0 60220000.0 0.0 2.0 1000.0 0.0
7500.0 0.0 0.0 0.0 120440000.0 0.0 0.0 60220000.0 0.0 2.0 1000.0 0.0
7600.0 0.0 0.0 0.0 120440000.0 0.0 0.0 60220000.0 0.0 2.0 1000.0 0.0
7700.0 0.0 0.0 0.0 120440000.0 0.0 0.0 60220000.0 0.0 2.0 1000.0 0.0
7800.0 0.0 0.0 0.0 120440000.0 0.0 0.0 60220000.0 0.0 2.0 1000.0 0.0
7900.0 0.0 0.0 0.0 120440000.0 0.0 0.0 60220000.0 0.0 2.0 1000.0 0.0
8000.0 0.0 0.0 0.0 120440000.0 0.0 0.0 60220000.0 0.0 2.0 1000.0 0.0
8100.0 0.0 0.0 0.0 120440000.0 0.0 0.0 60220000.0 0.0 2.0 1000.0 0.0
8200.0 0.0 0.0 0.0 120440000.0 0.0 0.0 60220000.0 0.0 2.0 1000.0 0.0
8300.0 0.0 0.0 0.0 120440000.0 0.0 0.0 60220000.0 0.0 2.0 1000.0 0.0
8400.0 0.0 0.0 0.0 120440000.0 0.0 0.0 60220000.0 0.0 2.0 1000.0 0.0
8500.0 0.0 0.0 0.0 120440000.0 0.0 0.0 60220000.0 0.0 2.0 1000.0 0.0
8600.0 0.0 0.0 0.0 120440000.0 0.0 0.0 60220000.0 0.0 2.0 1000.0 0.0
8700.0 0.0 0.0 0.0 120440000.0 0.0 0.0 60220000.0 0.0 2.0 1000.0 0.0
8800.0 0.0 0.0 0.0 120440000.0 0.0 0.0 60220000.0 0.0 2.0 1000.0 0.0
8900.0 0.0 0.0 0.0 120440000.0 0.0 0.0 60220000.0 0.0 2.0 1000.0 0.0
9000.0 0.0 0.0 0.0 120440000.0 0.0 0.0 60220000.0 0.0 2.0 1000.0 0.0
9100.0 0.0 0.0 0.0 120440000.0 0.0 0.0 60220000.0 0.0 2.0 1000.0 0.0
9200.0 0.0 0.0 0.0 120440000.0 0.0 0.0 60220000.0 0.0 2.0 1000.0 0.0
9300.0 0.0 0.0 0.0 120440000.0 0.0 0.0 60220000.0 0.0 2.0 1000.0 0.0
9400.0 0.0 0.0 0.0 120440000.0 0.0 0.0 60220000.0 0.0 2.0 1000.0 0.0
9500.0 0.0 0.0 0.0 120440000.0 0.0 0.0 60220000.0 0.0 2.0 1000.0 0.0
9600.0 0.0 0.0 0.0 120440000.0 0.0 0.0 60220000.0 0.0 2.0 1000.0 0.0
9700.0 0.0 0.0 0.0 120440000.0 0.0 0.0 60220000.0 0.0 2.0 1000.0 0.0
9800.0 0.0 0.0 0.0 120440000.0 0.0 0.0 60220000.0 0.0 2.0 1000.0 0.0
9900.0 0.0 0.0 0.0 120440000.0 0.0 0.0 60220000.0 0.0 2.0 1000.0 0.0
10000.0 0.0 0.0 0.0 120440000.0 0.0 0.0 60220000.0 0.0 2.0 1000.0 0.0
10100.0 0.0 0.0 0.0 120440000.0 0.0 0.0 60220000.0 0.0 2.0 1000.0 0.0
10200.0 0.0 0.0 0.0 120440000.0 0.0 0.0 60220000.0 0.0 2.0 1000.0 0.0
10300.0 0.0 0.0 0.0 120440000.0 0.0 0.0 60220000.0 0.0 2.0 1000.0 0.0
10400.0 0.0 0.0 0.0 120440000.0 0.0 0.0 60220000.0 0.0 2.0 1000.0 0.0
10500.0 0.0 0.0 0.0 120440000.0 0.0 0.0 60220000.0 0.0 2.0 1000.0 0.0
10600.0 0.0 0.0 0.0 120440000.0 0.0 0.0 60220000.0 0.0 2.0 1000.0 0.0
10700.0 0.0 0.0 0.0 120440000.0 0.0 0.0 60220000.0 0.0 2.0 1000.0 0.0
10800.0 0.0 0.0 0.0 120440000.0 0.0 0.0 60220000.0 0.0 2.0 1000.0 0.0
10900.0 0.0 0.0 0.0 120440000.0 0.0 0.0 60220000.0 0.0 2.0 1000.0 0.0
11000.0 0.0 0.0 0.0 120440000.0 0.0 0.0 60220000.0 0.0 2.0 1000.0 0.0
11100.0 0.0 0.0 0.0 120440000.0 0.0 0.0 60220000.0 0.0 2.0 1000.0 0.0
11200.0 0.0 0.0 0.0 120440000.0 0.0 0.0 60220000.0 0.0 2.0 1000.0 0.0
11300.0 0.0 0.0 0.0 120440000.0 0.0 0.0 60220000.0 0.0 2.0 1000.0 0.0
11400.0 0.0 0.0 0.0 120440000.0 0.0 0.0 60220000.0 0.0 2.0 1000.0 0.0
11500.0 0.0 0.0 0.0 120440000.0 0.0 0.0 60220000.0 0.0 2.0 1000.0 0.0
11600.0 0.0 0.0 0.0 120440000.0 0.0 0.0 60220000.0 0.0 2.0 1000.0 0.0
11700.0 0.0 0.0 0.0 120440000.0 0.0 0.0 60220000.0 0.0 2.0 1000.0 0.0
11800.0 0.0 0.0 0.0 120440000.0 0.0 0.0 60220000.0 0.0 2.0 1000.0 0.0
11900.0 0.0 0.0 0.0 120440000.0 0.0 0.0 60220000.0 0.0 2.0 1000.0 0.0
12000.0 0.0 0.0 0.0 120440000.0 0.0 0.0 60220000.0 0.0 2.0 1000.0 0.0
12100.0 0.0 0.0 0.0 120440000.0 0.0 0.0 60220000.0 0.0 2.0 1000.0 0.0
12200.0 0.0 0.0 0.0 120440000.0 0.0 0.0 60220000.0 0.0 2.0 1000.0 0.0
12300.0 0.0 0.0 0.0 120440000.0 0.0 0.0 60220000.0 0.0 2.0 1000.0 0.0
12400.0 0.0 0.0 0.0 120440000.0 0.0 0.0 60220000.0 0.0 2.0 1000.0 0.0
12500.0 0.0 0.0 0.0 120440000.0 0.0 0.0 60220000.0 0.0 2.0 1000.0 0.0
12600.0 0.0 0.0 0.0 120440000.0 0.0 0.0 60220000.0 0.0 2.0 1000.0 0.0
12700.0 0.0 0.0 0.0 120440000.0 0.0 0.0 60220000.0 0.0 2.0 1000.0 0.0
12800.0 0.0 0.0 0.0 120440000.0 0.0 0.0 60220000.0 0.0 2.0 1000.0 0.0
12900.0 0.0 0.0 0.0 120440000.0 0.0 0.0 60220000.0 0.0 2.0 1000.0 0.0
13000.0 0.0 0.0 0.0 120440000.0 0.0 0.0 60220000.0 0.0 2.0 1000.0 0.0
13100.0 0.0 0.0 0.0 120440000.0 0.0 0.0 60220000.0 0.0 2.0 1000.0 0.0
13200.0 0.0 0.0 0.0 120440000.0 0.0 0.0 60220000.0 0.0 2.0 1000.0 0.0
13300.0 0.0 0.0 0.0 120440000.0 0.0 0.0 60220000.0 0.0 2.0 1000.0 0.0
13400.0 0.0 0.0 0.0 120440000.0 0.0 0.0 60220000.0 0.0 2.0 1000.0 0.0
13500.0 0.0 0.0 0.0 120440000.0 0.0 0.0 60220000.0 0.0 2.0 1000.0 0.0
13600.0 0.0 0.0 0.0 120440000.0 0.0 0.0 60220000.0 0.0 2.0 1000.0 0.0
13700.0 0.0 3.0 1.0 120417515.0 20980.0 0.0 60220000.0 14.0 2.0 1000.0 1505.0
13800.0 0.0 3.0 1.0 120367327.0 61426.0 0.0 60220000.0 14.0 2.0 1000.0 11247.0
13900.0 1.0 3.0 1.0 120316988.0 97004.0 0.0 60220000.0 16.0 2.0 1000.0 26008.0
14000.0 1.0 3.0 5.0 120214583.0 128179.0 0.0 60220000.0 42.0 2.0 1000.0 97238.0
14100.0 0.0 3.0 5.0 120062574.0 183384.0 0.0 60220000.0 41.0 2.0 1000.0 194042.0
14200.0 0.0 3.0 5.0 119923928.0 216239.0 0.0 60220000.0 38.0 2.0 1000.0 299833.0
14300.0 0.0 3.0 5.0 119787998.0 242593.0 0.0 60220000.0 38.0 2.0 1000.0 409409.0
14400.0 0.0 3.0 5.0 119654475.0 263765.0 0.0 60220000.0 37.0 2.0 1000.0 521760.0
14500.0 0.0 3.0 5.0 119524867.0 279065.0 0.0 60220000.0 36.0 2.0 1000.0 636068.0
14600.0 0.0 3.0 5.0 119395696.0 292197.0 0.0 60220000.0 36.0 2.0 1000.0 752107.0
14700.0 0.0 3.0 4.0 119268166.0 302751.0 0.0 60220000.0 35.0 2.0 1000.0 869083.0
14800.0 0.0 3.0 4.0 119144111.0 332114.0 0.0 60220000.0 34.0 2.0 1000.0 963775.0
14900.0 0.0 3.0 4.0 119026671.0 353380.0 0.0 60220000.0 32.0 2.0 1000.0 1059949.0
15000.0 0.0 3.0 4.0 118915068.0 367737.0 0.0 60220000.0 30.0 2.0 1000.0 1157195.0
15100.0 0.0 3.0 4.0 118807601.0 377736.0 0.0 60220000.0 30.0 2.0 1000.0 1254663.0
15200.0 0.0 3.0 4.0 118700409.0 387001.0 0.0 60220000.0 30.0 2.0 1000.0 1352590.0
15300.0 0.0 3.0 4.0 118593271.0 395990.0 0.0 60220000.0 30.0 2.0 1000.0 1450739.0
15400.0 0.0 3.0 4.0 118486798.0 403391.0 0.0 60220000.0 30.0 2.0 1000.0 1549811.0
15500.0 0.0 3.0 4.0 118379420.0 410830.0 0.0 60220000.0 30.0 2.0 1000.0 1649750.0
15600.0 0.0 3.0 4.0 118276704.0 413479.0 0.0 60220000.0 28.0 2.0 1000.0 1749817.0
15700.0 0.0 3.0 4.0 118176537.0 413512.0 0.0 60220000.0 28.0 2.0 1000.0 1849951.0
15800.0 0.0 3.0 4.0 118076566.0 413954.0 0.0 60220000.0 28.0 2.0 1000.0 1949480.0
15900.0 0.0 3.0 4.0 117976673.0 413776.0 0.0 60220000.0 28.0 2.0 1000.0 2049551.0
16000.0 0.0 3.0 4.0 117876643.0 414316.0 0.0 60220000.0 27.0 2.0 1000.0 2149041.0
16100.0 0.0 3.0 4.0 117783194.0 408226.0 0.0 60220000.0 25.0 2.0 1000.0 2248580.0
16200.0 0.0 3.0 4.0 117693763.0 398355.0 0.0 60220000.0 25.0 2.0 1000.0 2347882.0
16300.0 0.0 3.0 3.0 117604835.0 393990.0 0.0 60220000.0 25.0 2.0 1000.0 2441175.0
16400.0 0.0 3.0 3.0 117515425.0 409034.0 0.0 60220000.0 25.0 2.0 1000.0 2515541.0
16500.0 0.0 3.0 3.0 117427139.0 422363.0 0.0 60220000.0 24.0 2.0 1000.0 2590498.0
16600.0 0.0 3.0 3.0 117342172.0 432337.0 0.0 60220000.0 24.0 2.0 1000.0 2665491.0
16700.0 0.0 3.0 3.0 117260088.0 439222.0 0.0 60220000.0 23.0 2.0 1000.0 2740690.0
16800.0 0.0 3.0 3.0 117177905.0 446228.0 0.0 60220000.0 23.0 2.0 1000.0 2815867.0
16900.0 0.0 3.0 3.0 117098346.0 450300.0 0.0 60220000.0 22.0 2.0 1000.0 2891354.0
17000.0 0.0 3.0 3.0 117019407.0 453259.0 0.0 60220000.0 22.0 2.0 1000.0 2967334.0
17100.0 0.0 3.0 3.0 116940621.0 455912.0 0.0 60220000.0 22.0 2.0 1000.0 3043467.0
17200.0 0.0 3.0 3.0 116864101.0 456419.0 0.0 60220000.0 21.0 2.0 1000.0 3119480.0
17300.0 0.0 3.0 3.0 116788654.0 455959.0 0.0 60220000.0 21.0 2.0 1000.0 3195387.0
17400.0 0.0 3.0 3.0 116713544.0 455385.0 0.0 60220000.0 21.0 2.0 1000.0 3271071.0
17500.0 0.0 3.0 3.0 116641649.0 450675.0 0.0 60220000.0 20.0 2.0 1000.0 3347676.0
17600.0 0.0 3.0 3.0 116570535.0 446002.0 0.0 60220000.0 20.0 2.0 1000.0 3423463.0
17700.0 0.0 3.0 3.0 116499126.0 441432.0 0.0 60220000.0 20.0 2.0 1000.0 3499442.0
17800.0 0.0 3.0 3.0 116428449.0 436799.0 0.0 60220000.0 19.0 2.0 1000.0 3574752.0
17900.0 0.0 3.0 3.0 116363596.0 426484.0 0.0 60220000.0 18.0 2.0 1000.0 3649920.0
18000.0 0.0 3.0 3.0 116299581.0 415306.0 0.0 60220000.0 18.0 2.0 1000.0 3725113.0
18100.0 0.0 3.0 3.0 116235820.0 404449.0 0.0 60220000.0 18.0 2.0 1000.0 3799731.0
18200.0 0.0 3.0 3.0 116175941.0 390534.0 0.0 60220000.0 16.0 2.0 1000.0 3873525.0
18300.0 0.0 3.0 3.0 116125001.0 368071.0 0.0 60220000.0 14.0 2.0 1000.0 3946928.0
18400.0 0.0 3.0 3.0 116074934.0 345294.0 0.0 60220000.0 14.0 2.0 1000.0 4019772.0
18500.0 0.0 3.0 3.0 116024726.0 323756.0 0.0 60220000.0 14.0 2.0 1000.0 4091518.0
18600.0 0.0 3.0 3.0 115974410.0 303686.0 0.0 60220000.0 14.0 2.0 1000.0 4161904.0
18700.0 0.0 3.0 3.0 115924280.0 283763.0 0.0 60220000.0 14.0 2.0 1000.0 4231957.0
18800.0 0.0 3.0 3.0 115874773.0 264357.0 0.0 60220000.0 14.0 2.0 1000.0 4300870.0
18900.0 0.0 3.0 3.0 115824889.0 246394.0 0.0 60220000.0 14.0 2.0 1000.0 4368717.0
19000.0 0.0 3.0 3.0 115774801.0 230192.0 0.0 60220000.0 14.0 2.0 1000.0 4435007.0
19100.0 0.0 3.0 3.0 115724877.0 214915.0 0.0 60220000.0 14.0 2.0 1000.0 4500208.0
19200.0 0.0 3.0 3.0 115674858.0 201597.0 0.0 60220000.0 14.0 2.0 1000.0 4563545.0
19300.0 0.0 3.0 3.0 115624653.0 189236.0 0.0 60220000.0 14.0 2.0 1000.0 4626111.0
19400.0 0.0 3.0 3.0 115574801.0 177886.0 0.0 60220000.0 14.0 2.0 1000.0 4687313.0
19500.0 0.0 3.0 3.0 115525061.0 166952.0 0.0 60220000.0 14.0 2.0 1000.0 4747987.0
19600.0 0.0 3.0 3.0 115474946.0 158222.0 0.0 60220000.0 14.0 2.0 1000.0 4806832.0
19700.0 0.0 3.0 3.0 115424362.0 150695.0 0.0 60220000.0 14.0 2.0 1000.0 4864943.0
19800.0 0.0 3.0 3.0 115374698.0 143314.0 0.0 60220000.0 14.0 2.0 1000.0 4921988.0
19900.0 0.0 3.0 3.0 115324533.0 137599.0 0.0 60220000.0 14.0 2.0 1000.0 4977868.0
