time rna_M monomer_betaGal protein_betaGal Lactose_external Lactose_internal Glucose_external Glucose_internal protein_Lactose_Permease dna_Lac_Operon Biomass Lactose_consumed
0.0 0.0 0.0 0.0 120440000.0 0.0 60220000.0 0.0 0.0 2.0 1000.0 0.0
100.0 0.0 0.0 0.0 120440000.0 0.0 30124925.0 30095075.0 0.0 2.0 1000.0 0.0
200.0 0.0 0.0 0.0 120440000.0 0.0 81559.0 60138441.0 0.0 2.0 1000.0 0.0
300.0 0.0 0.0 0.0 120440000.0 0.0 0.0 60220000.0 0.0 2.0 1000.0 0.0
400.0 0.0 0.0 0.0 120440000.0 0.0 0.0 60220000.0 0.0 2.0 1000.0 0.0
500.0 0.0 0.0 0.0 120440000.0 0.0 0.0 60220000.0 0.0 2.0 1000.0 0.0
600.0 0.0 0.0 0.0 120440000.0 0.0 0.0 60220000.0 0.0 2.0 1000.0 0.0
700.0 0.0 0.0 0.0 120440000.0 0.0 0.0 60220000.0 0.0 2.0 1000.0 0.0
800.0 0.0 0.0 0.0 120440000.0 0.0 0.0 60220000.0 0.0 2.0 1000.0 0.0
900.0 0.0 0.0 0.0 120440000.0 0.0 0.0 60220000.0 0.0 2.0 1000.0 0.0
1000.0 0.0 0.0 0.0 120440000.0 0.0 0.0 60220000.0 0.0 2.0 1000.0 0.0
1100.0 0.0 0.0 0.0 120440000.0 0.0 0.0 60220000.0 0.0 2.0 1000.0 0.0
1200.0 0.0 0.0 0.0 120440000.0 0.0 0.0 60220000.0 0.0 2.0 1000.0 0.0
1300.0 0.0 0.0 0.0 120440000.0 0.0 0.0 60220000.0 0.0 2.0 1000.0 0.0
1400.0 0.0 0.0 0.0 120440000.0 0.0 0.0 60220000.0 0.0 2.0 1000.0 0.0
1500.0 0.0 0.0 0.0 120440000.0 0.0 0.0 60220000.0 0.0 2.0 1000.0 0.0
1600.0 0.0 0.0 0.0 120440000.0 0.0 0.0 60220000.0 0.0 2.0 1000.0 0.0
1700.0 0.0 0.0 0.0 120440000.0 0.0 0.0 60220000.0 0.0 2.0 1000.0 0.0
1800.0 0.0 0.0 0.0 120440000.0 0.0 0.0 60220000.0 0.0 2.0 1000.0 0.0
1900.0 0.0 0.0 0.0 120440000.0 0.0 0.0 60220000.0 0.0 2.0 1000.0 0.0
2000.0 0.0 0.0 0.0 120440000.0 0.0 0.0 60220000.0 0.0 2.0 1000.0 0.0
2100.0 0.0 0.0 0.0 120440000.0 0.0 0.0 60220000.0 0.0 2.0 1000.0 0.0
2200.0 0.0 0.0 0.0 120440000.0 0.0 0.0 60220000.0 0.0 2.0 1000.0 0.0
2300.0 0.0 0.0 0.0 120440000.0 0.0 0.0 60220000.0 0.0 2.0 1000.0 0.0
2400.0 0.0 0.0 0.0 120440000.0 0.0 0.0 60220000.0 0.0 2.0 1000.0 0.0
2500.0 0.0 0.0 0.0 120440000.0 0.0 0.0 60220000.0 0.0 2.0 1000.0 0.0
2600.0 0.0 0.0 0.0 120440000.0 0.0 0.0 60220000.0 0.0 2.0 1000.0 0.0
2700.0 0.0 0.0 0.0 120440000.0 0.0 0.0 60220000.0 0.0 2.0 1000.0 0.0
2800.0 0.0 0.0 0.0 120440000.0 0.0 0.0 60220000.0 0.0 2.0 1000.0 0.0
2900.0 0.0 0.0 0.0 120440000.0 0.0 0.0 60220000.0 0.0 2.0 1000.0 0.0
3000.0 0.0 0.0 0.0 120440000.0 0.0 0.0 60220000.0 0.0 2.0 1000.0 0.0
3100.0 0.0 0.0 0.0 120440000.0 0.0 0.0 60220000.0 0.0 2.0 1000.0 0.0
3200.0 0.0 0.0 0.0 120440000.0 0.0 0.0 60220000.0 0.0 2.0 1000.0 0.0
3300.0 1.0 0.0 0.0 120439997.0 3.0 0.0 60220000.0 1.0 2.0 1000.0 0.0
3400.0 0.0 2.0 0.0 120414288.0 25712.0 0.0 60220000.0 8.0 2.0 1000.0 0.0
3500.0 0.0 2.0 0.0 120386106.0 53894.0 0.0 60220000.0 8.0 2.0 1000.0 0.0
3600.0 0.0 2.0 0.0 120357573.0 82427.0 0.0 60220000.0 8.0 2.0 1000.0 0.0
3700.0 0.0 2.0 0.0 120328615.0 111385.0 0.0 60220000.0 8.0 2.0 1000.0 0.0
3800.0 0.0 2.0 0.0 120299620.0 140380.0 0.0 60220000.0 8.0 2.0 1000.0 0.0
3900.0 0.0 2.0 0.0 120270931.0 169069.0 0.0 60220000.0 8.0 2.0 1000.0 0.0
4000.0 0.0 2.0 0.0 120242248.0 197752.0 0.0 60220000.0 8.0 2.0 1000.0 0.0
4100.0 0.0 2.0 0.0 120213562.0 226438.0 0.0 60220000.0 8.0 2.0 1000.0 0.0
4200.0 0.0 2.0 0.0 120184730.0 255270.0 0.0 60220000.0 8.0 2.0 1000.0 0.0
4300.0 0.0 2.0 0.0 120156098.0 283902.0 0.0 60220000.0 8.0 2.0 1000.0 0.0
4400.0 0.0 2.0 0.0 120127457.0 312543.0 0.0 60220000.0 8.0 2.0 1000.0 0.0
4500.0 0.0 2.0 0.0 120098731.0 341269.0 0.0 60220000.0 8.0 2.0 1000.0 0.0
4600.0 0.0 2.0 0.0 120070126.0 369874.0 0.0 60220000.0 8.0 2.0 1000.0 0.0
4700.0 0.0 2.0 0.0 120041661.0 398339.0 0.0 60220000.0 8.0 2.0 1000.0 0.0
4800.0 0.0 2.0 0.0 120013080.0 426920.0 0.0 60220000.0 8.0 2.0 1000.0 0.0
4900.0 0.0 2.0 0.0 119984501.0 455499.0 0.0 60220000.0 8.0 2.0 1000.0 0.0
5000.0 0.0 2.0 0.0 119958271.0 481729.0 0.0 60220000.0 7.0 2.0 1000.0 0.0
5100.0 0.0 2.0 0.0 119933151.0 506849.0 0.0 60220000.0 7.0 2.0 1000.0 0.0
5200.0 0.0 2.0 0.0 119908338.0 531662.0 0.0 60220000.0 7.0 2.0 1000.0 0.0
5300.0 0.0 2.0 0.0 119883360.0 556640.0 0.0 60220000.0 7.0 2.0 1000.0 0.0
5400.0 0.0 2.0 0.0 119858238.0 581762.0 0.0 60220000.0 7.0 2.0 1000.0 0.0
5500.0 0.0 2.0 0.0 119833490.0 606510.0 0.0 60220000.0 7.0 2.0 1000.0 0.0
5600.0 0.0 2.0 0.0 119810004.0 629996.0 0.0 60220000.0 6.0 2.0 1000.0 0.0
5700.0 0.0 2.0 0.0 119788512.0 651488.0 0.0 60220000.0 6.0 2.0 1000.0 0.0
5800.0 0.0 2.0 0.0 119767170.0 672830.0 0.0 60220000.0 6.0 2.0 1000.0 0.0
5900.0 0.0 2.0 0.0 119745376.0 694624.0 0.0 60220000.0 6.0 2.0 1000.0 0.0
6000.0 0.0 2.0 0.0 119723823.0 716177.0 0.0 60220000.0 6.0 2.0 1000.0 0.0
6100.0 0.0 2.0 0.0 119702658.0 737342.0 0.0 60220000.0 6.0 2.0 1000.0 0.0
6200.0 0.0 2.0 0.0 119681255.0 758745.0 0.0 60220000.0 6.0 2.0 1000.0 0.0
6300.0 0.0 2.0 0.0 119659649.0 780351.0 0.0 60220000.0 6.0 2.0 1000.0 0.0
6400.0 0.0 2.0 0.0 119638424.0 801576.0 0.0 60220000.0 6.0 2.0 1000.0 0.0
6500.0 0.0 2.0 0.0 119617062.0 822938.0 0.0 60220000.0 6.0 2.0 1000.0 0.0
6600.0 0.0 2.0 0.0 119596439.0 843561.0 0.0 60220000.0 5.0 2.0 1000.0 0.0
6700.0 0.0 2.0 0.0 119578636.0 861364.0 0.0 60220000.0 5.0 2.0 1000.0 0.0
6800.0 0.0 2.0 0.0 119560744.0 879256.0 0.0 60220000.0 5.0 2.0 1000.0 0.0
6900.0 0.0 2.0 0.0 119542901.0 897099.0 0.0 60220000.0 5.0 2.0 1000.0 0.0
7000.0 0.0 2.0 0.0 119525131.0 914869.0 0.0 60220000.0 5.0 2.0 1000.0 0.0
7100.0 0.0 2.0 0.0 119507330.0 932670.0 0.0 60220000.0 5.0 2.0 1000.0 0.0
7200.0 0.0 2.0 0.0 119489305.0 950695.0 0.0 60220000.0 5.0 2.0 1000.0 0.0
7300.0 0.0 2.0 0.0 119471661.0 968339.0 0.0 60220000.0 5.0 2.0 1000.0 0.0
7400.0 0.0 2.0 0.0 119456536.0 983464.0 0.0 60220000.0 4.0 2.0 1000.0 0.0
7500.0 0.0 2.0 0.0 119442364.0 997636.0 0.0 60220000.0 4.0 2.0 1000.0 0.0
7600.0 0.0 2.0 0.0 119428099.0 1011901.0 0.0 60220000.0 4.0 2.0 1000.0 0.0
7700.0 0.0 2.0 0.0 119414144.0 1025856.0 0.0 60220000.0 4.0 2.0 1000.0 0.0
7800.0 0.0 2.0 0.0 119399947.0 1040053.0 0.0 60220000.0 4.0 2.0 1000.0 0.0
7900.0 0.0 2.0 0.0 119385759.0 1054241.0 0.0 60220000.0 4.0 2.0 1000.0 0.0
8000.0 0.0 2.0 0.0 119371368.0 1068632.0 0.0 60220000.0 4.0 2.0 1000.0 0.0
8100.0 0.0 2.0 0.0 119357241.0 1082759.0 0.0 60220000.0 4.0 2.0 1000.0 0.0
8200.0 0.0 2.0 0.0 119345010.0 1094990.0 0.0 60220000.0 3.0 2.0 1000.0 0.0
8300.0 0.0 2.0 0.0 119334293.0 1105707.0 0.0 60220000.0 3.0 2.0 1000.0 0.0
8400.0 0.0 2.0 0.0 119323671.0 1116329.0 0.0 60220000.0 3.0 2.0 1000.0 0.0
8500.0 0.0 2.0 0.0 119312844.0 1127156.0 0.0 60220000.0 3.0 2.0 1000.0 0.0
8600.0 0.0 2.0 0.0 119302800.0 1137200.0 0.0 60220000.0 2.0 2.0 1000.0 0.0
8700.0 0.0 2.0 0.0 119295704.0 1144296.0 0.0 60220000.0 2.0 2.0 1000.0 0.0
8800.0 0.0 2.0 0.0 119288439.0 1151561.0 0.0 60220000.0 2.0 2.0 1000.0 0.0
8900.0 0.0 2.0 0.0 119281255.0 1158745.0 0.0 60220000.0 2.0 2.0 1000.0 0.0
9000.0 0.0 2.0 0.0 119274194.0 1165806.0 0.0 60220000.0 2.0 2.0 1000.0 0.0
9100.0 0.0 2.0 0.0 119266989.0 1173011.0 0.0 60220000.0 2.0 2.0 1000.0 0.0
9200.0 0.0 2.0 0.0 119259809.0 1180191.0 0.0 60220000.0 2.0 2.0 1000.0 0.0
9300.0 0.0 2.0 0.0 119252742.0 1187258.0 0.0 60220000.0 2.0 2.0 1000.0 0.0
9400.0 0.0 2.0 0.0 119245559.0 1194441.0 0.0 60220000.0 2.0 2.0 1000.0 0.0
9500.0 0.0 2.0 0.0 119238408.0 1201592.0 0.0 60220000.0 2.0 2.0 1000.0 0.0
9600.0 0.0 2.0 0.0 119231250.0 1208750.0 0.0 60220000.0 2.0 2.0 1000.0 0.0
9700.0 0.0 2.0 0.0 119224211.0 1215789.0 0.0 60220000.0 2.0 2.0 1000.0 0.0
9800.0 0.0 2.0 0.0 119217126.0 1222874.0 0.0 60220000.0 2.0 2.0 1000.0 0.0
9900.0 0.0 2.0 0.0 119209914.0 1230086.0 0.0 60220000.0 2.0 2.0 1000.0 0.0
10000.0 1.0 2.0 2.0 119195007.0 1233720.0 0.0 60220000.0 15.0 2.0 1000.0 11273.0
10100.0 0.0 1.0 4.0 119107062.0 1231681.0 0.0 60220000.0 33.0 2.0 1000.0 101257.0
10200.0 0.0 1.0 3.0 118989655.0 1242983.0 0.0 60220000.0 33.0 2.0 1000.0 207362.0
10300.0 0.0 1.0 3.0 118871978.0 1275860.0 0.0 60220000.0 33.0 2.0 1000.0 292162.0
10400.0 0.0 1.0 3.0 118754370.0 1308559.0 0.0 60220000.0 33.0 2.0 1000.0 377071.0
10500.0 1.0 1.0 2.0 118636543.0 1350325.0 0.0 60220000.0 33.0 2.0 1000.0 453132.0
10600.0 0.0 0.0 5.0 118485649.0 1402312.0 0.0 60220000.0 47.0 2.0 1000.0 552039.0
10700.0 0.0 0.0 5.0 118323285.0 1422948.0 0.0 60220000.0 45.0 2.0 1000.0 693767.0
10800.0 0.0 0.0 5.0 118165075.0 1439092.0 0.0 60220000.0 44.0 2.0 1000.0 835833.0
10900.0 0.0 0.0 5.0 118014136.0 1448163.0 0.0 60220000.0 42.0 2.0 1000.0 977701.0
11000.0 0.0 0.0 5.0 117864478.0 1455251.0 0.0 60220000.0 42.0 2.0 1000.0 1120271.0
11100.0 0.0 0.0 5.0 117714946.0 1462831.0 0.0 60220000.0 42.0 2.0 1000.0 1262223.0
11200.0 0.0 0.0 5.0 117565624.0 1469617.0 0.0 60220000.0 42.0 2.0 1000.0 1404759.0
11300.0 0.0 0.0 4.0 117418849.0 1485282.0 0.0 60220000.0 41.0 2.0 1000.0 1535869.0
11400.0 0.0 0.0 4.0 117272179.0 1518159.0 0.0 60220000.0 41.0 2.0 1000.0 1649662.0
11500.0 0.0 0.0 4.0 117125729.0 1551461.0 0.0 60220000.0 41.0 2.0 1000.0 1762810.0
11600.0 0.0 0.0 4.0 116981526.0 1581465.0 0.0 60220000.0 40.0 2.0 1000.0 1877009.0
11700.0 0.0 0.0 4.0 116839559.0 1609228.0 0.0 60220000.0 40.0 2.0 1000.0 1991213.0
11800.0 0.0 0.0 4.0 116698460.0 1637125.0 0.0 60220000.0 39.0 2.0 1000.0 2104415.0
11900.0 1.0 0.0 6.0 116544942.0 1669786.0 0.0 60220000.0 55.0 2.0 1000.0 2225272.0
12000.0 1.0 3.0 10.0 116276420.0 1689874.0 0.0 60220000.0 98.0 2.0 1000.0 2473706.0
12100.0 1.0 1.0 14.0 115841204.0 1773897.0 0.0 60220000.0 145.0 2.0 1000.0 2824899.0
12200.0 1.0 1.0 14.0 115301175.0 1915541.0 0.0 60220000.0 151.0 2.0 1000.0 3223284.0
12300.0 0.0 3.0 15.0 114732643.0 2058530.0 0.0 60220000.0 161.0 2.0 1000.0 3648827.0
12400.0 0.0 3.0 15.0 114164304.0 2193510.0 0.0 60220000.0 159.0 2.0 1000.0 4082186.0
12500.0 0.0 3.0 15.0 113600437.0 2323785.0 0.0 60220000.0 158.0 2.0 1000.0 4515778.0
12600.0 0.0 3.0 15.0 113052719.0 2436839.0 0.0 60220000.0 153.0 2.0 1000.0 4950442.0
12700.0 1.0 1.0 18.0 112464806.0 2551779.0 0.0 60220000.0 180.0 2.0 1000.0 5423415.0
12800.0 1.0 1.0 21.0 111780126.0 2659817.0 0.0 60220000.0 206.0 2.0 1000.0 6000057.0
12900.0 1.0 0.0 24.0 111028085.0 2763802.0 0.0 60220000.0 221.0 2.0 1000.0 6648113.0
13000.0 0.0 0.0 24.0 110231899.0 2861770.0 0.0 60220000.0 223.0 2.0 1000.0 7346331.0
13100.0 0.0 0.0 24.0 109449742.0 2942661.0 0.0 60220000.0 219.0 2.0 1000.0 8047597.0
13200.0 1.0 1.0 25.0 108666905.0 3031485.0 0.0 60220000.0 228.0 2.0 1000.0 8741610.0
13300.0 1.0 1.0 28.0 107800865.0 3124873.0 0.0 60220000.0 255.0 2.0 1000.0 9514262.0
13400.0 1.0 3.0 27.0 106883498.0 3237066.0 0.0 60220000.0 264.0 2.0 1000.0 10319436.0
13500.0 0.0 0.0 29.0 105916880.0 3376124.0 0.0 60220000.0 277.0 2.0 1000.0 11146996.0
13600.0 0.0 0.0 29.0 104940185.0 3503936.0 0.0 60220000.0 273.0 2.0 1000.0 11995879.0
13700.0 1.0 1.0 31.0 103958115.0 3635833.0 0.0 60220000.0 287.0 2.0 1000.0 12846052.0
13800.0 1.0 0.0 34.0 102936099.0 3710894.0 0.0 60220000.0 293.0 2.0 1000.0 13793007.0
13900.0 1.0 3.0 38.0 101841019.0 3744457.0 0.0 60220000.0 322.0 2.0 1000.0 14854524.0
14000.0 1.0 3.0 40.0 100658734.0 3773652.0 0.0 60220000.0 347.0 2.0 1000.0 16007614.0
14100.0 0.0 1.0 40.0 99405892.0 3830324.0 0.0 60220000.0 354.0 2.0 1000.0 17203784.0
14200.0 1.0 1.0 40.0 98112975.0 3925778.0 0.0 60220000.0 378.0 2.0 1000.0 18401247.0
14300.0 1.0 2.0 42.0 96737075.0 4106727.0 0.0 60220000.0 398.0 2.0 1000.0 19596198.0
14400.0 1.0 0.0 48.0 95252869.0 4265639.0 0.0 60220000.0 439.0 2.0 1000.0 20921492.0
14500.0 0.0 0.0 52.0 93662327.0 4380337.0 0.0 60220000.0 453.0 2.0 1000.0 22397336.0
14600.0 2.0 0.0 58.0 92024540.0 4438561.0 0.0 60220000.0 486.0 2.0 1000.0 23976899.0
14700.0 3.0 0.0 65.0 90219016.0 4463501.0 0.0 60220000.0 536.0 2.0 1000.0 25757483.0
14800.0 2.0 3.0 73.0 88179881.0 4487758.0 0.0 60220000.0 617.0 2.0 1000.0 27772361.0
14900.0 2.0 1.0 80.0 85887121.0 4546315.0 0.0 60220000.0 676.0 2.0 1000.0 30006564.0
15000.0 3.0 3.0 90.0 83397901.0 4558818.0 0.0 60220000.0 745.0 2.0 1000.0 32483281.0
15100.0 3.0 1.0 98.0 80702052.0 4497802.0 0.0 60220000.0 783.0 2.0 1000.0 35240146.0
15200.0 1.0 1.0 103.0 77848369.0 4390483.0 0.0 60220000.0 820.0 2.0 1000.0 38201148.0
15300.0 0.0 1.0 104.0 74917810.0 4261199.0 0.0 60220000.0 827.0 2.0 1000.0 41260991.0
15400.0 1.0 3.0 104.0 71985135.0 4141767.0 0.0 60220000.0 841.0 2.0 1000.0 44313098.0
15500.0 0.0 3.0 106.0 68990983.0 4042743.0 0.0 60220000.0 857.0 2.0 1000.0 47406274.0
15600.0 0.0 3.0 106.0 65972291.0 3946397.0 0.0 60220000.0 848.0 2.0 1000.0 50521312.0
15700.0 0.0 3.0 106.0 62985829.0 3820585.0 0.0 60220000.0 840.0 2.0 1000.0 53633586.0
15800.0 1.0 3.0 103.0 60028544.0 3682030.0 0.0 60220000.0 832.0 2.0 1000.0 56729426.0
15900.0 2.0 1.0 105.0 57054377.0 3599502.0 0.0 60220000.0 852.0 2.0 1000.0 59786121.0
16000.0 1.0 0.0 110.0 53972544.0 3496193.0 0.0 60220000.0 881.0 2.0 1000.0 62971263.0
16100.0 0.0 1.0 111.0 50831321.0 3391646.0 0.0 60220000.0 883.0 2.0 1000.0 66217033.0
16200.0 1.0 1.0 110.0 47703673.0 3314438.0 0.0 60220000.0 890.0 2.0 1000.0 69421889.0
16300.0 0.0 3.0 111.0 44543636.0 3238649.0 0.0 60220000.0 890.0 2.0 1000.0 72657715.0
16400.0 1.0 0.0 111.0 41417119.0 3147983.0 0.0 60220000.0 881.0 2.0 1000.0 75874898.0
16500.0 0.0 1.0 113.0 38262261.0 3020144.0 0.0 60220000.0 893.0 2.0 1000.0 79157595.0
16600.0 0.0 1.0 111.0 35127411.0 2885563.0 0.0 60220000.0 882.0 2.0 1000.0 82427026.0
16700.0 0.0 1.0 110.0 32044900.0 2752904.0 0.0 60220000.0 866.0 2.0 1000.0 85642196.0
16800.0 0.0 1.0 105.0 28996523.0 2694388.0 0.0 60220000.0 859.0 2.0 1000.0 88749089.0
16900.0 0.0 1.0 104.0 25980874.0 2655670.0 0.0 60220000.0 849.0 2.0 1000.0 91803456.0
17000.0 1.0 0.0 105.0 22994240.0 2615776.0 0.0 60220000.0 849.0 2.0 1000.0 94829984.0
17100.0 0.0 1.0 103.0 19995127.0 2579562.0 0.0 60220000.0 845.0 2.0 1000.0 97865311.0
17200.0 0.0 1.0 100.0 17036871.0 2579629.0 0.0 60220000.0 832.0 2.0 1000.0 100823500.0
17300.0 0.0 1.0 98.0 14130093.0 2601711.0 0.0 60220000.0 819.0 2.0 1000.0 103708196.0
17400.0 0.0 1.0 95.0 11282404.0 2634928.0 0.0 60220000.0 805.0 2.0 1000.0 106522668.0
17500.0 0.0 1.0 89.0 8490553.0 2765068.0 0.0 60220000.0 792.0 2.0 1000.0 109184379.0
17600.0 2.0 1.0 91.0 5743797.0 2916416.0 0.0 60220000.0 801.0 2.0 1000.0 111779787.0
17700.0 2.0 1.0 96.0 2882139.0 3039429.0 0.0 60220000.0 864.0 2.0 1000.0 114518432.0
17800.0 0.0 1.0 95.0 201976.0 2903880.0 0.0 60220000.0 873.0 2.0 1000.0 117334144.0
17900.0 0.0 3.0 95.0 322.0 435141.0 0.0 60220000.0 881.0 2.0 1000.0 120004537.0
18000.0 0.0 3.0 95.0 0.0 0.0 0.0 60220000.0 866.0 2.0 1000.0 120440000.0
18100.0 0.0 3.0 94.0 0.0 0.0 0.0 60220000.0 852.0 2.0 1000.0 120440000.0
18200.0 1.0 0.0 96.0 0.0 0.0 0.0 60220000.0 870.0 2.0 1000.0 120440000.0
18300.0 0.0 2.0 95.0 0.0 0.0 0.0 60220000.0 871.0 2.0 1000.0 120440000.0
18400.0 0.0 2.0 92.0 0.0 0.0 0.0 60220000.0 850.0 2.0 1000.0 120440000.0
18500.0 0.0 2.0 91.0 0.0 0.0 0.0 60220000.0 840.0 2.0 1000.0 120440000.0
18600.0 0.0 2.0 89.0 0.0 0.0 0.0 60220000.0 824.0 2.0 1000.0 120440000.0
18700.0 0.0 2.0 86.0 0.0 0.0 0.0 60220000.0 816.0 2.0 1000.0 120440000.0
18800.0 0.0 2.0 84.0 0.0 0.0 0.0 60220000.0 808.0 2.0 1000.0 120440000.0
18900.0 0.0 2.0 84.0 0.0 0.0 0.0 60220000.0 795.0 2.0 1000.0 120440000.0
19000.0 0.0 2.0 83.0 0.0 0.0 0.0 60220000.0 776.0 2.0 1000.0 120440000.0
19100.0 0.0 2.0 80.0 0.0 0.0 0.0 60220000.0 769.0 2.0 1000.0 120440000.0
19200.0 0.0 2.0 77.0 0.0 0.0 0.0 60220000.0 756.0 2.0 1000.0 120440000.0
19300.0 0.0 2.0 76.0 0.0 0.0 0.0 60220000.0 741.0 2.0 1000.0 120440000.0
19400.0 0.0 2.0 75.0 0.0 0.0 0.0 60220000.0 724.0 2.0 1000.0 120440000.0
19500.0 0.0 2.0 73.0 0.0 0.0 0.0 60220000.0 712.0 2.0 1000.0 120440000.0
19600.0 0.0 2.0 72.0 0.0 0.0 0.0 60220000.0 703.0 2.0 1000.0 120440000.0
19700.0 0.0 2.0 70.0 0.0 0.0 0.0 60220000.0 682.0 2.0 1000.0 120440000.0
19800.0 0.0 2.0 66.0 0.0 0.0 0.0 60220000.0 675.0 2.0 1000.0 120440000.0
19900.0 0.0 2.0 65.0 0.0 0.0 0.0 60220000.0 663.0 2.0 1000.0 120440000.0
