time rna_M monomer_betaGal protein_betaGal Lactose_external Lactose_internal Glucose_external Glucose_internal protein_Lactose_Permease dna_Lac_Operon Biomass Lactose_consumed
0.0 0.0 0.0 0.0 120440000.0 0.0 60220000.0 0.0 0.0 2.0 1000.0 0.0
100.0 0.0 0.0 0.0 120440000.0 0.0 30131037.0 30088963.0 0.0 2.0 1000.0 0.0
200.0 0.0 0.0 0.0 120440000.0 0.0 84703.0 60135297.0 0.0 2.0 1000.0 0.0
300.0 0.0 0.0 0.0 120440000.0 0.0 0.0 60220000.0 0.0 2.0 1000.0 0.0
400.0 0.0 0.0 0.0 120440000.0 0.0 0.0 60220000.0 0.0 2.0 1000.0 0.0
500.0 0.0 0.0 0.0 120440000.0 0.0 0.0 60220000.0 0.0 2.0 1000.0 0.0
600.0 0.0 0.0 0.0 120440000.0 0.0 0.0 60220000.0 0.0 2.0 1000.0 0.0
700.0 0.0 0.0 0.0 120440000.0 0.0 0.0 60220000.0 0.0 2.0 1000.0 0.0
800.0 0.0 0.0 0.0 120440000.0 0.0 0.0 60220000.0 0.0 2.0 1000.0 0.0
900.0 0.0 0.0 0.0 120440000.0 0.0 0.0 60220000.0 0.0 2.0 1000.0 0.0
1000.0 0.0 0.0 0.0 120440000.0 0.0 0.0 60220000.0 0.0 2.0 1000.0 0.0
1100.0 0.0 0.0 0.0 120440000.0 0.0 0.0 60220000.0 0.0 2.0 1000.0 0.0
1200.0 0.0 0.0 0.0 120440000.0 0.0 0.0 60220000.0 0.0 2.0 1000.0 0.0
1300.0 1.0 0.0 0.0 120439776.0 224.0 0.0 60220000.0 4.0 2.0 1000.0 0.0
1400.0 1.0 0.0 4.0 120366672.0 56222.0 0.0 60220000.0 38.0 2.0 1000.0 17106.0
1500.0 1.0 1.0 8.0 120180453.0 142151.0 0.0 60220000.0 72.0 2.0 1000.0 117396.0
1600.0 0.0 3.0 8.0 119851170.0 294830.0 0.0 60220000.0 101.0 2.0 1000.0 294000.0
1700.0 0.0 2.0 9.0 119472631.0 457489.0 0.0 60220000.0 107.0 2.0 1000.0 509880.0
1800.0 0.0 2.0 9.0 119093295.0 604413.0 0.0 60220000.0 106.0 2.0 1000.0 742292.0
1900.0 0.0 2.0 8.0 118718395.0 757313.0 0.0 60220000.0 105.0 2.0 1000.0 964292.0
2000.0 0.0 2.0 8.0 118346617.0 910854.0 0.0 60220000.0 103.0 2.0 1000.0 1182529.0
2100.0 0.0 2.0 8.0 117986868.0 1049676.0 0.0 60220000.0 101.0 2.0 1000.0 1403456.0
2200.0 0.0 2.0 7.0 117632072.0 1203865.0 0.0 60220000.0 98.0 2.0 1000.0 1604063.0
2300.0 0.0 2.0 7.0 117286519.0 1352456.0 0.0 60220000.0 96.0 2.0 1000.0 1801025.0
2400.0 0.0 2.0 7.0 116945363.0 1495523.0 0.0 60220000.0 94.0 2.0 1000.0 1999114.0
2500.0 0.0 2.0 7.0 116614320.0 1627040.0 0.0 60220000.0 93.0 2.0 1000.0 2198640.0
2600.0 0.0 2.0 7.0 116283057.0 1758656.0 0.0 60220000.0 93.0 2.0 1000.0 2398287.0
2700.0 1.0 3.0 9.0 115894417.0 1917700.0 0.0 60220000.0 129.0 2.0 1000.0 2627883.0
2800.0 0.0 1.0 9.0 115425186.0 2103416.0 0.0 60220000.0 133.0 2.0 1000.0 2911398.0
2900.0 0.0 1.0 9.0 114953320.0 2315192.0 0.0 60220000.0 132.0 2.0 1000.0 3171488.0
3000.0 0.0 1.0 9.0 114489757.0 2517936.0 0.0 60220000.0 129.0 2.0 1000.0 3432307.0
3100.0 0.0 1.0 9.0 114036424.0 2709787.0 0.0 60220000.0 127.0 2.0 1000.0 3693789.0
3200.0 0.0 1.0 9.0 113590464.0 2894541.0 0.0 60220000.0 125.0 2.0 1000.0 3954995.0
3300.0 0.0 1.0 9.0 113147162.0 3074107.0 0.0 60220000.0 125.0 2.0 1000.0 4218731.0
3400.0 0.0 1.0 9.0 112707001.0 3251696.0 0.0 60220000.0 124.0 2.0 1000.0 4481303.0
3500.0 0.0 1.0 9.0 112270842.0 3423853.0 0.0 60220000.0 122.0 2.0 1000.0 4745305.0
3600.0 0.0 1.0 9.0 111845096.0 3585542.0 0.0 60220000.0 120.0 2.0 1000.0 5009362.0
3700.0 1.0 2.0 9.0 111415810.0 3761486.0 0.0 60220000.0 131.0 2.0 1000.0 5262704.0
3800.0 1.0 0.0 14.0 110906290.0 3935931.0 0.0 60220000.0 154.0 2.0 1000.0 5597779.0
3900.0 0.0 3.0 14.0 110344917.0 4086197.0 0.0 60220000.0 157.0 2.0 1000.0 6008886.0
4000.0 0.0 3.0 14.0 109797097.0 4224811.0 0.0 60220000.0 154.0 2.0 1000.0 6418092.0
4100.0 0.0 3.0 14.0 109247973.0 4362182.0 0.0 60220000.0 154.0 2.0 1000.0 6829845.0
4200.0 1.0 3.0 15.0 108702846.0 4499798.0 0.0 60220000.0 157.0 2.0 1000.0 7237356.0
4300.0 1.0 2.0 20.0 108102159.0 4576025.0 0.0 60220000.0 179.0 2.0 1000.0 7761816.0
4400.0 1.0 0.0 24.0 107417405.0 4613959.0 0.0 60220000.0 212.0 2.0 1000.0 8408636.0
4500.0 0.0 2.0 24.0 106660305.0 4662325.0 0.0 60220000.0 213.0 2.0 1000.0 9117370.0
4600.0 1.0 2.0 24.0 105913887.0 4702111.0 0.0 60220000.0 211.0 2.0 1000.0 9824002.0
4700.0 0.0 0.0 26.0 105148962.0 4714573.0 0.0 60220000.0 216.0 2.0 1000.0 10576465.0
4800.0 1.0 3.0 26.0 104375462.0 4721188.0 0.0 60220000.0 221.0 2.0 1000.0 11343350.0
4900.0 0.0 0.0 28.0 103549171.0 4747932.0 0.0 60220000.0 242.0 2.0 1000.0 12142897.0
5000.0 0.0 0.0 28.0 102695693.0 4774921.0 0.0 60220000.0 242.0 2.0 1000.0 12969386.0
5100.0 0.0 3.0 27.0 101838240.0 4835673.0 0.0 60220000.0 243.0 2.0 1000.0 13766087.0
5200.0 0.0 3.0 26.0 100987655.0 4898346.0 0.0 60220000.0 240.0 2.0 1000.0 14553999.0
5300.0 0.0 3.0 25.0 100142950.0 4984452.0 0.0 60220000.0 235.0 2.0 1000.0 15312598.0
5400.0 0.0 3.0 25.0 99314694.0 5074088.0 0.0 60220000.0 232.0 2.0 1000.0 16051218.0
5500.0 1.0 3.0 28.0 98471582.0 5132647.0 0.0 60220000.0 248.0 2.0 1000.0 16835771.0
5600.0 1.0 1.0 31.0 97554742.0 5171690.0 0.0 60220000.0 271.0 2.0 1000.0 17713568.0
5700.0 1.0 2.0 34.0 96545218.0 5224531.0 0.0 60220000.0 298.0 2.0 1000.0 18670251.0
5800.0 2.0 2.0 39.0 95461944.0 5219073.0 0.0 60220000.0 328.0 2.0 1000.0 19758983.0
5900.0 1.0 1.0 47.0 94235697.0 5141913.0 0.0 60220000.0 357.0 2.0 1000.0 21062390.0
6000.0 1.0 2.0 52.0 92932411.0 4981852.0 0.0 60220000.0 383.0 2.0 1000.0 22525737.0
6100.0 1.0 2.0 56.0 91528330.0 4794358.0 0.0 60220000.0 408.0 2.0 1000.0 24117312.0
6200.0 2.0 0.0 62.0 90052469.0 4566545.0 0.0 60220000.0 444.0 2.0 1000.0 25820986.0
6300.0 1.0 1.0 65.0 88414831.0 4325458.0 0.0 60220000.0 471.0 2.0 1000.0 27699711.0
6400.0 0.0 0.0 66.0 86750591.0 4052003.0 0.0 60220000.0 464.0 2.0 1000.0 29637406.0
6500.0 0.0 0.0 65.0 85119590.0 3755526.0 0.0 60220000.0 457.0 2.0 1000.0 31564884.0
6600.0 0.0 0.0 64.0 83514838.0 3467761.0 0.0 60220000.0 447.0 2.0 1000.0 33457401.0
6700.0 1.0 0.0 62.0 81902955.0 3241347.0 0.0 60220000.0 466.0 2.0 1000.0 35295698.0
6800.0 0.0 2.0 64.0 80230675.0 3033871.0 0.0 60220000.0 473.0 2.0 1000.0 37175454.0
6900.0 1.0 0.0 63.0 78565792.0 2867734.0 0.0 60220000.0 469.0 2.0 1000.0 39006474.0
7000.0 1.0 3.0 65.0 76867299.0 2713731.0 0.0 60220000.0 491.0 2.0 1000.0 40858970.0
7100.0 0.0 1.0 65.0 75123316.0 2558028.0 0.0 60220000.0 487.0 2.0 1000.0 42758656.0
7200.0 0.0 1.0 63.0 73410498.0 2409744.0 0.0 60220000.0 476.0 2.0 1000.0 44619758.0
7300.0 0.0 1.0 63.0 71743271.0 2252015.0 0.0 60220000.0 466.0 2.0 1000.0 46444714.0
7400.0 0.0 1.0 61.0 70106520.0 2081069.0 0.0 60220000.0 457.0 2.0 1000.0 48252411.0
7500.0 0.0 1.0 59.0 68493462.0 1955360.0 0.0 60220000.0 451.0 2.0 1000.0 49991178.0
7600.0 0.0 1.0 57.0 66898955.0 1900026.0 0.0 60220000.0 447.0 2.0 1000.0 51641019.0
7700.0 0.0 1.0 56.0 65329008.0 1839174.0 0.0 60220000.0 437.0 2.0 1000.0 53271818.0
7800.0 0.0 1.0 56.0 63798524.0 1764576.0 0.0 60220000.0 426.0 2.0 1000.0 54876900.0
7900.0 0.0 1.0 56.0 62288201.0 1673195.0 0.0 60220000.0 425.0 2.0 1000.0 56478604.0
8000.0 0.0 1.0 56.0 60789691.0 1573586.0 0.0 60220000.0 420.0 2.0 1000.0 58076723.0
8100.0 0.0 1.0 55.0 59308290.0 1483686.0 0.0 60220000.0 412.0 2.0 1000.0 59648024.0
8200.0 0.0 1.0 54.0 57855993.0 1396207.0 0.0 60220000.0 406.0 2.0 1000.0 61187800.0
8300.0 0.0 1.0 54.0 56415582.0 1311299.0 0.0 60220000.0 405.0 2.0 1000.0 62713119.0
8400.0 0.0 1.0 54.0 54983739.0 1223571.0 0.0 60220000.0 400.0 2.0 1000.0 64232690.0
8500.0 0.0 1.0 53.0 53565295.0 1139620.0 0.0 60220000.0 398.0 2.0 1000.0 65735085.0
8600.0 0.0 1.0 52.0 52162504.0 1070252.0 0.0 60220000.0 391.0 2.0 1000.0 67207244.0
8700.0 0.0 1.0 52.0 50775024.0 1014855.0 0.0 60220000.0 387.0 2.0 1000.0 68650121.0
8800.0 0.0 1.0 50.0 49406646.0 981370.0 0.0 60220000.0 382.0 2.0 1000.0 70051984.0
8900.0 0.0 1.0 50.0 48060407.0 946334.0 0.0 60220000.0 375.0 2.0 1000.0 71433259.0
9000.0 0.0 1.0 50.0 46735368.0 896135.0 0.0 60220000.0 369.0 2.0 1000.0 72808497.0
9100.0 0.0 1.0 49.0 45428093.0 845673.0 0.0 60220000.0 365.0 2.0 1000.0 74166234.0
9200.0 0.0 1.0 49.0 44138522.0 800611.0 0.0 60220000.0 358.0 2.0 1000.0 75500867.0
9300.0 0.0 1.0 49.0 42867842.0 745620.0 0.0 60220000.0 356.0 2.0 1000.0 76826538.0
9400.0 0.0 1.0 49.0 41608611.0 689808.0 0.0 60220000.0 350.0 2.0 1000.0 78141581.0
9500.0 0.0 1.0 49.0 40371102.0 623795.0 0.0 60220000.0 347.0 2.0 1000.0 79445103.0
9600.0 0.0 1.0 49.0 39150878.0 556321.0 0.0 60220000.0 339.0 2.0 1000.0 80732801.0
9700.0 0.0 1.0 47.0 37960750.0 495301.0 0.0 60220000.0 330.0 2.0 1000.0 81983949.0
9800.0 0.0 1.0 47.0 36797633.0 458766.0 0.0 60220000.0 326.0 2.0 1000.0 83183601.0
9900.0 0.0 1.0 45.0 35645773.0 454161.0 0.0 60220000.0 321.0 2.0 1000.0 84340066.0
10000.0 0.0 1.0 43.0 34515616.0 471228.0 0.0 60220000.0 315.0 2.0 1000.0 85453156.0
10100.0 0.0 1.0 40.0 33401719.0 513356.0 0.0 60220000.0 312.0 2.0 1000.0 86524925.0
10200.0 0.0 1.0 40.0 32293404.0 579769.0 0.0 60220000.0 310.0 2.0 1000.0 87566827.0
10300.0 0.0 1.0 39.0 31208096.0 614971.0 0.0 60220000.0 303.0 2.0 1000.0 88616933.0
10400.0 0.0 1.0 38.0 30152808.0 651326.0 0.0 60220000.0 291.0 2.0 1000.0 89635866.0
10500.0 0.0 1.0 37.0 29128477.0 665803.0 0.0 60220000.0 287.0 2.0 1000.0 90645720.0
10600.0 0.0 1.0 36.0 28115572.0 711416.0 0.0 60220000.0 283.0 2.0 1000.0 91613012.0
10700.0 0.0 1.0 35.0 27119524.0 757004.0 0.0 60220000.0 278.0 2.0 1000.0 92563472.0
10800.0 0.0 1.0 34.0 26139814.0 803191.0 0.0 60220000.0 273.0 2.0 1000.0 93496995.0
10900.0 0.0 1.0 32.0 25176411.0 871391.0 0.0 60220000.0 268.0 2.0 1000.0 94392198.0
11000.0 0.0 1.0 31.0 24231968.0 942117.0 0.0 60220000.0 265.0 2.0 1000.0 95265915.0
11100.0 0.0 1.0 30.0 23304496.0 1024631.0 0.0 60220000.0 260.0 2.0 1000.0 96110873.0
11200.0 0.0 1.0 30.0 22392761.0 1102188.0 0.0 60220000.0 254.0 2.0 1000.0 96945051.0
11300.0 0.0 1.0 30.0 21497138.0 1161340.0 0.0 60220000.0 252.0 2.0 1000.0 97781522.0
11400.0 0.0 1.0 29.0 20616310.0 1223987.0 0.0 60220000.0 246.0 2.0 1000.0 98599703.0
11500.0 0.0 1.0 29.0 19759702.0 1265451.0 0.0 60220000.0 238.0 2.0 1000.0 99414847.0
11600.0 0.0 1.0 28.0 18925336.0 1305095.0 0.0 60220000.0 235.0 2.0 1000.0 100209569.0
11700.0 0.0 1.0 27.0 18103906.0 1354060.0 0.0 60220000.0 229.0 2.0 1000.0 100982034.0
11800.0 0.0 1.0 26.0 17301686.0 1409464.0 0.0 60220000.0 225.0 2.0 1000.0 101728850.0
11900.0 0.0 1.0 26.0 16523850.0 1451053.0 0.0 60220000.0 216.0 2.0 1000.0 102465097.0
12000.0 0.0 1.0 26.0 15775256.0 1461540.0 0.0 60220000.0 208.0 2.0 1000.0 103203204.0
12100.0 0.0 1.0 26.0 15046595.0 1451962.0 0.0 60220000.0 204.0 2.0 1000.0 103941443.0
12200.0 0.0 1.0 26.0 14328234.0 1433050.0 0.0 60220000.0 204.0 2.0 1000.0 104678716.0
12300.0 0.0 1.0 26.0 13620243.0 1403808.0 0.0 60220000.0 199.0 2.0 1000.0 105415949.0
12400.0 0.0 1.0 25.0 12921123.0 1386106.0 0.0 60220000.0 198.0 2.0 1000.0 106132771.0
12500.0 0.0 1.0 25.0 12234692.0 1364652.0 0.0 60220000.0 193.0 2.0 1000.0 106840656.0
12600.0 0.0 1.0 25.0 11562515.0 1330622.0 0.0 60220000.0 189.0 2.0 1000.0 107546863.0
12700.0 0.0 1.0 25.0 10903127.0 1284942.0 0.0 60220000.0 187.0 2.0 1000.0 108251931.0
12800.0 0.0 1.0 25.0 10245983.0 1238735.0 0.0 60220000.0 186.0 2.0 1000.0 108955282.0
12900.0 0.0 1.0 25.0 9596509.0 1188276.0 0.0 60220000.0 183.0 2.0 1000.0 109655215.0
13000.0 0.0 3.0 24.0 8950208.0 1144148.0 0.0 60220000.0 186.0 2.0 1000.0 110345644.0
13100.0 1.0 0.0 26.0 8275893.0 1129265.0 0.0 60220000.0 203.0 2.0 1000.0 111034842.0
13200.0 1.0 1.0 30.0 7529615.0 1097792.0 0.0 60220000.0 226.0 2.0 1000.0 111812593.0
13300.0 1.0 2.0 31.0 6697746.0 1079538.0 0.0 60220000.0 250.0 2.0 1000.0 112662716.0
13400.0 0.0 2.0 31.0 5828085.0 1085322.0 0.0 60220000.0 248.0 2.0 1000.0 113526593.0
13500.0 0.0 2.0 31.0 4973933.0 1076084.0 0.0 60220000.0 244.0 2.0 1000.0 114389983.0
13600.0 1.0 2.0 34.0 4096795.0 1052392.0 0.0 60220000.0 270.0 2.0 1000.0 115290813.0
13700.0 1.0 0.0 40.0 3142640.0 980444.0 0.0 60220000.0 294.0 2.0 1000.0 116316916.0
13800.0 0.0 2.0 41.0 2121927.0 882998.0 0.0 60220000.0 305.0 2.0 1000.0 117435075.0
13900.0 0.0 2.0 41.0 1141264.0 748282.0 0.0 60220000.0 301.0 2.0 1000.0 118550454.0
14000.0 0.0 2.0 41.0 289483.0 514222.0 0.0 60220000.0 298.0 2.0 1000.0 119636295.0
14100.0 0.0 2.0 39.0 2357.0 12976.0 0.0 60220000.0 289.0 2.0 1000.0 120424667.0
14200.0 0.0 2.0 39.0 5.0 2.0 0.0 60220000.0 286.0 2.0 1000.0 120439993.0
14300.0 0.0 2.0 38.0 0.0 0.0 0.0 60220000.0 281.0 2.0 1000.0 120440000.0
14400.0 0.0 2.0 37.0 0.0 0.0 0.0 60220000.0 280.0 2.0 1000.0 120440000.0
14500.0 0.0 2.0 37.0 0.0 0.0 0.0 60220000.0 277.0 2.0 1000.0 120440000.0
14600.0 0.0 2.0 37.0 0.0 0.0 0.0 60220000.0 274.0 2.0 1000.0 120440000.0
14700.0 1.0 2.0 37.0 0.0 0.0 0.0 60220000.0 274.0 2.0 1000.0 120440000.0
14800.0 1.0 0.0 42.0 0.0 0.0 0.0 60220000.0 291.0 2.0 1000.0 120440000.0
14900.0 0.0 3.0 40.0 0.0 0.0 0.0 60220000.0 298.0 2.0 1000.0 120440000.0
15000.0 0.0 3.0 40.0 0.0 0.0 0.0 60220000.0 291.0 2.0 1000.0 120440000.0
15100.0 0.0 3.0 40.0 0.0 0.0 0.0 60220000.0 287.0 2.0 1000.0 120440000.0
15200.0 1.0 2.0 39.0 0.0 0.0 0.0 60220000.0 291.0 2.0 1000.0 120440000.0
15300.0 1.0 1.0 43.0 0.0 0.0 0.0 60220000.0 305.0 2.0 1000.0 120440000.0
15400.0 0.0 2.0 44.0 0.0 0.0 0.0 60220000.0 312.0 2.0 1000.0 120440000.0
15500.0 0.0 2.0 43.0 0.0 0.0 0.0 60220000.0 308.0 2.0 1000.0 120440000.0
15600.0 0.0 2.0 42.0 0.0 0.0 0.0 60220000.0 303.0 2.0 1000.0 120440000.0
15700.0 0.0 2.0 41.0 0.0 0.0 0.0 60220000.0 297.0 2.0 1000.0 120440000.0
15800.0 0.0 2.0 41.0 0.0 0.0 0.0 60220000.0 295.0 2.0 1000.0 120440000.0
15900.0 0.0 2.0 41.0 0.0 0.0 0.0 60220000.0 294.0 2.0 1000.0 120440000.0
16000.0 0.0 2.0 40.0 0.0 0.0 0.0 60220000.0 287.0 2.0 1000.0 120440000.0
16100.0 0.0 2.0 41.0 0.0 0.0 0.0 60220000.0 295.0 2.0 1000.0 120440000.0
16200.0 0.0 2.0 40.0 0.0 0.0 0.0 60220000.0 291.0 2.0 1000.0 120440000.0
16300.0 0.0 2.0 38.0 0.0 0.0 0.0 60220000.0 286.0 2.0 1000.0 120440000.0
16400.0 0.0 2.0 38.0 0.0 0.0 0.0 60220000.0 283.0 2.0 1000.0 120440000.0
16500.0 0.0 2.0 37.0 0.0 0.0 0.0 60220000.0 280.0 2.0 1000.0 120440000.0
16600.0 0.0 2.0 36.0 0.0 0.0 0.0 60220000.0 279.0 2.0 1000.0 120440000.0
16700.0 0.0 2.0 36.0 0.0 0.0 0.0 60220000.0 275.0 2.0 1000.0 120440000.0
16800.0 1.0 1.0 37.0 0.0 0.0 0.0 60220000.0 291.0 2.0 1000.0 120440000.0
16900.0 0.0 0.0 36.0 0.0 0.0 0.0 60220000.0 293.0 2.0 1000.0 120440000.0
17000.0 0.0 0.0 36.0 0.0 0.0 0.0 60220000.0 284.0 2.0 1000.0 120440000.0
17100.0 0.0 0.0 35.0 0.0 0.0 0.0 60220000.0 281.0 2.0 1000.0 120440000.0
17200.0 0.0 0.0 35.0 0.0 0.0 0.0 60220000.0 276.0 2.0 1000.0 120440000.0
17300.0 0.0 0.0 35.0 0.0 0.0 0.0 60220000.0 274.0 2.0 1000.0 120440000.0
17400.0 0.0 0.0 35.0 0.0 0.0 0.0 60220000.0 271.0 2.0 1000.0 120440000.0
17500.0 0.0 0.0 34.0 0.0 0.0 0.0 60220000.0 268.0 2.0 1000.0 120440000.0
17600.0 0.0 0.0 34.0 0.0 0.0 0.0 60220000.0 265.0 2.0 1000.0 120440000.0
17700.0 0.0 0.0 34.0 0.0 0.0 0.0 60220000.0 261.0 2.0 1000.0 120440000.0
17800.0 0.0 0.0 32.0 0.0 0.0 0.0 60220000.0 256.0 2.0 1000.0 120440000.0
17900.0 0.0 0.0 32.0 0.0 0.0 0.0 60220000.0 246.0 2.0 1000.0 120440000.0
18000.0 0.0 0.0 32.0 0.0 0.0 0.0 60220000.0 245.0 2.0 1000.0 120440000.0
18100.0 0.0 0.0 32.0 0.0 0.0 0.0 60220000.0 242.0 2.0 1000.0 120440000.0
18200.0 0.0 0.0 31.0 0.0 0.0 0.0 60220000.0 240.0 2.0 1000.0 120440000.0
18300.0 1.0 0.0 34.0 0.0 0.0 0.0 60220000.0 256.0 2.0 1000.0 120440000.0
18400.0 0.0 3.0 33.0 0.0 0.0 0.0 60220000.0 256.0 2.0 1000.0 120440000.0
18500.0 0.0 3.0 33.0 0.0 0.0 0.0 60220000.0 244.0 2.0 1000.0 120440000.0
18600.0 0.0 3.0 33.0 0.0 0.0 0.0 60220000.0 243.0 2.0 1000.0 120440000.0
18700.0 0.0 3.0 33.0 0.0 0.0 0.0 60220000.0 238.0 2.0 1000.0 120440000.0
18800.0 0.0 3.0 33.0 0.0 0.0 0.0 60220000.0 237.0 2.0 1000.0 120440000.0
18900.0 0.0 3.0 32.0 0.0 0.0 0.0 60220000.0 231.0 2.0 1000.0 120440000.0
19000.0 0.0 3.0 31.0 0.0 0.0 0.0 60220000.0 227.0 2.0 1000.0 120440000.0
19100.0 0.0 3.0 30.0 0.0 0.0 0.0 60220000.0 221.0 2.0 1000.0 120440000.0
19200.0 0.0 3.0 30.0 0.0 0.0 0.0 60220000.0 217.0 2.0 1000.0 120440000.0
19300.0 0.0 3.0 30.0 0.0 0.0 0.0 60220000.0 213.0 2.0 1000.0 120440000.0
19400.0 0.0 3.0 30.0 0.0 0.0 0.0 60220000.0 210.0 2.0 1000.0 120440000.0
19500.0 0.0 3.0 29.0 0.0 0.0 0.0 60220000.0 204.0 2.0 1000.0 120440000.0
19600.0 0.0 3.0 29.0 0.0 0.0 0.0 60220000.0 202.0 2.0 1000.0 120440000.0
19700.0 0.0 3.0 29.0 0.0 0.0 0.0 60220000.0 195.0 2.0 1000.0 120440000.0
19800.0 0.0 3.0 29.0 0.0 0.0 0.0 60220000.0 191.0 2.0 1000.0 120440000.0
19900.0 0.0 3.0 29.0 0.0 0.0 0.0 60220000.0 190.0 2.0 1000.0 120440000.0
