time rna_M monomer_betaGal protein_betaGal Lactose_external Lactose_internal Glucose_external Glucose_internal protein_Lactose_Permease dna_Lac_Operon Biomass Lactose_consumed
0.0 0.0 0.0 0.0 120440000.0 0.0 60220000.0 0.0 0.0 2.0 1000.0 0.0
100.0 0.0 0.0 0.0 120440000.0 0.0 30132204.0 30087796.0 0.0 2.0 1000.0 0.0
200.0 0.0 0.0 0.0 120440000.0 0.0 81522.0 60138478.0 0.0 2.0 1000.0 0.0
300.0 0.0 0.0 0.0 120440000.0 0.0 0.0 60220000.0 0.0 2.0 1000.0 0.0
400.0 0.0 0.0 0.0 120440000.0 0.0 0.0 60220000.0 0.0 2.0 1000.0 0.0
500.0 0.0 0.0 0.0 120440000.0 0.0 0.0 60220000.0 0.0 2.0 1000.0 0.0
600.0 0.0 0.0 0.0 120440000.0 0.0 0.0 60220000.0 0.0 2.0 1000.0 0.0
700.0 0.0 0.0 0.0 120440000.0 0.0 0.0 60220000.0 0.0 2.0 1000.0 0.0
800.0 0.0 0.0 0.0 120440000.0 0.0 0.0 60220000.0 0.0 2.0 1000.0 0.0
900.0 0.0 0.0 0.0 120440000.0 0.0 0.0 60220000.0 0.0 2.0 1000.0 0.0
1000.0 0.0 0.0 0.0 120440000.0 0.0 0.0 60220000.0 0.0 2.0 1000.0 0.0
1100.0 0.0 0.0 0.0 120440000.0 0.0 0.0 60220000.0 0.0 2.0 1000.0 0.0
1200.0 0.0 0.0 0.0 120440000.0 0.0 0.0 60220000.0 0.0 2.0 1000.0 0.0
1300.0 0.0 0.0 0.0 120440000.0 0.0 0.0 60220000.0 0.0 2.0 1000.0 0.0
1400.0 0.0 0.0 0.0 120440000.0 0.0 0.0 60220000.0 0.0 2.0 1000.0 0.0
1500.0 0.0 0.0 0.0 120440000.0 0.0 0.0 60220000.0 0.0 2.0 1000.0 0.0
1600.0 0.0 0.0 0.0 120440000.0 0.0 0.0 60220000.0 0.0 2.0 1000.0 0.0
1700.0 0.0 0.0 0.0 120440000.0 0.0 0.0 60220000.0 0.0 2.0 1000.0 0.0
1800.0 0.0 0.0 0.0 120440000.0 0.0 0.0 60220000.0 0.0 2.0 1000.0 0.0
1900.0 0.0 0.0 0.0 120440000.0 0.0 0.0 60220000.0 0.0 2.0 1000.0 0.0
2000.0 0.0 0.0 0.0 120440000.0 0.0 0.0 60220000.0 0.0 2.0 1000.0 0.0
2100.0 0.0 0.0 0.0 120440000.0 0.0 0.0 60220000.0 0.0 2.0 1000.0 0.0
2200.0 0.0 0.0 0.0 120438434.0 1566.0 0.0 60220000.0 2.0 2.0 1000.0 0.0
2300.0 0.0 0.0 0.0 120431415.0 8585.0 0.0 60220000.0 2.0 2.0 1000.0 0.0
2400.0 0.0 0.0 0.0 120424093.0 15907.0 0.0 60220000.0 2.0 2.0 1000.0 0.0
2500.0 0.0 0.0 0.0 120416902.0 23098.0 0.0 60220000.0 2.0 2.0 1000.0 0.0
2600.0 0.0 0.0 0.0 120409891.0 30109.0 0.0 60220000.0 2.0 2.0 1000.0 0.0
2700.0 0.0 0.0 0.0 120402610.0 37390.0 0.0 60220000.0 2.0 2.0 1000.0 0.0
2800.0 0.0 0.0 0.0 120395361.0 44639.0 0.0 60220000.0 2.0 2.0 1000.0 0.0
2900.0 0.0 0.0 0.0 120388126.0 51874.0 0.0 60220000.0 2.0 2.0 1000.0 0.0
3000.0 0.0 0.0 0.0 120381039.0 58961.0 0.0 60220000.0 2.0 2.0 1000.0 0.0
3100.0 0.0 0.0 0.0 120373851.0 66149.0 0.0 60220000.0 2.0 2.0 1000.0 0.0
3200.0 0.0 0.0 0.0 120367127.0 72873.0 0.0 60220000.0 1.0 2.0 1000.0 0.0
3300.0 0.0 0.0 0.0 120363664.0 76336.0 0.0 60220000.0 1.0 2.0 1000.0 0.0
3400.0 0.0 0.0 0.0 120360135.0 79865.0 0.0 60220000.0 1.0 2.0 1000.0 0.0
3500.0 0.0 0.0 0.0 120356558.0 83442.0 0.0 60220000.0 1.0 2.0 1000.0 0.0
3600.0 0.0 0.0 0.0 120352826.0 87174.0 0.0 60220000.0 1.0 2.0 1000.0 0.0
3700.0 1.0 0.0 3.0 120303858.0 119798.0 0.0 60220000.0 25.0 2.0 1000.0 16344.0
3800.0 1.0 0.0 7.0 120169303.0 161217.0 0.0 60220000.0 48.0 2.0 1000.0 109480.0
3900.0 1.0 3.0 12.0 119942125.0 186978.0 0.0 60220000.0 77.0 2.0 1000.0 310897.0
4000.0 0.0 3.0 12.0 119666310.0 209406.0 0.0 60220000.0 77.0 2.0 1000.0 564284.0
4100.0 0.0 3.0 12.0 119393410.0 222638.0 0.0 60220000.0 75.0 2.0 1000.0 823952.0
4200.0 0.0 3.0 12.0 119131275.0 223473.0 0.0 60220000.0 73.0 2.0 1000.0 1085252.0
4300.0 0.0 3.0 12.0 118871790.0 222169.0 0.0 60220000.0 72.0 2.0 1000.0 1346041.0
4400.0 0.0 3.0 12.0 118622029.0 213072.0 0.0 60220000.0 68.0 2.0 1000.0 1604899.0
4500.0 0.0 3.0 12.0 118380163.0 199776.0 0.0 60220000.0 67.0 2.0 1000.0 1860061.0
4600.0 0.0 3.0 12.0 118140238.0 188158.0 0.0 60220000.0 67.0 2.0 1000.0 2111604.0
4700.0 0.0 3.0 12.0 117902959.0 178061.0 0.0 60220000.0 66.0 2.0 1000.0 2358980.0
4800.0 0.0 3.0 12.0 117670103.0 168867.0 0.0 60220000.0 65.0 2.0 1000.0 2601030.0
4900.0 0.0 3.0 12.0 117443464.0 157743.0 0.0 60220000.0 62.0 2.0 1000.0 2838793.0
5000.0 0.0 3.0 12.0 117223936.0 145260.0 0.0 60220000.0 61.0 2.0 1000.0 3070804.0
5100.0 0.0 3.0 12.0 117009888.0 134296.0 0.0 60220000.0 58.0 2.0 1000.0 3295816.0
5200.0 0.0 3.0 12.0 116806664.0 120343.0 0.0 60220000.0 55.0 2.0 1000.0 3512993.0
5300.0 0.0 3.0 10.0 116610386.0 128571.0 0.0 60220000.0 55.0 2.0 1000.0 3701043.0
5400.0 0.0 3.0 10.0 116415448.0 139352.0 0.0 60220000.0 54.0 2.0 1000.0 3885200.0
5500.0 0.0 3.0 9.0 116223310.0 145278.0 0.0 60220000.0 54.0 2.0 1000.0 4071412.0
5600.0 0.0 3.0 9.0 116034021.0 160155.0 0.0 60220000.0 52.0 2.0 1000.0 4245824.0
5700.0 0.0 3.0 9.0 115847514.0 168218.0 0.0 60220000.0 52.0 2.0 1000.0 4424268.0
5800.0 0.0 3.0 9.0 115661652.0 172609.0 0.0 60220000.0 52.0 2.0 1000.0 4605739.0
5900.0 0.0 3.0 8.0 115476136.0 188477.0 0.0 60220000.0 52.0 2.0 1000.0 4775387.0
6000.0 0.0 3.0 8.0 115292601.0 204148.0 0.0 60220000.0 50.0 2.0 1000.0 4943251.0
6100.0 0.0 3.0 8.0 115115510.0 210458.0 0.0 60220000.0 49.0 2.0 1000.0 5114032.0
6200.0 0.0 3.0 8.0 114939788.0 214156.0 0.0 60220000.0 49.0 2.0 1000.0 5286056.0
6300.0 0.0 3.0 8.0 114765090.0 216677.0 0.0 60220000.0 49.0 2.0 1000.0 5458233.0
6400.0 0.0 3.0 8.0 114598107.0 210838.0 0.0 60220000.0 46.0 2.0 1000.0 5631055.0
6500.0 0.0 3.0 8.0 114434151.0 204486.0 0.0 60220000.0 46.0 2.0 1000.0 5801363.0
6600.0 0.0 3.0 8.0 114269654.0 199438.0 0.0 60220000.0 46.0 2.0 1000.0 5970908.0
6700.0 0.0 3.0 8.0 114110477.0 191060.0 0.0 60220000.0 44.0 2.0 1000.0 6138463.0
6800.0 1.0 0.0 10.0 113950202.0 179852.0 0.0 60220000.0 53.0 2.0 1000.0 6309946.0
6900.0 1.0 0.0 13.0 113713485.0 192950.0 0.0 60220000.0 80.0 2.0 1000.0 6533565.0
7000.0 1.0 0.0 17.0 113391967.0 205151.0 0.0 60220000.0 102.0 2.0 1000.0 6842882.0
7100.0 1.0 2.0 20.0 112971282.0 225095.0 0.0 60220000.0 139.0 2.0 1000.0 7243623.0
7200.0 0.0 0.0 22.0 112434011.0 276531.0 0.0 60220000.0 154.0 2.0 1000.0 7729458.0
7300.0 0.0 0.0 22.0 111890082.0 308796.0 0.0 60220000.0 152.0 2.0 1000.0 8241122.0
7400.0 0.0 0.0 22.0 111352852.0 324133.0 0.0 60220000.0 149.0 2.0 1000.0 8763015.0
7500.0 0.0 0.0 22.0 110830770.0 322094.0 0.0 60220000.0 145.0 2.0 1000.0 9287136.0
7600.0 0.0 0.0 22.0 110312147.0 319201.0 0.0 60220000.0 145.0 2.0 1000.0 9808652.0
7700.0 0.0 0.0 22.0 109800154.0 310467.0 0.0 60220000.0 143.0 2.0 1000.0 10329379.0
7800.0 0.0 0.0 22.0 109295461.0 298922.0 0.0 60220000.0 139.0 2.0 1000.0 10845617.0
7900.0 0.0 0.0 21.0 108800955.0 297855.0 0.0 60220000.0 137.0 2.0 1000.0 11341190.0
8000.0 0.0 0.0 21.0 108315594.0 293570.0 0.0 60220000.0 135.0 2.0 1000.0 11830836.0
8100.0 0.0 0.0 20.0 107836788.0 295977.0 0.0 60220000.0 131.0 2.0 1000.0 12307235.0
8200.0 0.0 0.0 20.0 107371139.0 294548.0 0.0 60220000.0 130.0 2.0 1000.0 12774313.0
8300.0 0.0 0.0 20.0 106914163.0 286275.0 0.0 60220000.0 127.0 2.0 1000.0 13239562.0
8400.0 0.0 0.0 19.0 106466013.0 286132.0 0.0 60220000.0 124.0 2.0 1000.0 13687855.0
8500.0 0.0 0.0 18.0 106026963.0 299408.0 0.0 60220000.0 122.0 2.0 1000.0 14113629.0
8600.0 0.0 0.0 18.0 105593780.0 308676.0 0.0 60220000.0 120.0 2.0 1000.0 14537544.0
8700.0 0.0 0.0 18.0 105166311.0 311077.0 0.0 60220000.0 120.0 2.0 1000.0 14962612.0
8800.0 0.0 0.0 18.0 104738025.0 313982.0 0.0 60220000.0 120.0 2.0 1000.0 15387993.0
8900.0 0.0 0.0 18.0 104310335.0 315982.0 0.0 60220000.0 120.0 2.0 1000.0 15813683.0
9000.0 0.0 0.0 18.0 103887823.0 313178.0 0.0 60220000.0 117.0 2.0 1000.0 16238999.0
9100.0 0.0 0.0 17.0 103470029.0 315792.0 0.0 60220000.0 116.0 2.0 1000.0 16654179.0
9200.0 0.0 0.0 17.0 103058806.0 324459.0 0.0 60220000.0 115.0 2.0 1000.0 17056735.0
9300.0 0.0 0.0 17.0 102648928.0 329291.0 0.0 60220000.0 114.0 2.0 1000.0 17461781.0
9400.0 0.0 0.0 16.0 102243161.0 349506.0 0.0 60220000.0 113.0 2.0 1000.0 17847333.0
9500.0 0.0 0.0 16.0 101846681.0 358160.0 0.0 60220000.0 109.0 2.0 1000.0 18235159.0
9600.0 0.0 0.0 16.0 101458589.0 358012.0 0.0 60220000.0 108.0 2.0 1000.0 18623399.0
9700.0 0.0 0.0 15.0 101076568.0 360835.0 0.0 60220000.0 107.0 2.0 1000.0 19002597.0
9800.0 0.0 0.0 15.0 100694270.0 376987.0 0.0 60220000.0 106.0 2.0 1000.0 19368743.0
9900.0 0.0 0.0 15.0 100318233.0 385012.0 0.0 60220000.0 105.0 2.0 1000.0 19736755.0
10000.0 0.0 0.0 15.0 99942924.0 391487.0 0.0 60220000.0 105.0 2.0 1000.0 20105589.0
10100.0 0.0 0.0 15.0 99568660.0 395723.0 0.0 60220000.0 104.0 2.0 1000.0 20475617.0
10200.0 0.0 0.0 15.0 99200413.0 393250.0 0.0 60220000.0 103.0 2.0 1000.0 20846337.0
10300.0 0.0 0.0 15.0 98838749.0 384906.0 0.0 60220000.0 99.0 2.0 1000.0 21216345.0
10400.0 0.0 0.0 15.0 98492201.0 364097.0 0.0 60220000.0 95.0 2.0 1000.0 21583702.0
10500.0 0.0 0.0 15.0 98153774.0 338886.0 0.0 60220000.0 95.0 2.0 1000.0 21947340.0
10600.0 0.0 0.0 15.0 97819769.0 315153.0 0.0 60220000.0 92.0 2.0 1000.0 22305078.0
10700.0 0.0 0.0 13.0 97491581.0 302673.0 0.0 60220000.0 92.0 2.0 1000.0 22645746.0
10800.0 0.0 0.0 13.0 97170677.0 316635.0 0.0 60220000.0 88.0 2.0 1000.0 22952688.0
10900.0 0.0 0.0 13.0 96858441.0 322000.0 0.0 60220000.0 85.0 2.0 1000.0 23259559.0
11000.0 0.0 0.0 12.0 96558487.0 325213.0 0.0 60220000.0 84.0 2.0 1000.0 23556300.0
11100.0 0.0 0.0 12.0 96261995.0 334888.0 0.0 60220000.0 83.0 2.0 1000.0 23843117.0
11200.0 0.0 0.0 12.0 95971241.0 337691.0 0.0 60220000.0 80.0 2.0 1000.0 24131068.0
11300.0 0.0 0.0 12.0 95691215.0 330163.0 0.0 60220000.0 76.0 2.0 1000.0 24418622.0
11400.0 0.0 0.0 12.0 95421780.0 314734.0 0.0 60220000.0 74.0 2.0 1000.0 24703486.0
11500.0 0.0 0.0 12.0 95161470.0 293838.0 0.0 60220000.0 72.0 2.0 1000.0 24984692.0
11600.0 0.0 0.0 12.0 94905289.0 273516.0 0.0 60220000.0 71.0 2.0 1000.0 25261195.0
11700.0 0.0 0.0 11.0 94661352.0 246574.0 0.0 60220000.0 68.0 2.0 1000.0 25532074.0
11800.0 0.0 0.0 11.0 94418672.0 244129.0 0.0 60220000.0 68.0 2.0 1000.0 25777199.0
11900.0 0.0 0.0 11.0 94181707.0 236304.0 0.0 60220000.0 66.0 2.0 1000.0 26021989.0
12000.0 0.0 0.0 11.0 93950262.0 224959.0 0.0 60220000.0 64.0 2.0 1000.0 26264779.0
12100.0 0.0 0.0 11.0 93724991.0 211215.0 0.0 60220000.0 63.0 2.0 1000.0 26503794.0
12200.0 0.0 0.0 11.0 93503891.0 198178.0 0.0 60220000.0 61.0 2.0 1000.0 26737931.0
12300.0 0.0 0.0 11.0 93286758.0 186058.0 0.0 60220000.0 61.0 2.0 1000.0 26967184.0
12400.0 0.0 0.0 10.0 93075171.0 173385.0 0.0 60220000.0 58.0 2.0 1000.0 27191444.0
12500.0 0.0 0.0 10.0 92867871.0 177519.0 0.0 60220000.0 58.0 2.0 1000.0 27394610.0
12600.0 0.0 0.0 10.0 92666857.0 174619.0 0.0 60220000.0 54.0 2.0 1000.0 27598524.0
12700.0 0.0 0.0 10.0 92474861.0 165925.0 0.0 60220000.0 54.0 2.0 1000.0 27799214.0
12800.0 0.0 0.0 10.0 92285064.0 158040.0 0.0 60220000.0 53.0 2.0 1000.0 27996896.0
12900.0 0.0 0.0 9.0 92095382.0 168195.0 0.0 60220000.0 53.0 2.0 1000.0 28176423.0
13000.0 0.0 0.0 9.0 91909950.0 172541.0 0.0 60220000.0 51.0 2.0 1000.0 28357509.0
13100.0 0.0 0.0 9.0 91732010.0 169350.0 0.0 60220000.0 50.0 2.0 1000.0 28538640.0
13200.0 1.0 3.0 9.0 91552875.0 167946.0 0.0 60220000.0 56.0 2.0 1000.0 28719179.0
13300.0 1.0 2.0 13.0 91307465.0 179997.0 0.0 60220000.0 83.0 2.0 1000.0 28952538.0
13400.0 0.0 1.0 14.0 90987765.0 207188.0 0.0 60220000.0 90.0 2.0 1000.0 29245047.0
13500.0 0.0 1.0 14.0 90666647.0 224960.0 0.0 60220000.0 90.0 2.0 1000.0 29548393.0
13600.0 0.0 1.0 14.0 90345534.0 238448.0 0.0 60220000.0 90.0 2.0 1000.0 29856018.0
13700.0 0.0 1.0 13.0 90032752.0 254466.0 0.0 60220000.0 87.0 2.0 1000.0 30152782.0
13800.0 0.0 1.0 13.0 89725207.0 267411.0 0.0 60220000.0 85.0 2.0 1000.0 30447382.0
13900.0 0.0 1.0 13.0 89425418.0 269728.0 0.0 60220000.0 83.0 2.0 1000.0 30744854.0
14000.0 0.0 1.0 12.0 89132479.0 273906.0 0.0 60220000.0 81.0 2.0 1000.0 31033615.0
14100.0 0.0 1.0 12.0 88845607.0 284040.0 0.0 60220000.0 80.0 2.0 1000.0 31310353.0
14200.0 0.0 1.0 12.0 88560904.0 290403.0 0.0 60220000.0 78.0 2.0 1000.0 31588693.0
14300.0 0.0 1.0 12.0 88291063.0 282574.0 0.0 60220000.0 74.0 2.0 1000.0 31866363.0
14400.0 0.0 1.0 12.0 88031538.0 267101.0 0.0 60220000.0 72.0 2.0 1000.0 32141361.0
14500.0 0.0 1.0 12.0 87778562.0 249179.0 0.0 60220000.0 70.0 2.0 1000.0 32412259.0
14600.0 0.0 1.0 12.0 87531629.0 229454.0 0.0 60220000.0 69.0 2.0 1000.0 32678917.0
14700.0 0.0 1.0 12.0 87296934.0 205020.0 0.0 60220000.0 65.0 2.0 1000.0 32938046.0
14800.0 0.0 1.0 12.0 87063803.0 186234.0 0.0 60220000.0 65.0 2.0 1000.0 33189963.0
14900.0 0.0 1.0 12.0 86832483.0 172455.0 0.0 60220000.0 65.0 2.0 1000.0 33435062.0
15000.0 0.0 1.0 12.0 86605176.0 160061.0 0.0 60220000.0 63.0 2.0 1000.0 33674763.0
15100.0 0.0 1.0 10.0 86380953.0 166470.0 0.0 60220000.0 62.0 2.0 1000.0 33892577.0
15200.0 0.0 1.0 9.0 86162726.0 197623.0 0.0 60220000.0 61.0 2.0 1000.0 34079651.0
15300.0 0.0 1.0 9.0 85946817.0 221731.0 0.0 60220000.0 59.0 2.0 1000.0 34271452.0
15400.0 0.0 1.0 9.0 85736294.0 235083.0 0.0 60220000.0 59.0 2.0 1000.0 34468623.0
15500.0 0.0 1.0 9.0 85524947.0 246094.0 0.0 60220000.0 59.0 2.0 1000.0 34668959.0
15600.0 0.0 1.0 9.0 85314328.0 254599.0 0.0 60220000.0 59.0 2.0 1000.0 34871073.0
15700.0 0.0 1.0 9.0 85104552.0 260825.0 0.0 60220000.0 58.0 2.0 1000.0 35074623.0
15800.0 0.0 1.0 9.0 84897465.0 262792.0 0.0 60220000.0 58.0 2.0 1000.0 35279743.0
15900.0 0.0 1.0 9.0 84695835.0 259815.0 0.0 60220000.0 56.0 2.0 1000.0 35484350.0
16000.0 0.0 1.0 9.0 84499653.0 252809.0 0.0 60220000.0 54.0 2.0 1000.0 35687538.0
16100.0 0.0 1.0 9.0 84310119.0 241665.0 0.0 60220000.0 53.0 2.0 1000.0 35888216.0
16200.0 0.0 1.0 9.0 84124105.0 229061.0 0.0 60220000.0 51.0 2.0 1000.0 36086834.0
16300.0 0.0 1.0 9.0 83945269.0 212092.0 0.0 60220000.0 50.0 2.0 1000.0 36282639.0
16400.0 0.0 1.0 9.0 83769443.0 196872.0 0.0 60220000.0 48.0 2.0 1000.0 36473685.0
16500.0 0.0 1.0 9.0 83597542.0 182055.0 0.0 60220000.0 48.0 2.0 1000.0 36660403.0
16600.0 0.0 1.0 9.0 83425993.0 170457.0 0.0 60220000.0 48.0 2.0 1000.0 36843550.0
16700.0 0.0 1.0 9.0 83254742.0 162658.0 0.0 60220000.0 48.0 2.0 1000.0 37022600.0
16800.0 0.0 1.0 9.0 83085535.0 156001.0 0.0 60220000.0 47.0 2.0 1000.0 37198464.0
16900.0 0.0 1.0 9.0 82917693.0 149560.0 0.0 60220000.0 46.0 2.0 1000.0 37372747.0
17000.0 0.0 1.0 9.0 82752379.0 143655.0 0.0 60220000.0 46.0 2.0 1000.0 37543966.0
17100.0 0.0 1.0 9.0 82593766.0 133890.0 0.0 60220000.0 44.0 2.0 1000.0 37712344.0
17200.0 0.0 1.0 9.0 82441608.0 123247.0 0.0 60220000.0 42.0 2.0 1000.0 37875145.0
17300.0 0.0 1.0 9.0 82291533.0 114856.0 0.0 60220000.0 42.0 2.0 1000.0 38033611.0
17400.0 0.0 1.0 9.0 82140833.0 111248.0 0.0 60220000.0 42.0 2.0 1000.0 38187919.0
17500.0 0.0 1.0 9.0 81991172.0 108444.0 0.0 60220000.0 42.0 2.0 1000.0 38340384.0
17600.0 0.0 1.0 9.0 81844711.0 103776.0 0.0 60220000.0 40.0 2.0 1000.0 38491513.0
17700.0 0.0 1.0 9.0 81702211.0 98885.0 0.0 60220000.0 40.0 2.0 1000.0 38638904.0
17800.0 0.0 1.0 9.0 81559508.0 96867.0 0.0 60220000.0 40.0 2.0 1000.0 38783625.0
17900.0 0.0 1.0 9.0 81415924.0 96294.0 0.0 60220000.0 40.0 2.0 1000.0 38927782.0
18000.0 0.0 1.0 9.0 81273482.0 94729.0 0.0 60220000.0 39.0 2.0 1000.0 39071789.0
18100.0 0.0 1.0 9.0 81134560.0 92036.0 0.0 60220000.0 39.0 2.0 1000.0 39213404.0
18200.0 0.0 1.0 9.0 80997117.0 89489.0 0.0 60220000.0 38.0 2.0 1000.0 39353394.0
18300.0 0.0 1.0 9.0 80863258.0 85147.0 0.0 60220000.0 36.0 2.0 1000.0 39491595.0
18400.0 0.0 1.0 9.0 80734505.0 80087.0 0.0 60220000.0 36.0 2.0 1000.0 39625408.0
18500.0 0.0 1.0 9.0 80607151.0 76576.0 0.0 60220000.0 35.0 2.0 1000.0 39756273.0
18600.0 0.0 1.0 9.0 80484559.0 71879.0 0.0 60220000.0 33.0 2.0 1000.0 39883562.0
18700.0 0.0 1.0 9.0 80366247.0 67777.0 0.0 60220000.0 33.0 2.0 1000.0 40005976.0
18800.0 0.0 1.0 9.0 80247642.0 66759.0 0.0 60220000.0 33.0 2.0 1000.0 40125599.0
18900.0 0.0 1.0 9.0 80132221.0 63749.0 0.0 60220000.0 32.0 2.0 1000.0 40244030.0
19000.0 0.0 1.0 9.0 80018396.0 62367.0 0.0 60220000.0 32.0 2.0 1000.0 40359237.0
19100.0 0.0 1.0 9.0 79906548.0 60069.0 0.0 60220000.0 31.0 2.0 1000.0 40473383.0
19200.0 0.0 1.0 9.0 79796358.0 59223.0 0.0 60220000.0 31.0 2.0 1000.0 40584419.0
19300.0 0.0 1.0 9.0 79685315.0 59233.0 0.0 60220000.0 31.0 2.0 1000.0 40695452.0
19400.0 0.0 1.0 9.0 79574621.0 58386.0 0.0 60220000.0 31.0 2.0 1000.0 40806993.0
19500.0 0.0 1.0 9.0 79466356.0 57000.0 0.0 60220000.0 30.0 2.0 1000.0 40916644.0
19600.0 0.0 1.0 9.0 79360581.0 54803.0 0.0 60220000.0 29.0 2.0 1000.0 41024616.0
19700.0 0.0 1.0 9.0 79260010.0 51141.0 0.0 60220000.0 28.0 2.0 1000.0 41128849.0
19800.0 0.0 1.0 9.0 79160154.0 49646.0 0.0 60220000.0 28.0 2.0 1000.0 41230200.0
19900.0 0.0 1.0 9.0 79060312.0 49482.0 0.0 60220000.0 28.0 2.0 1000.0 41330206.0
