time rna_M monomer_betaGal protein_betaGal Lactose_external Lactose_internal Glucose_external Glucose_internal protein_Lactose_Permease dna_Lac_Operon Biomass Lactose_consumed
0.0 0.0 0.0 0.0 120440000.0 0.0 60220000.0 0.0 0.0 2.0 1000.0 0.0
100.0 0.0 0.0 0.0 120440000.0 0.0 30118510.0 30101490.0 0.0 2.0 1000.0 0.0
200.0 0.0 0.0 0.0 120440000.0 0.0 72085.0 60147915.0 0.0 2.0 1000.0 0.0
300.0 0.0 0.0 0.0 120440000.0 0.0 0.0 60220000.0 0.0 2.0 1000.0 0.0
400.0 0.0 0.0 0.0 120440000.0 0.0 0.0 60220000.0 0.0 2.0 1000.0 0.0
500.0 0.0 0.0 0.0 120440000.0 0.0 0.0 60220000.0 0.0 2.0 1000.0 0.0
600.0 0.0 0.0 0.0 120440000.0 0.0 0.0 60220000.0 0.0 2.0 1000.0 0.0
700.0 0.0 0.0 0.0 120440000.0 0.0 0.0 60220000.0 0.0 2.0 1000.0 0.0
800.0 0.0 0.0 0.0 120440000.0 0.0 0.0 60220000.0 0.0 2.0 1000.0 0.0
900.0 0.0 0.0 0.0 120440000.0 0.0 0.0 60220000.0 0.0 2.0 1000.0 0.0
1000.0 0.0 0.0 0.0 120440000.0 0.0 0.0 60220000.0 0.0 2.0 1000.0 0.0
1100.0 0.0 0.0 0.0 120440000.0 0.0 0.0 60220000.0 0.0 2.0 1000.0 0.0
1200.0 0.0 0.0 0.0 120440000.0 0.0 0.0 60220000.0 0.0 2.0 1000.0 0.0
1300.0 0.0 0.0 0.0 120440000.0 0.0 0.0 60220000.0 0.0 2.0 1000.0 0.0
1400.0 0.0 0.0 0.0 120440000.0 0.0 0.0 60220000.0 0.0 2.0 1000.0 0.0
1500.0 0.0 0.0 0.0 120440000.0 0.0 0.0 60220000.0 0.0 2.0 1000.0 0.0
1600.0 0.0 0.0 0.0 120440000.0 0.0 0.0 60220000.0 0.0 2.0 1000.0 0.0
1700.0 0.0 0.0 0.0 120440000.0 0.0 0.0 60220000.0 0.0 2.0 1000.0 0.0
1800.0 0.0 0.0 0.0 120440000.0 0.0 0.0 60220000.0 0.0 2.0 1000.0 0.0
1900.0 0.0 0.0 0.0 120440000.0 0.0 0.0 60220000.0 0.0 2.0 1000.0 0.0
2000.0 0.0 0.0 0.0 120440000.0 0.0 0.0 60220000.0 0.0 2.0 1000.0 0.0
2100.0 0.0 0.0 0.0 120440000.0 0.0 0.0 60220000.0 0.0 2.0 1000.0 0.0
2200.0 0.0 0.0 0.0 120440000.0 0.0 0.0 60220000.0 0.0 2.0 1000.0 0.0
2300.0 0.0 0.0 0.0 120440000.0 0.0 0.0 60220000.0 0.0 2.0 1000.0 0.0
2400.0 0.0 0.0 0.0 120440000.0 0.0 0.0 60220000.0 0.0 2.0 1000.0 0.0
2500.0 0.0 0.0 0.0 120440000.0 0.0 0.0 60220000.0 0.0 2.0 1000.0 0.0
2600.0 0.0 0.0 0.0 120440000.0 0.0 0.0 60220000.0 0.0 2.0 1000.0 0.0
2700.0 0.0 0.0 0.0 120440000.0 0.0 0.0 60220000.0 0.0 2.0 1000.0 0.0
2800.0 0.0 0.0 0.0 120440000.0 0.0 0.0 60220000.0 0.0 2.0 1000.0 0.0
2900.0 0.0 0.0 0.0 120440000.0 0.0 0.0 60220000.0 0.0 2.0 1000.0 0.0
3000.0 0.0 0.0 0.0 120440000.0 0.0 0.0 60220000.0 0.0 2.0 1000.0 0.0
3100.0 0.0 0.0 0.0 120440000.0 0.0 0.0 60220000.0 0.0 2.0 1000.0 0.0
3200.0 0.0 0.0 0.0 120440000.0 0.0 0.0 60220000.0 0.0 2.0 1000.0 0.0
3300.0 0.0 0.0 0.0 120440000.0 0.0 0.0 60220000.0 0.0 2.0 1000.0 0.0
3400.0 0.0 0.0 0.0 120440000.0 0.0 0.0 60220000.0 0.0 2.0 1000.0 0.0
3500.0 0.0 1.0 0.0 120436251.0 3749.0 0.0 60220000.0 2.0 2.0 1000.0 0.0
3600.0 0.0 1.0 0.0 120429096.0 10904.0 0.0 60220000.0 2.0 2.0 1000.0 0.0
3700.0 0.0 1.0 0.0 120423631.0 16369.0 0.0 60220000.0 1.0 2.0 1000.0 0.0
3800.0 0.0 1.0 0.0 120420019.0 19981.0 0.0 60220000.0 1.0 2.0 1000.0 0.0
3900.0 0.0 1.0 0.0 120416432.0 23568.0 0.0 60220000.0 1.0 2.0 1000.0 0.0
4000.0 0.0 1.0 0.0 120412890.0 27110.0 0.0 60220000.0 1.0 2.0 1000.0 0.0
4100.0 0.0 1.0 0.0 120409345.0 30655.0 0.0 60220000.0 1.0 2.0 1000.0 0.0
4200.0 0.0 1.0 0.0 120405738.0 34262.0 0.0 60220000.0 1.0 2.0 1000.0 0.0
4300.0 0.0 1.0 0.0 120402187.0 37813.0 0.0 60220000.0 1.0 2.0 1000.0 0.0
4400.0 0.0 1.0 0.0 120398608.0 41392.0 0.0 60220000.0 1.0 2.0 1000.0 0.0
4500.0 0.0 1.0 0.0 120395008.0 44992.0 0.0 60220000.0 1.0 2.0 1000.0 0.0
4600.0 0.0 1.0 2.0 120364650.0 58232.0 0.0 60220000.0 13.0 2.0 1000.0 17118.0
4700.0 0.0 1.0 2.0 120318410.0 77492.0 0.0 60220000.0 13.0 2.0 1000.0 44098.0
4800.0 0.0 1.0 2.0 120271817.0 94032.0 0.0 60220000.0 13.0 2.0 1000.0 74151.0
4900.0 0.0 1.0 2.0 120227777.0 105693.0 0.0 60220000.0 12.0 2.0 1000.0 106530.0
5000.0 0.0 1.0 2.0 120184875.0 114581.0 0.0 60220000.0 12.0 2.0 1000.0 140544.0
5100.0 0.0 1.0 2.0 120141973.0 122188.0 0.0 60220000.0 12.0 2.0 1000.0 175839.0
5200.0 0.0 1.0 2.0 120099021.0 129624.0 0.0 60220000.0 12.0 2.0 1000.0 211355.0
5300.0 0.0 1.0 2.0 120056224.0 135789.0 0.0 60220000.0 12.0 2.0 1000.0 247987.0
5400.0 0.0 1.0 2.0 120013067.0 141721.0 0.0 60220000.0 12.0 2.0 1000.0 285212.0
5500.0 0.0 1.0 2.0 119970153.0 146872.0 0.0 60220000.0 12.0 2.0 1000.0 322975.0
5600.0 0.0 1.0 2.0 119927394.0 151237.0 0.0 60220000.0 12.0 2.0 1000.0 361369.0
5700.0 0.0 1.0 2.0 119887571.0 152409.0 0.0 60220000.0 11.0 2.0 1000.0 400020.0
5800.0 0.0 1.0 2.0 119848302.0 153240.0 0.0 60220000.0 11.0 2.0 1000.0 438458.0
5900.0 0.0 1.0 2.0 119808879.0 154139.0 0.0 60220000.0 11.0 2.0 1000.0 476982.0
6000.0 0.0 1.0 2.0 119769687.0 154602.0 0.0 60220000.0 11.0 2.0 1000.0 515711.0
6100.0 0.0 1.0 2.0 119730353.0 154986.0 0.0 60220000.0 11.0 2.0 1000.0 554661.0
6200.0 0.0 1.0 2.0 119691144.0 155811.0 0.0 60220000.0 11.0 2.0 1000.0 593045.0
6300.0 0.0 1.0 2.0 119651740.0 155905.0 0.0 60220000.0 11.0 2.0 1000.0 632355.0
6400.0 0.0 1.0 2.0 119614520.0 154299.0 0.0 60220000.0 10.0 2.0 1000.0 671181.0
6500.0 0.0 1.0 2.0 119578686.0 151002.0 0.0 60220000.0 10.0 2.0 1000.0 710312.0
6600.0 0.0 1.0 2.0 119543163.0 148057.0 0.0 60220000.0 10.0 2.0 1000.0 748780.0
6700.0 0.0 1.0 2.0 119510640.0 142560.0 0.0 60220000.0 9.0 2.0 1000.0 786800.0
6800.0 0.0 1.0 2.0 119478471.0 137195.0 0.0 60220000.0 9.0 2.0 1000.0 824334.0
6900.0 0.0 1.0 2.0 119446324.0 132634.0 0.0 60220000.0 9.0 2.0 1000.0 861042.0
7000.0 0.0 1.0 2.0 119414080.0 128218.0 0.0 60220000.0 9.0 2.0 1000.0 897702.0
7100.0 0.0 1.0 1.0 119381793.0 125064.0 0.0 60220000.0 9.0 2.0 1000.0 933143.0
7200.0 0.0 1.0 1.0 119349679.0 138956.0 0.0 60220000.0 9.0 2.0 1000.0 951365.0
7300.0 0.0 1.0 1.0 119318824.0 150949.0 0.0 60220000.0 8.0 2.0 1000.0 970227.0
7400.0 0.0 1.0 1.0 119290369.0 159776.0 0.0 60220000.0 8.0 2.0 1000.0 989855.0
7500.0 0.0 1.0 1.0 119262006.0 168126.0 0.0 60220000.0 7.0 2.0 1000.0 1009868.0
7600.0 1.0 3.0 1.0 119237590.0 172342.0 0.0 60220000.0 12.0 2.0 1000.0 1030068.0
7700.0 1.0 0.0 6.0 119147135.0 186689.0 0.0 60220000.0 39.0 2.0 1000.0 1106176.0
7800.0 0.0 0.0 6.0 119003838.0 204500.0 0.0 60220000.0 40.0 2.0 1000.0 1231662.0
7900.0 0.0 0.0 6.0 118864052.0 215676.0 0.0 60220000.0 39.0 2.0 1000.0 1360272.0
8000.0 0.0 0.0 6.0 118724427.0 225138.0 0.0 60220000.0 39.0 2.0 1000.0 1490435.0
8100.0 0.0 0.0 6.0 118587322.0 230809.0 0.0 60220000.0 38.0 2.0 1000.0 1621869.0
8200.0 0.0 0.0 6.0 118451802.0 234758.0 0.0 60220000.0 38.0 2.0 1000.0 1753440.0
8300.0 0.0 0.0 6.0 118317021.0 237919.0 0.0 60220000.0 37.0 2.0 1000.0 1885060.0
8400.0 0.0 0.0 6.0 118184881.0 237330.0 0.0 60220000.0 36.0 2.0 1000.0 2017789.0
8500.0 0.0 0.0 6.0 118055898.0 234025.0 0.0 60220000.0 36.0 2.0 1000.0 2150077.0
8600.0 0.0 0.0 6.0 117927493.0 230570.0 0.0 60220000.0 36.0 2.0 1000.0 2281937.0
8700.0 0.0 0.0 6.0 117798862.0 227689.0 0.0 60220000.0 36.0 2.0 1000.0 2413449.0
8800.0 0.0 0.0 6.0 117673963.0 222025.0 0.0 60220000.0 35.0 2.0 1000.0 2544012.0
8900.0 0.0 0.0 6.0 117552068.0 213802.0 0.0 60220000.0 33.0 2.0 1000.0 2674130.0
9000.0 0.0 0.0 6.0 117435079.0 202049.0 0.0 60220000.0 33.0 2.0 1000.0 2802872.0
9100.0 0.0 0.0 6.0 117317274.0 193615.0 0.0 60220000.0 33.0 2.0 1000.0 2929111.0
9200.0 0.0 0.0 6.0 117199251.0 186589.0 0.0 60220000.0 33.0 2.0 1000.0 3054160.0
9300.0 0.0 0.0 6.0 117081159.0 181445.0 0.0 60220000.0 33.0 2.0 1000.0 3177396.0
9400.0 0.0 0.0 6.0 116962852.0 177450.0 0.0 60220000.0 33.0 2.0 1000.0 3299698.0
9500.0 0.0 0.0 6.0 116844767.0 173648.0 0.0 60220000.0 33.0 2.0 1000.0 3421585.0
9600.0 0.0 0.0 6.0 116726766.0 170912.0 0.0 60220000.0 33.0 2.0 1000.0 3542322.0
9700.0 0.0 0.0 6.0 116609052.0 167950.0 0.0 60220000.0 33.0 2.0 1000.0 3662998.0
9800.0 0.0 0.0 6.0 116491063.0 166315.0 0.0 60220000.0 33.0 2.0 1000.0 3782622.0
9900.0 0.0 0.0 6.0 116373690.0 164561.0 0.0 60220000.0 33.0 2.0 1000.0 3901749.0
10000.0 0.0 0.0 6.0 116255447.0 163794.0 0.0 60220000.0 33.0 2.0 1000.0 4020759.0
10100.0 0.0 0.0 6.0 116141119.0 159597.0 0.0 60220000.0 31.0 2.0 1000.0 4139284.0
10200.0 0.0 0.0 6.0 116034189.0 149959.0 0.0 60220000.0 30.0 2.0 1000.0 4255852.0
10300.0 1.0 3.0 6.0 115922660.0 147510.0 0.0 60220000.0 42.0 2.0 1000.0 4369830.0
10400.0 0.0 2.0 9.0 115730599.0 173087.0 0.0 60220000.0 57.0 2.0 1000.0 4536314.0
10500.0 0.0 2.0 9.0 115526323.0 192721.0 0.0 60220000.0 57.0 2.0 1000.0 4720956.0
10600.0 0.0 2.0 9.0 115323822.0 205012.0 0.0 60220000.0 56.0 2.0 1000.0 4911166.0
10700.0 0.0 2.0 9.0 115123808.0 212745.0 0.0 60220000.0 56.0 2.0 1000.0 5103447.0
10800.0 0.0 2.0 9.0 114926794.0 215845.0 0.0 60220000.0 54.0 2.0 1000.0 5297361.0
10900.0 0.0 2.0 8.0 114733676.0 223111.0 0.0 60220000.0 53.0 2.0 1000.0 5483213.0
11000.0 0.0 2.0 8.0 114544578.0 236648.0 0.0 60220000.0 53.0 2.0 1000.0 5658774.0
11100.0 0.0 2.0 8.0 114358996.0 244508.0 0.0 60220000.0 51.0 2.0 1000.0 5836496.0
11200.0 0.0 2.0 7.0 114176740.0 261918.0 0.0 60220000.0 51.0 2.0 1000.0 6001342.0
11300.0 1.0 2.0 7.0 113996457.0 281285.0 0.0 60220000.0 51.0 2.0 1000.0 6162258.0
11400.0 0.0 1.0 9.0 113766554.0 310599.0 0.0 60220000.0 69.0 2.0 1000.0 6362847.0
11500.0 0.0 1.0 9.0 113523222.0 338716.0 0.0 60220000.0 68.0 2.0 1000.0 6578062.0
11600.0 0.0 1.0 9.0 113280569.0 363986.0 0.0 60220000.0 68.0 2.0 1000.0 6795445.0
11700.0 0.0 1.0 9.0 113040079.0 384003.0 0.0 60220000.0 67.0 2.0 1000.0 7015918.0
11800.0 0.0 1.0 9.0 112804784.0 397085.0 0.0 60220000.0 64.0 2.0 1000.0 7238131.0
11900.0 0.0 1.0 9.0 112576435.0 403092.0 0.0 60220000.0 64.0 2.0 1000.0 7460473.0
12000.0 0.0 1.0 9.0 112352707.0 402746.0 0.0 60220000.0 61.0 2.0 1000.0 7684547.0
12100.0 0.0 1.0 9.0 112136187.0 396278.0 0.0 60220000.0 59.0 2.0 1000.0 7907535.0
12200.0 0.0 1.0 9.0 111929086.0 381855.0 0.0 60220000.0 58.0 2.0 1000.0 8129059.0
12300.0 0.0 1.0 9.0 111727966.0 362854.0 0.0 60220000.0 56.0 2.0 1000.0 8349180.0
12400.0 0.0 1.0 9.0 111531170.0 341938.0 0.0 60220000.0 55.0 2.0 1000.0 8566892.0
12500.0 0.0 1.0 9.0 111338009.0 320458.0 0.0 60220000.0 54.0 2.0 1000.0 8781533.0
12600.0 0.0 1.0 9.0 111144911.0 301609.0 0.0 60220000.0 54.0 2.0 1000.0 8993480.0
12700.0 0.0 1.0 9.0 110952177.0 284487.0 0.0 60220000.0 54.0 2.0 1000.0 9203336.0
12800.0 0.0 1.0 9.0 110759324.0 269811.0 0.0 60220000.0 54.0 2.0 1000.0 9410865.0
12900.0 0.0 1.0 9.0 110565744.0 258125.0 0.0 60220000.0 54.0 2.0 1000.0 9616131.0
13000.0 0.0 1.0 9.0 110372695.0 248442.0 0.0 60220000.0 54.0 2.0 1000.0 9818863.0
13100.0 0.0 1.0 9.0 110182098.0 239052.0 0.0 60220000.0 53.0 2.0 1000.0 10018850.0
13200.0 0.0 1.0 9.0 109995630.0 228252.0 0.0 60220000.0 52.0 2.0 1000.0 10216118.0
13300.0 0.0 1.0 8.0 109809497.0 222180.0 0.0 60220000.0 52.0 2.0 1000.0 10408323.0
13400.0 0.0 1.0 8.0 109624142.0 232478.0 0.0 60220000.0 52.0 2.0 1000.0 10583380.0
13500.0 0.0 1.0 8.0 109441110.0 238736.0 0.0 60220000.0 51.0 2.0 1000.0 10760154.0
13600.0 0.0 1.0 8.0 109258562.0 243362.0 0.0 60220000.0 51.0 2.0 1000.0 10938076.0
13700.0 0.0 1.0 8.0 109075709.0 247916.0 0.0 60220000.0 51.0 2.0 1000.0 11116375.0
13800.0 0.0 1.0 8.0 108896866.0 247782.0 0.0 60220000.0 49.0 2.0 1000.0 11295352.0
13900.0 0.0 1.0 8.0 108721951.0 243531.0 0.0 60220000.0 49.0 2.0 1000.0 11474518.0
14000.0 0.0 1.0 8.0 108553670.0 233783.0 0.0 60220000.0 46.0 2.0 1000.0 11652547.0
14100.0 0.0 1.0 8.0 108395843.0 216588.0 0.0 60220000.0 44.0 2.0 1000.0 11827569.0
14200.0 0.0 1.0 8.0 108240640.0 201541.0 0.0 60220000.0 42.0 2.0 1000.0 11997819.0
14300.0 1.0 0.0 12.0 108060477.0 188784.0 0.0 60220000.0 64.0 2.0 1000.0 12190739.0
14400.0 0.0 2.0 12.0 107819749.0 181674.0 0.0 60220000.0 67.0 2.0 1000.0 12438577.0
14500.0 0.0 2.0 12.0 107581863.0 175704.0 0.0 60220000.0 66.0 2.0 1000.0 12682433.0
14600.0 0.0 2.0 12.0 107345529.0 170195.0 0.0 60220000.0 66.0 2.0 1000.0 12924276.0
14700.0 0.0 2.0 12.0 107112473.0 164256.0 0.0 60220000.0 65.0 2.0 1000.0 13163271.0
14800.0 0.0 2.0 12.0 106885033.0 155822.0 0.0 60220000.0 63.0 2.0 1000.0 13399145.0
14900.0 0.0 2.0 12.0 106662610.0 147099.0 0.0 60220000.0 62.0 2.0 1000.0 13630291.0
15000.0 0.0 2.0 12.0 106440857.0 141520.0 0.0 60220000.0 62.0 2.0 1000.0 13857623.0
15100.0 0.0 2.0 12.0 106223211.0 135157.0 0.0 60220000.0 59.0 2.0 1000.0 14081632.0
15200.0 0.0 2.0 12.0 106013701.0 126217.0 0.0 60220000.0 58.0 2.0 1000.0 14300082.0
15300.0 0.0 2.0 11.0 105806261.0 127848.0 0.0 60220000.0 58.0 2.0 1000.0 14505891.0
15400.0 0.0 2.0 11.0 105598641.0 134692.0 0.0 60220000.0 58.0 2.0 1000.0 14706667.0
15500.0 0.0 2.0 10.0 105393384.0 146772.0 0.0 60220000.0 57.0 2.0 1000.0 14899844.0
15600.0 0.0 2.0 10.0 105189610.0 157246.0 0.0 60220000.0 57.0 2.0 1000.0 15093144.0
15700.0 0.0 2.0 10.0 104992950.0 157876.0 0.0 60220000.0 54.0 2.0 1000.0 15289174.0
15800.0 0.0 2.0 10.0 104801917.0 153634.0 0.0 60220000.0 53.0 2.0 1000.0 15484449.0
15900.0 0.0 2.0 10.0 104615305.0 147751.0 0.0 60220000.0 52.0 2.0 1000.0 15676944.0
16000.0 0.0 2.0 10.0 104431143.0 142007.0 0.0 60220000.0 51.0 2.0 1000.0 15866850.0
16100.0 0.0 2.0 10.0 104250133.0 136019.0 0.0 60220000.0 50.0 2.0 1000.0 16053848.0
16200.0 0.0 2.0 10.0 104073117.0 130277.0 0.0 60220000.0 49.0 2.0 1000.0 16236606.0
16300.0 0.0 2.0 10.0 103898044.0 124444.0 0.0 60220000.0 49.0 2.0 1000.0 16417512.0
16400.0 0.0 2.0 10.0 103723682.0 121136.0 0.0 60220000.0 49.0 2.0 1000.0 16595182.0
16500.0 0.0 2.0 10.0 103548558.0 120132.0 0.0 60220000.0 49.0 2.0 1000.0 16771310.0
16600.0 0.0 2.0 10.0 103373497.0 119379.0 0.0 60220000.0 49.0 2.0 1000.0 16947124.0
16700.0 0.0 2.0 10.0 103198516.0 118472.0 0.0 60220000.0 49.0 2.0 1000.0 17123012.0
16800.0 0.0 2.0 8.0 103023786.0 134596.0 0.0 60220000.0 49.0 2.0 1000.0 17281618.0
16900.0 0.0 2.0 8.0 102849159.0 157002.0 0.0 60220000.0 49.0 2.0 1000.0 17433839.0
17000.0 0.0 2.0 7.0 102678668.0 173202.0 0.0 60220000.0 47.0 2.0 1000.0 17588130.0
17100.0 0.0 2.0 7.0 102513606.0 194243.0 0.0 60220000.0 46.0 2.0 1000.0 17732151.0
17200.0 0.0 2.0 7.0 102352568.0 207517.0 0.0 60220000.0 45.0 2.0 1000.0 17879915.0
17300.0 0.0 2.0 7.0 102195448.0 215025.0 0.0 60220000.0 43.0 2.0 1000.0 18029527.0
17400.0 0.0 2.0 6.0 102041443.0 226770.0 0.0 60220000.0 43.0 2.0 1000.0 18171787.0
17500.0 0.0 2.0 6.0 101888307.0 247306.0 0.0 60220000.0 42.0 2.0 1000.0 18304387.0
17600.0 0.0 2.0 6.0 101741803.0 259054.0 0.0 60220000.0 41.0 2.0 1000.0 18439143.0
17700.0 0.0 2.0 6.0 101595314.0 269553.0 0.0 60220000.0 41.0 2.0 1000.0 18575133.0
17800.0 0.0 2.0 6.0 101453410.0 274357.0 0.0 60220000.0 39.0 2.0 1000.0 18712233.0
17900.0 0.0 2.0 6.0 101313995.0 276090.0 0.0 60220000.0 39.0 2.0 1000.0 18849915.0
18000.0 0.0 2.0 6.0 101175413.0 276495.0 0.0 60220000.0 38.0 2.0 1000.0 18988092.0
18100.0 0.0 2.0 6.0 101042274.0 271906.0 0.0 60220000.0 37.0 2.0 1000.0 19125820.0
18200.0 0.0 2.0 6.0 100910192.0 266589.0 0.0 60220000.0 37.0 2.0 1000.0 19263219.0
18300.0 0.0 2.0 6.0 100778951.0 261371.0 0.0 60220000.0 36.0 2.0 1000.0 19399678.0
18400.0 0.0 2.0 6.0 100652267.0 252709.0 0.0 60220000.0 35.0 2.0 1000.0 19535024.0
18500.0 0.0 2.0 6.0 100529603.0 240955.0 0.0 60220000.0 34.0 2.0 1000.0 19669442.0
18600.0 0.0 2.0 6.0 100408272.0 230211.0 0.0 60220000.0 34.0 2.0 1000.0 19801517.0
18700.0 0.0 2.0 6.0 100286948.0 220418.0 0.0 60220000.0 34.0 2.0 1000.0 19932634.0
18800.0 0.0 2.0 6.0 100168031.0 209875.0 0.0 60220000.0 33.0 2.0 1000.0 20062094.0
18900.0 0.0 2.0 6.0 100050369.0 199757.0 0.0 60220000.0 33.0 2.0 1000.0 20189874.0
19000.0 0.0 2.0 6.0 99932447.0 191656.0 0.0 60220000.0 33.0 2.0 1000.0 20315897.0
19100.0 0.0 2.0 6.0 99816236.0 183807.0 0.0 60220000.0 31.0 2.0 1000.0 20439957.0
19200.0 0.0 2.0 6.0 99705422.0 171809.0 0.0 60220000.0 31.0 2.0 1000.0 20562769.0
19300.0 0.0 2.0 6.0 99595202.0 162343.0 0.0 60220000.0 30.0 2.0 1000.0 20682455.0
19400.0 0.0 2.0 6.0 99488618.0 152167.0 0.0 60220000.0 30.0 2.0 1000.0 20799215.0
19500.0 0.0 2.0 6.0 99381771.0 144668.0 0.0 60220000.0 30.0 2.0 1000.0 20913561.0
19600.0 0.0 2.0 6.0 99274531.0 138810.0 0.0 60220000.0 30.0 2.0 1000.0 21026659.0
19700.0 0.0 2.0 6.0 99166845.0 135112.0 0.0 60220000.0 30.0 2.0 1000.0 21138043.0
19800.0 0.0 2.0 5.0 99059333.0 147846.0 0.0 60220000.0 30.0 2.0 1000.0 21232821.0
19900.0 0.0 2.0 5.0 98951772.0 158665.0 0.0 60220000.0 30.0 2.0 1000.0 21329563.0
