time rna_M monomer_betaGal protein_betaGal Lactose_external Lactose_internal Glucose_external Glucose_internal protein_Lactose_Permease dna_Lac_Operon Biomass Lactose_consumed
0.0 0.0 0.0 0.0 120440000.0 0.0 60220000.0 0.0 0.0 2.0 1000.0 0.0
100.0 0.0 0.0 0.0 120440000.0 0.0 30124948.0 30095052.0 0.0 2.0 1000.0 0.0
200.0 0.0 0.0 0.0 120440000.0 0.0 69322.0 60150678.0 0.0 2.0 1000.0 0.0
300.0 0.0 0.0 0.0 120440000.0 0.0 0.0 60220000.0 0.0 2.0 1000.0 0.0
400.0 0.0 0.0 0.0 120440000.0 0.0 0.0 60220000.0 0.0 2.0 1000.0 0.0
500.0 0.0 0.0 0.0 120440000.0 0.0 0.0 60220000.0 0.0 2.0 1000.0 0.0
600.0 0.0 0.0 0.0 120440000.0 0.0 0.0 60220000.0 0.0 2.0 1000.0 0.0
700.0 0.0 0.0 0.0 120440000.0 0.0 0.0 60220000.0 0.0 2.0 1000.0 0.0
800.0 0.0 0.0 0.0 120440000.0 0.0 0.0 60220000.0 0.0 2.0 1000.0 0.0
900.0 0.0 0.0 0.0 120440000.0 0.0 0.0 60220000.0 0.0 2.0 1000.0 0.0
1000.0 0.0 0.0 0.0 120440000.0 0.0 0.0 60220000.0 0.0 2.0 1000.0 0.0
1100.0 0.0 0.0 0.0 120440000.0 0.0 0.0 60220000.0 0.0 2.0 1000.0 0.0
1200.0 0.0 0.0 0.0 120440000.0 0.0 0.0 60220000.0 0.0 2.0 1000.0 0.0
1300.0 0.0 0.0 0.0 120440000.0 0.0 0.0 60220000.0 0.0 2.0 1000.0 0.0
1400.0 0.0 0.0 0.0 120440000.0 0.0 0.0 60220000.0 0.0 2.0 1000.0 0.0
1500.0 0.0 0.0 0.0 120440000.0 0.0 0.0 60220000.0 0.0 2.0 1000.0 0.0
1600.0 0.0 0.0 0.0 120440000.0 0.0 0.0 60220000.0 0.0 2.0 1000.0 0.0
1700.0 0.0 0.0 0.0 120440000.0 0.0 0.0 60220000.0 0.0 2.0 1000.0 0.0
1800.0 0.0 0.0 0.0 120440000.0 0.0 0.0 60220000.0 0.0 2.0 1000.0 0.0
1900.0 0.0 0.0 0.0 120440000.0 0.0 0.0 60220000.0 0.0 2.0 1000.0 0.0
2000.0 0.0 0.0 0.0 120440000.0 0.0 0.0 60220000.0 0.0 2.0 1000.0 0.0
2100.0 0.0 0.0 0.0 120440000.0 0.0 0.0 60220000.0 0.0 2.0 1000.0 0.0
2200.0 0.0 0.0 0.0 120440000.0 0.0 0.0 60220000.0 0.0 2.0 1000.0 0.0
2300.0 0.0 0.0 0.0 120440000.0 0.0 0.0 60220000.0 0.0 2.0 1000.0 0.0
2400.0 0.0 0.0 0.0 120440000.0 0.0 0.0 60220000.0 0.0 2.0 1000.0 0.0
2500.0 0.0 0.0 0.0 120440000.0 0.0 0.0 60220000.0 0.0 2.0 1000.0 0.0
2600.0 0.0 0.0 0.0 120440000.0 0.0 0.0 60220000.0 0.0 2.0 1000.0 0.0
2700.0 0.0 0.0 0.0 120440000.0 0.0 0.0 60220000.0 0.0 2.0 1000.0 0.0
2800.0 0.0 0.0 0.0 120440000.0 0.0 0.0 60220000.0 0.0 2.0 1000.0 0.0
2900.0 0.0 0.0 0.0 120440000.0 0.0 0.0 60220000.0 0.0 2.0 1000.0 0.0
3000.0 0.0 0.0 0.0 120440000.0 0.0 0.0 60220000.0 0.0 2.0 1000.0 0.0
3100.0 0.0 0.0 0.0 120440000.0 0.0 0.0 60220000.0 0.0 2.0 1000.0 0.0
3200.0 0.0 0.0 0.0 120440000.0 0.0 0.0 60220000.0 0.0 2.0 1000.0 0.0
3300.0 0.0 0.0 0.0 120440000.0 0.0 0.0 60220000.0 0.0 2.0 1000.0 0.0
3400.0 0.0 0.0 0.0 120440000.0 0.0 0.0 60220000.0 0.0 2.0 1000.0 0.0
3500.0 0.0 0.0 0.0 120440000.0 0.0 0.0 60220000.0 0.0 2.0 1000.0 0.0
3600.0 0.0 0.0 0.0 120440000.0 0.0 0.0 60220000.0 0.0 2.0 1000.0 0.0
3700.0 0.0 0.0 0.0 120440000.0 0.0 0.0 60220000.0 0.0 2.0 1000.0 0.0
3800.0 0.0 0.0 0.0 120440000.0 0.0 0.0 60220000.0 0.0 2.0 1000.0 0.0
3900.0 0.0 0.0 0.0 120440000.0 0.0 0.0 60220000.0 0.0 2.0 1000.0 0.0
4000.0 0.0 0.0 0.0 120440000.0 0.0 0.0 60220000.0 0.0 2.0 1000.0 0.0
4100.0 0.0 0.0 0.0 120440000.0 0.0 0.0 60220000.0 0.0 2.0 1000.0 0.0
4200.0 0.0 0.0 0.0 120440000.0 0.0 0.0 60220000.0 0.0 2.0 1000.0 0.0
4300.0 0.0 0.0 0.0 120440000.0 0.0 0.0 60220000.0 0.0 2.0 1000.0 0.0
4400.0 0.0 0.0 0.0 120440000.0 0.0 0.0 60220000.0 0.0 2.0 1000.0 0.0
4500.0 0.0 0.0 0.0 120440000.0 0.0 0.0 60220000.0 0.0 2.0 1000.0 0.0
4600.0 0.0 0.0 0.0 120440000.0 0.0 0.0 60220000.0 0.0 2.0 1000.0 0.0
4700.0 0.0 0.0 0.0 120440000.0 0.0 0.0 60220000.0 0.0 2.0 1000.0 0.0
4800.0 0.0 0.0 0.0 120440000.0 0.0 0.0 60220000.0 0.0 2.0 1000.0 0.0
4900.0 0.0 0.0 0.0 120440000.0 0.0 0.0 60220000.0 0.0 2.0 1000.0 0.0
5000.0 1.0 0.0 2.0 120439123.0 863.0 0.0 60220000.0 4.0 2.0 1000.0 14.0
5100.0 1.0 2.0 5.0 120374359.0 46992.0 0.0 60220000.0 34.0 2.0 1000.0 18649.0
5200.0 0.0 1.0 7.0 120196159.0 129765.0 0.0 60220000.0 57.0 2.0 1000.0 114076.0
5300.0 0.0 1.0 5.0 119992276.0 202894.0 0.0 60220000.0 57.0 2.0 1000.0 244830.0
5400.0 0.0 1.0 4.0 119795235.0 296322.0 0.0 60220000.0 54.0 2.0 1000.0 348443.0
5500.0 0.0 1.0 4.0 119606370.0 388263.0 0.0 60220000.0 53.0 2.0 1000.0 445367.0
5600.0 0.0 1.0 4.0 119416787.0 477809.0 0.0 60220000.0 53.0 2.0 1000.0 545404.0
5700.0 0.0 1.0 4.0 119228769.0 562515.0 0.0 60220000.0 52.0 2.0 1000.0 648716.0
5800.0 0.0 1.0 4.0 119043032.0 642514.0 0.0 60220000.0 52.0 2.0 1000.0 754454.0
5900.0 0.0 1.0 4.0 118857791.0 720709.0 0.0 60220000.0 51.0 2.0 1000.0 861500.0
6000.0 0.0 1.0 4.0 118676154.0 793699.0 0.0 60220000.0 51.0 2.0 1000.0 970147.0
6100.0 0.0 1.0 4.0 118494444.0 866192.0 0.0 60220000.0 51.0 2.0 1000.0 1079364.0
6200.0 0.0 1.0 4.0 118312773.0 938767.0 0.0 60220000.0 51.0 2.0 1000.0 1188460.0
6300.0 0.0 1.0 4.0 118134065.0 1006739.0 0.0 60220000.0 50.0 2.0 1000.0 1299196.0
6400.0 0.0 1.0 4.0 117955610.0 1073759.0 0.0 60220000.0 50.0 2.0 1000.0 1410631.0
6500.0 0.0 1.0 4.0 117780712.0 1137090.0 0.0 60220000.0 49.0 2.0 1000.0 1522198.0
6600.0 0.0 1.0 4.0 117609560.0 1195911.0 0.0 60220000.0 47.0 2.0 1000.0 1634529.0
6700.0 0.0 1.0 4.0 117443397.0 1250366.0 0.0 60220000.0 46.0 2.0 1000.0 1746237.0
6800.0 0.0 1.0 4.0 117279119.0 1301983.0 0.0 60220000.0 46.0 2.0 1000.0 1858898.0
6900.0 0.0 1.0 4.0 117115319.0 1353644.0 0.0 60220000.0 46.0 2.0 1000.0 1971037.0
7000.0 0.0 1.0 4.0 116956403.0 1399937.0 0.0 60220000.0 44.0 2.0 1000.0 2083660.0
7100.0 0.0 1.0 4.0 116799756.0 1443004.0 0.0 60220000.0 44.0 2.0 1000.0 2197240.0
7200.0 0.0 1.0 4.0 116651731.0 1477692.0 0.0 60220000.0 40.0 2.0 1000.0 2310577.0
7300.0 0.0 1.0 3.0 116509477.0 1508875.0 0.0 60220000.0 40.0 2.0 1000.0 2421648.0
7400.0 0.0 1.0 3.0 116367213.0 1565803.0 0.0 60220000.0 40.0 2.0 1000.0 2506984.0
7500.0 0.0 1.0 3.0 116228680.0 1618910.0 0.0 60220000.0 38.0 2.0 1000.0 2592410.0
7600.0 0.0 1.0 3.0 116093254.0 1669191.0 0.0 60220000.0 38.0 2.0 1000.0 2677555.0
7700.0 0.0 1.0 3.0 115957482.0 1718756.0 0.0 60220000.0 38.0 2.0 1000.0 2763762.0
7800.0 0.0 1.0 3.0 115822038.0 1768576.0 0.0 60220000.0 38.0 2.0 1000.0 2849386.0
7900.0 0.0 1.0 3.0 115689495.0 1815402.0 0.0 60220000.0 36.0 2.0 1000.0 2935103.0
8000.0 0.0 1.0 3.0 115562122.0 1857002.0 0.0 60220000.0 36.0 2.0 1000.0 3020876.0
8100.0 0.0 1.0 2.0 115434714.0 1925213.0 0.0 60220000.0 35.0 2.0 1000.0 3080073.0
8200.0 0.0 1.0 2.0 115312906.0 1989453.0 0.0 60220000.0 33.0 2.0 1000.0 3137641.0
8300.0 0.0 1.0 2.0 115195628.0 2049789.0 0.0 60220000.0 33.0 2.0 1000.0 3194583.0
8400.0 0.0 1.0 2.0 115080342.0 2107186.0 0.0 60220000.0 32.0 2.0 1000.0 3252472.0
8500.0 0.0 1.0 2.0 114970947.0 2158593.0 0.0 60220000.0 30.0 2.0 1000.0 3310460.0
8600.0 0.0 1.0 2.0 114864559.0 2207231.0 0.0 60220000.0 30.0 2.0 1000.0 3368210.0
8700.0 0.0 1.0 2.0 114758423.0 2255364.0 0.0 60220000.0 30.0 2.0 1000.0 3426213.0
8800.0 0.0 1.0 2.0 114657390.0 2298918.0 0.0 60220000.0 27.0 2.0 1000.0 3483692.0
8900.0 0.0 1.0 2.0 114561406.0 2336713.0 0.0 60220000.0 27.0 2.0 1000.0 3541881.0
9000.0 0.0 2.0 2.0 114465629.0 2374685.0 0.0 60220000.0 29.0 2.0 1000.0 3599686.0
9100.0 0.0 2.0 2.0 114364254.0 2418525.0 0.0 60220000.0 28.0 2.0 1000.0 3657221.0
9200.0 0.0 2.0 2.0 114267579.0 2457044.0 0.0 60220000.0 27.0 2.0 1000.0 3715377.0
9300.0 0.0 2.0 2.0 114172104.0 2494622.0 0.0 60220000.0 27.0 2.0 1000.0 3773274.0
9400.0 0.0 2.0 2.0 114076715.0 2532180.0 0.0 60220000.0 27.0 2.0 1000.0 3831105.0
9500.0 0.0 2.0 2.0 113981233.0 2569464.0 0.0 60220000.0 27.0 2.0 1000.0 3889303.0
9600.0 0.0 2.0 2.0 113887337.0 2605293.0 0.0 60220000.0 26.0 2.0 1000.0 3947370.0
9700.0 0.0 2.0 2.0 113797676.0 2636894.0 0.0 60220000.0 25.0 2.0 1000.0 4005430.0
9800.0 0.0 2.0 2.0 113712193.0 2664148.0 0.0 60220000.0 24.0 2.0 1000.0 4063659.0
9900.0 1.0 1.0 3.0 113628836.0 2686915.0 0.0 60220000.0 25.0 2.0 1000.0 4124249.0
10000.0 1.0 0.0 7.0 113491283.0 2675824.0 0.0 60220000.0 55.0 2.0 1000.0 4272893.0
10100.0 2.0 1.0 12.0 113213076.0 2693810.0 0.0 60220000.0 100.0 2.0 1000.0 4533114.0
10200.0 1.0 3.0 22.0 112707209.0 2714448.0 0.0 60220000.0 188.0 2.0 1000.0 5018343.0
10300.0 0.0 3.0 23.0 111999902.0 2748648.0 0.0 60220000.0 199.0 2.0 1000.0 5691450.0
10400.0 0.0 3.0 23.0 111299336.0 2782438.0 0.0 60220000.0 197.0 2.0 1000.0 6358226.0
10500.0 0.0 3.0 22.0 110608926.0 2804426.0 0.0 60220000.0 193.0 2.0 1000.0 7026648.0
10600.0 0.0 3.0 22.0 109927165.0 2846667.0 0.0 60220000.0 192.0 2.0 1000.0 7666168.0
10700.0 0.0 3.0 22.0 109251412.0 2882434.0 0.0 60220000.0 190.0 2.0 1000.0 8306154.0
10800.0 0.0 3.0 20.0 108585130.0 2950135.0 0.0 60220000.0 186.0 2.0 1000.0 8904735.0
10900.0 0.0 2.0 23.0 107887392.0 3003465.0 0.0 60220000.0 200.0 2.0 1000.0 9549143.0
11000.0 0.0 2.0 23.0 107187981.0 3031907.0 0.0 60220000.0 197.0 2.0 1000.0 10220112.0
11100.0 0.0 2.0 23.0 106493813.0 3054279.0 0.0 60220000.0 195.0 2.0 1000.0 10891908.0
11200.0 0.0 2.0 23.0 105814508.0 3061714.0 0.0 60220000.0 189.0 2.0 1000.0 11563778.0
11300.0 0.0 2.0 22.0 105148112.0 3060667.0 0.0 60220000.0 187.0 2.0 1000.0 12231221.0
11400.0 1.0 2.0 24.0 104476221.0 3076349.0 0.0 60220000.0 202.0 2.0 1000.0 12887430.0
11500.0 0.0 3.0 25.0 103728655.0 3102171.0 0.0 60220000.0 215.0 2.0 1000.0 13609174.0
11600.0 0.0 3.0 23.0 102971674.0 3158445.0 0.0 60220000.0 213.0 2.0 1000.0 14309881.0
11700.0 0.0 3.0 23.0 102230217.0 3226771.0 0.0 60220000.0 207.0 2.0 1000.0 14983012.0
11800.0 1.0 3.0 22.0 101508828.0 3286503.0 0.0 60220000.0 201.0 2.0 1000.0 15644669.0
11900.0 1.0 0.0 26.0 100756450.0 3346711.0 0.0 60220000.0 230.0 2.0 1000.0 16336839.0
12000.0 2.0 2.0 30.0 99906871.0 3373359.0 0.0 60220000.0 253.0 2.0 1000.0 17159770.0
12100.0 2.0 1.0 36.0 98869963.0 3467661.0 0.0 60220000.0 323.0 2.0 1000.0 18102376.0
12200.0 2.0 2.0 44.0 97634072.0 3545323.0 0.0 60220000.0 370.0 2.0 1000.0 19260605.0
12300.0 1.0 3.0 50.0 96250405.0 3537784.0 0.0 60220000.0 403.0 2.0 1000.0 20651811.0
12400.0 0.0 1.0 51.0 94777834.0 3519376.0 0.0 60220000.0 421.0 2.0 1000.0 22142790.0
12500.0 0.0 1.0 49.0 93294235.0 3527976.0 0.0 60220000.0 418.0 2.0 1000.0 23617789.0
12600.0 0.0 2.0 50.0 91820033.0 3551207.0 0.0 60220000.0 416.0 2.0 1000.0 25068760.0
12700.0 0.0 2.0 50.0 90360821.0 3543334.0 0.0 60220000.0 407.0 2.0 1000.0 26535845.0
12800.0 0.0 2.0 48.0 88934419.0 3530902.0 0.0 60220000.0 398.0 2.0 1000.0 27974679.0
12900.0 0.0 2.0 47.0 87535227.0 3550766.0 0.0 60220000.0 393.0 2.0 1000.0 29354007.0
13000.0 0.0 2.0 45.0 86155444.0 3589980.0 0.0 60220000.0 387.0 2.0 1000.0 30694576.0
13100.0 0.0 2.0 44.0 84797248.0 3642766.0 0.0 60220000.0 380.0 2.0 1000.0 31999986.0
13200.0 1.0 2.0 46.0 83462271.0 3672490.0 0.0 60220000.0 380.0 2.0 1000.0 33305239.0
13300.0 1.0 1.0 55.0 82041406.0 3599472.0 0.0 60220000.0 415.0 2.0 1000.0 34799122.0
13400.0 1.0 1.0 58.0 80523396.0 3464076.0 0.0 60220000.0 438.0 2.0 1000.0 36452528.0
13500.0 0.0 3.0 60.0 78955219.0 3282198.0 0.0 60220000.0 441.0 2.0 1000.0 38202583.0
13600.0 1.0 3.0 60.0 77378949.0 3097651.0 0.0 60220000.0 448.0 2.0 1000.0 39963400.0
13700.0 0.0 1.0 62.0 75767233.0 2912173.0 0.0 60220000.0 458.0 2.0 1000.0 41760594.0
13800.0 0.0 1.0 60.0 74164266.0 2731571.0 0.0 60220000.0 447.0 2.0 1000.0 43544163.0
13900.0 0.0 1.0 59.0 72589352.0 2576352.0 0.0 60220000.0 442.0 2.0 1000.0 45274296.0
14000.0 0.0 1.0 58.0 71037475.0 2430787.0 0.0 60220000.0 435.0 2.0 1000.0 46971738.0
14100.0 2.0 0.0 62.0 69501846.0 2265064.0 0.0 60220000.0 444.0 2.0 1000.0 48673090.0
14200.0 0.0 0.0 63.0 67875651.0 2061347.0 0.0 60220000.0 459.0 2.0 1000.0 50503002.0
14300.0 0.0 0.0 63.0 66260463.0 1865080.0 0.0 60220000.0 451.0 2.0 1000.0 52314457.0
14400.0 0.0 0.0 60.0 64671552.0 1711787.0 0.0 60220000.0 441.0 2.0 1000.0 54056661.0
14500.0 0.0 0.0 58.0 63118296.0 1579321.0 0.0 60220000.0 434.0 2.0 1000.0 55742383.0
14600.0 0.0 0.0 58.0 61593377.0 1456776.0 0.0 60220000.0 426.0 2.0 1000.0 57389847.0
14700.0 0.0 0.0 56.0 60099532.0 1340661.0 0.0 60220000.0 417.0 2.0 1000.0 58999807.0
14800.0 0.0 0.0 55.0 58622375.0 1253442.0 0.0 60220000.0 414.0 2.0 1000.0 60564183.0
14900.0 0.0 0.0 51.0 57162604.0 1234261.0 0.0 60220000.0 407.0 2.0 1000.0 62043135.0
15000.0 0.0 0.0 51.0 55734388.0 1229556.0 0.0 60220000.0 397.0 2.0 1000.0 63476056.0
15100.0 1.0 3.0 52.0 54279825.0 1250329.0 0.0 60220000.0 420.0 2.0 1000.0 64909846.0
15200.0 1.0 3.0 55.0 52733665.0 1276627.0 0.0 60220000.0 451.0 2.0 1000.0 66429708.0
15300.0 0.0 3.0 55.0 51107876.0 1337658.0 0.0 60220000.0 454.0 2.0 1000.0 67994466.0
15400.0 0.0 3.0 55.0 49504402.0 1385243.0 0.0 60220000.0 449.0 2.0 1000.0 69550355.0
15500.0 0.0 3.0 53.0 47914784.0 1463984.0 0.0 60220000.0 446.0 2.0 1000.0 71061232.0
15600.0 0.0 3.0 51.0 46346468.0 1530744.0 0.0 60220000.0 436.0 2.0 1000.0 72562788.0
15700.0 1.0 2.0 52.0 44808322.0 1609717.0 0.0 60220000.0 435.0 2.0 1000.0 74021961.0
15800.0 0.0 3.0 51.0 43268217.0 1691227.0 0.0 60220000.0 432.0 2.0 1000.0 75480556.0
15900.0 0.0 3.0 49.0 41749702.0 1785319.0 0.0 60220000.0 423.0 2.0 1000.0 76904979.0
16000.0 0.0 3.0 49.0 40269555.0 1860250.0 0.0 60220000.0 414.0 2.0 1000.0 78310195.0
16100.0 1.0 1.0 51.0 38813617.0 1897678.0 0.0 60220000.0 419.0 2.0 1000.0 79728705.0
16200.0 0.0 0.0 51.0 37261580.0 1980015.0 0.0 60220000.0 441.0 2.0 1000.0 81198405.0
16300.0 0.0 0.0 49.0 35707723.0 2109380.0 0.0 60220000.0 437.0 2.0 1000.0 82622897.0
16400.0 0.0 0.0 49.0 34170201.0 2231823.0 0.0 60220000.0 431.0 2.0 1000.0 84037976.0
16500.0 0.0 0.0 48.0 32672719.0 2325544.0 0.0 60220000.0 417.0 2.0 1000.0 85441737.0
16600.0 0.0 0.0 48.0 31215481.0 2391384.0 0.0 60220000.0 407.0 2.0 1000.0 86833135.0
16700.0 0.0 0.0 45.0 29783395.0 2479014.0 0.0 60220000.0 403.0 2.0 1000.0 88177591.0
16800.0 0.0 0.0 44.0 28374080.0 2605875.0 0.0 60220000.0 393.0 2.0 1000.0 89460045.0
16900.0 0.0 0.0 44.0 26995495.0 2706422.0 0.0 60220000.0 387.0 2.0 1000.0 90738083.0
17000.0 0.0 0.0 44.0 25635091.0 2784766.0 0.0 60220000.0 382.0 2.0 1000.0 92020143.0
17100.0 0.0 0.0 43.0 24292219.0 2872704.0 0.0 60220000.0 380.0 2.0 1000.0 93275077.0
17200.0 0.0 2.0 44.0 22955495.0 2943351.0 0.0 60220000.0 377.0 2.0 1000.0 94541154.0
17300.0 0.0 2.0 44.0 21635606.0 2976859.0 0.0 60220000.0 371.0 2.0 1000.0 95827535.0
17400.0 0.0 2.0 43.0 20353060.0 2988338.0 0.0 60220000.0 359.0 2.0 1000.0 97098602.0
17500.0 0.0 2.0 43.0 19097571.0 2988432.0 0.0 60220000.0 353.0 2.0 1000.0 98353997.0
17600.0 1.0 2.0 46.0 17842388.0 2950566.0 0.0 60220000.0 361.0 2.0 1000.0 99647046.0
17700.0 1.0 3.0 50.0 16527733.0 2852186.0 0.0 60220000.0 390.0 2.0 1000.0 101060081.0
17800.0 2.0 3.0 53.0 15129407.0 2748399.0 0.0 60220000.0 408.0 2.0 1000.0 102562194.0
17900.0 2.0 0.0 56.0 13631062.0 2649530.0 0.0 60220000.0 443.0 2.0 1000.0 104159408.0
18000.0 1.0 0.0 62.0 12001130.0 2567717.0 0.0 60220000.0 485.0 2.0 1000.0 105871153.0
18100.0 0.0 2.0 61.0 10283054.0 2509985.0 0.0 60220000.0 489.0 2.0 1000.0 107646961.0
18200.0 0.0 2.0 60.0 8583702.0 2442441.0 0.0 60220000.0 482.0 2.0 1000.0 109413857.0
18300.0 0.0 2.0 60.0 6915355.0 2370292.0 0.0 60220000.0 478.0 2.0 1000.0 111154353.0
18400.0 0.0 2.0 58.0 5264801.0 2302948.0 0.0 60220000.0 473.0 2.0 1000.0 112872251.0
18500.0 0.0 2.0 57.0 3650225.0 2250180.0 0.0 60220000.0 466.0 2.0 1000.0 114539595.0
18600.0 0.0 2.0 55.0 2092534.0 2166160.0 0.0 60220000.0 462.0 2.0 1000.0 116181306.0
18700.0 0.0 2.0 55.0 645842.0 2025771.0 0.0 60220000.0 457.0 2.0 1000.0 117768387.0
18800.0 0.0 2.0 54.0 2064.0 1114509.0 0.0 60220000.0 447.0 2.0 1000.0 119323427.0
18900.0 0.0 2.0 54.0 17.0 2746.0 0.0 60220000.0 440.0 2.0 1000.0 120437237.0
19000.0 0.0 2.0 54.0 0.0 0.0 0.0 60220000.0 429.0 2.0 1000.0 120440000.0
19100.0 0.0 2.0 53.0 0.0 0.0 0.0 60220000.0 423.0 2.0 1000.0 120440000.0
19200.0 0.0 2.0 52.0 0.0 0.0 0.0 60220000.0 417.0 2.0 1000.0 120440000.0
19300.0 0.0 2.0 50.0 0.0 0.0 0.0 60220000.0 408.0 2.0 1000.0 120440000.0
19400.0 0.0 2.0 49.0 0.0 0.0 0.0 60220000.0 395.0 2.0 1000.0 120440000.0
19500.0 0.0 2.0 43.0 0.0 0.0 0.0 60220000.0 391.0 2.0 1000.0 120440000.0
19600.0 0.0 2.0 43.0 0.0 0.0 0.0 60220000.0 384.0 2.0 1000.0 120440000.0
19700.0 0.0 2.0 43.0 0.0 0.0 0.0 60220000.0 380.0 2.0 1000.0 120440000.0
19800.0 0.0 2.0 42.0 0.0 0.0 0.0 60220000.0 374.0 2.0 1000.0 120440000.0
19900.0 0.0 2.0 42.0 0.0 0.0 0.0 60220000.0 368.0 2.0 1000.0 120440000.0
