time rna_M monomer_betaGal protein_betaGal Lactose_external Lactose_internal Glucose_external Glucose_internal protein_Lactose_Permease dna_Lac_Operon Biomass Lactose_consumed
0.0 0.0 0.0 0.0 120440000.0 0.0 60220000.0 0.0 0.0 2.0 1000.0 0.0
100.0 0.0 0.0 0.0 120440000.0 0.0 30121644.0 30098356.0 0.0 2.0 1000.0 0.0
200.0 0.0 0.0 0.0 120440000.0 0.0 76686.0 60143314.0 0.0 2.0 1000.0 0.0
300.0 0.0 0.0 0.0 120440000.0 0.0 0.0 60220000.0 0.0 2.0 1000.0 0.0
400.0 0.0 0.0 0.0 120440000.0 0.0 0.0 60220000.0 0.0 2.0 1000.0 0.0
500.0 0.0 0.0 0.0 120440000.0 0.0 0.0 60220000.0 0.0 2.0 1000.0 0.0
600.0 0.0 0.0 0.0 120440000.0 0.0 0.0 60220000.0 0.0 2.0 1000.0 0.0
700.0 0.0 0.0 0.0 120440000.0 0.0 0.0 60220000.0 0.0 2.0 1000.0 0.0
800.0 0.0 0.0 0.0 120440000.0 0.0 0.0 60220000.0 0.0 2.0 1000.0 0.0
900.0 0.0 0.0 0.0 120440000.0 0.0 0.0 60220000.0 0.0 2.0 1000.0 0.0
1000.0 0.0 0.0 0.0 120440000.0 0.0 0.0 60220000.0 0.0 2.0 1000.0 0.0
1100.0 0.0 0.0 0.0 120440000.0 0.0 0.0 60220000.0 0.0 2.0 1000.0 0.0
1200.0 0.0 0.0 0.0 120440000.0 0.0 0.0 60220000.0 0.0 2.0 1000.0 0.0
1300.0 0.0 0.0 0.0 120440000.0 0.0 0.0 60220000.0 0.0 2.0 1000.0 0.0
1400.0 0.0 0.0 0.0 120440000.0 0.0 0.0 60220000.0 0.0 2.0 1000.0 0.0
1500.0 0.0 0.0 0.0 120440000.0 0.0 0.0 60220000.0 0.0 2.0 1000.0 0.0
1600.0 0.0 0.0 0.0 120440000.0 0.0 0.0 60220000.0 0.0 2.0 1000.0 0.0
1700.0 0.0 0.0 0.0 120440000.0 0.0 0.0 60220000.0 0.0 2.0 1000.0 0.0
1800.0 0.0 0.0 0.0 120440000.0 0.0 0.0 60220000.0 0.0 2.0 1000.0 0.0
1900.0 0.0 0.0 0.0 120440000.0 0.0 0.0 60220000.0 0.0 2.0 1000.0 0.0
2000.0 0.0 0.0 0.0 120440000.0 0.0 0.0 60220000.0 0.0 2.0 1000.0 0.0
2100.0 0.0 0.0 0.0 120440000.0 0.0 0.0 60220000.0 0.0 2.0 1000.0 0.0
2200.0 0.0 0.0 0.0 120440000.0 0.0 0.0 60220000.0 0.0 2.0 1000.0 0.0
2300.0 0.0 0.0 0.0 120440000.0 0.0 0.0 60220000.0 0.0 2.0 1000.0 0.0
2400.0 0.0 0.0 0.0 120440000.0 0.0 0.0 60220000.0 0.0 2.0 1000.0 0.0
2500.0 0.0 0.0 0.0 120440000.0 0.0 0.0 60220000.0 0.0 2.0 1000.0 0.0
2600.0 0.0 0.0 0.0 120440000.0 0.0 0.0 60220000.0 0.0 2.0 1000.0 0.0
2700.0 0.0 0.0 0.0 120440000.0 0.0 0.0 60220000.0 0.0 2.0 1000.0 0.0
2800.0 0.0 0.0 0.0 120440000.0 0.0 0.0 60220000.0 0.0 2.0 1000.0 0.0
2900.0 0.0 0.0 0.0 120440000.0 0.0 0.0 60220000.0 0.0 2.0 1000.0 0.0
3000.0 0.0 0.0 0.0 120440000.0 0.0 0.0 60220000.0 0.0 2.0 1000.0 0.0
3100.0 0.0 0.0 0.0 120440000.0 0.0 0.0 60220000.0 0.0 2.0 1000.0 0.0
3200.0 0.0 0.0 0.0 120440000.0 0.0 0.0 60220000.0 0.0 2.0 1000.0 0.0
3300.0 0.0 0.0 0.0 120440000.0 0.0 0.0 60220000.0 0.0 2.0 1000.0 0.0
3400.0 0.0 0.0 0.0 120440000.0 0.0 0.0 60220000.0 0.0 2.0 1000.0 0.0
3500.0 1.0 1.0 1.0 120439404.0 584.0 0.0 60220000.0 4.0 2.0 1000.0 12.0
3600.0 0.0 3.0 3.0 120374558.0 50838.0 0.0 60220000.0 30.0 2.0 1000.0 14604.0
3700.0 0.0 3.0 3.0 120269094.0 112485.0 0.0 60220000.0 29.0 2.0 1000.0 58421.0
3800.0 0.0 3.0 3.0 120167085.0 158690.0 0.0 60220000.0 28.0 2.0 1000.0 114225.0
3900.0 0.0 3.0 3.0 120066396.0 198421.0 0.0 60220000.0 28.0 2.0 1000.0 175183.0
4000.0 0.0 3.0 3.0 119965578.0 234298.0 0.0 60220000.0 28.0 2.0 1000.0 240124.0
4100.0 0.0 3.0 3.0 119865608.0 266967.0 0.0 60220000.0 28.0 2.0 1000.0 307425.0
4200.0 0.0 3.0 3.0 119765937.0 297232.0 0.0 60220000.0 28.0 2.0 1000.0 376831.0
4300.0 0.0 3.0 3.0 119665776.0 326524.0 0.0 60220000.0 28.0 2.0 1000.0 447700.0
4400.0 0.0 3.0 3.0 119565906.0 354729.0 0.0 60220000.0 28.0 2.0 1000.0 519365.0
4500.0 0.0 3.0 3.0 119465498.0 380952.0 0.0 60220000.0 28.0 2.0 1000.0 593550.0
4600.0 0.0 3.0 3.0 119365393.0 406826.0 0.0 60220000.0 28.0 2.0 1000.0 667781.0
4700.0 0.0 3.0 3.0 119265443.0 431503.0 0.0 60220000.0 28.0 2.0 1000.0 743054.0
4800.0 0.0 3.0 3.0 119165561.0 455394.0 0.0 60220000.0 28.0 2.0 1000.0 819045.0
4900.0 0.0 3.0 3.0 119065947.0 478901.0 0.0 60220000.0 28.0 2.0 1000.0 895152.0
5000.0 0.0 3.0 3.0 118966166.0 502103.0 0.0 60220000.0 27.0 2.0 1000.0 971731.0
5100.0 0.0 3.0 3.0 118869995.0 520937.0 0.0 60220000.0 27.0 2.0 1000.0 1049068.0
5200.0 0.0 2.0 7.0 118711375.0 537254.0 0.0 60220000.0 59.0 2.0 1000.0 1191371.0
5300.0 0.0 2.0 7.0 118502691.0 564234.0 0.0 60220000.0 58.0 2.0 1000.0 1373075.0
5400.0 0.0 2.0 7.0 118295366.0 589160.0 0.0 60220000.0 58.0 2.0 1000.0 1555474.0
5500.0 0.0 2.0 7.0 118088909.0 611227.0 0.0 60220000.0 58.0 2.0 1000.0 1739864.0
5600.0 0.0 2.0 7.0 117882248.0 632503.0 0.0 60220000.0 58.0 2.0 1000.0 1925249.0
5700.0 0.0 2.0 7.0 117678535.0 650430.0 0.0 60220000.0 57.0 2.0 1000.0 2111035.0
5800.0 0.0 2.0 7.0 117475583.0 667400.0 0.0 60220000.0 57.0 2.0 1000.0 2297017.0
5900.0 0.0 2.0 7.0 117277648.0 679326.0 0.0 60220000.0 54.0 2.0 1000.0 2483026.0
6000.0 0.0 2.0 7.0 117084164.0 686010.0 0.0 60220000.0 54.0 2.0 1000.0 2669826.0
6100.0 0.0 2.0 7.0 116894188.0 688977.0 0.0 60220000.0 53.0 2.0 1000.0 2856835.0
6200.0 0.0 2.0 7.0 116705336.0 690339.0 0.0 60220000.0 52.0 2.0 1000.0 3044325.0
6300.0 1.0 0.0 8.0 116520841.0 688000.0 0.0 60220000.0 54.0 2.0 1000.0 3231159.0
6400.0 1.0 0.0 10.0 116272858.0 704671.0 0.0 60220000.0 83.0 2.0 1000.0 3462471.0
6500.0 0.0 1.0 14.0 115931352.0 709883.0 0.0 60220000.0 102.0 2.0 1000.0 3798765.0
6600.0 0.0 1.0 14.0 115571356.0 695130.0 0.0 60220000.0 99.0 2.0 1000.0 4173514.0
6700.0 0.0 1.0 14.0 115220970.0 671598.0 0.0 60220000.0 97.0 2.0 1000.0 4547432.0
6800.0 0.0 1.0 14.0 114878690.0 642029.0 0.0 60220000.0 95.0 2.0 1000.0 4919281.0
6900.0 0.0 1.0 14.0 114543790.0 607739.0 0.0 60220000.0 93.0 2.0 1000.0 5288471.0
7000.0 0.0 1.0 14.0 114211628.0 571368.0 0.0 60220000.0 93.0 2.0 1000.0 5657004.0
7100.0 0.0 1.0 14.0 113883204.0 535205.0 0.0 60220000.0 92.0 2.0 1000.0 6021591.0
7200.0 0.0 1.0 14.0 113556005.0 501394.0 0.0 60220000.0 91.0 2.0 1000.0 6382601.0
7300.0 0.0 1.0 14.0 113232053.0 467599.0 0.0 60220000.0 91.0 2.0 1000.0 6740348.0
7400.0 0.0 1.0 14.0 112910251.0 435313.0 0.0 60220000.0 88.0 2.0 1000.0 7094436.0
7500.0 0.0 1.0 14.0 112597858.0 399574.0 0.0 60220000.0 87.0 2.0 1000.0 7442568.0
7600.0 0.0 1.0 14.0 112288603.0 364636.0 0.0 60220000.0 85.0 2.0 1000.0 7786761.0
7700.0 0.0 1.0 13.0 111994043.0 342777.0 0.0 60220000.0 80.0 2.0 1000.0 8103180.0
7800.0 0.0 1.0 13.0 111710084.0 316663.0 0.0 60220000.0 78.0 2.0 1000.0 8413253.0
7900.0 0.0 1.0 13.0 111430868.0 290459.0 0.0 60220000.0 78.0 2.0 1000.0 8718673.0
8000.0 0.0 1.0 13.0 111154013.0 267766.0 0.0 60220000.0 77.0 2.0 1000.0 9018221.0
8100.0 0.0 1.0 13.0 110881210.0 246819.0 0.0 60220000.0 75.0 2.0 1000.0 9311971.0
8200.0 0.0 1.0 12.0 110616501.0 226546.0 0.0 60220000.0 73.0 2.0 1000.0 9596953.0
8300.0 0.0 1.0 12.0 110355291.0 224787.0 0.0 60220000.0 73.0 2.0 1000.0 9859922.0
8400.0 0.0 1.0 11.0 110100140.0 225035.0 0.0 60220000.0 71.0 2.0 1000.0 10114825.0
8500.0 0.0 1.0 11.0 109845975.0 237354.0 0.0 60220000.0 71.0 2.0 1000.0 10356671.0
8600.0 0.0 1.0 11.0 109596990.0 242334.0 0.0 60220000.0 69.0 2.0 1000.0 10600676.0
8700.0 0.0 1.0 11.0 109352345.0 241837.0 0.0 60220000.0 68.0 2.0 1000.0 10845818.0
8800.0 0.0 1.0 10.0 109115360.0 245871.0 0.0 60220000.0 65.0 2.0 1000.0 11078769.0
8900.0 0.0 1.0 10.0 108883278.0 254385.0 0.0 60220000.0 65.0 2.0 1000.0 11302337.0
9000.0 0.0 1.0 10.0 108654684.0 257337.0 0.0 60220000.0 64.0 2.0 1000.0 11527979.0
9100.0 0.0 1.0 10.0 108429302.0 256860.0 0.0 60220000.0 63.0 2.0 1000.0 11753838.0
9200.0 0.0 1.0 10.0 108205091.0 255733.0 0.0 60220000.0 63.0 2.0 1000.0 11979176.0
9300.0 0.0 1.0 9.0 107979921.0 268711.0 0.0 60220000.0 63.0 2.0 1000.0 12191368.0
9400.0 0.0 1.0 9.0 107756029.0 284868.0 0.0 60220000.0 61.0 2.0 1000.0 12399103.0
9500.0 0.0 1.0 8.0 107537887.0 306300.0 0.0 60220000.0 60.0 2.0 1000.0 12595813.0
9600.0 0.0 1.0 7.0 107324542.0 345553.0 0.0 60220000.0 58.0 2.0 1000.0 12769905.0
9700.0 0.0 1.0 7.0 107121309.0 377914.0 0.0 60220000.0 57.0 2.0 1000.0 12940777.0
9800.0 0.0 1.0 6.0 106920855.0 412027.0 0.0 60220000.0 55.0 2.0 1000.0 13107118.0
9900.0 0.0 1.0 6.0 106724521.0 457511.0 0.0 60220000.0 55.0 2.0 1000.0 13257968.0
10000.0 0.0 1.0 6.0 106527975.0 501294.0 0.0 60220000.0 54.0 2.0 1000.0 13410731.0
10100.0 0.0 1.0 6.0 106340907.0 533710.0 0.0 60220000.0 51.0 2.0 1000.0 13565383.0
10200.0 0.0 1.0 6.0 106158442.0 560349.0 0.0 60220000.0 51.0 2.0 1000.0 13721209.0
10300.0 0.0 1.0 6.0 105976634.0 584855.0 0.0 60220000.0 51.0 2.0 1000.0 13878511.0
10400.0 0.0 1.0 6.0 105799359.0 604640.0 0.0 60220000.0 48.0 2.0 1000.0 14036001.0
10500.0 0.0 1.0 6.0 105628296.0 618172.0 0.0 60220000.0 48.0 2.0 1000.0 14193532.0
10600.0 0.0 1.0 6.0 105460373.0 627362.0 0.0 60220000.0 47.0 2.0 1000.0 14352265.0
10700.0 0.0 1.0 6.0 105293491.0 635305.0 0.0 60220000.0 45.0 2.0 1000.0 14511204.0
10800.0 0.0 1.0 6.0 105135690.0 634050.0 0.0 60220000.0 44.0 2.0 1000.0 14670260.0
10900.0 0.0 1.0 6.0 104978947.0 632921.0 0.0 60220000.0 44.0 2.0 1000.0 14828132.0
11000.0 0.0 1.0 6.0 104822425.0 630241.0 0.0 60220000.0 44.0 2.0 1000.0 14987334.0
11100.0 0.0 1.0 6.0 104665616.0 627933.0 0.0 60220000.0 44.0 2.0 1000.0 15146451.0
11200.0 0.0 1.0 6.0 104511130.0 623923.0 0.0 60220000.0 43.0 2.0 1000.0 15304947.0
11300.0 0.0 1.0 6.0 104358394.0 617890.0 0.0 60220000.0 43.0 2.0 1000.0 15463716.0
11400.0 0.0 1.0 6.0 104206166.0 611344.0 0.0 60220000.0 42.0 2.0 1000.0 15622490.0
11500.0 0.0 1.0 6.0 104056771.0 602156.0 0.0 60220000.0 42.0 2.0 1000.0 15781073.0
11600.0 0.0 1.0 5.0 103910180.0 598954.0 0.0 60220000.0 40.0 2.0 1000.0 15930866.0
11700.0 0.0 1.0 5.0 103768223.0 609451.0 0.0 60220000.0 39.0 2.0 1000.0 16062326.0
11800.0 0.0 1.0 5.0 103629017.0 616777.0 0.0 60220000.0 39.0 2.0 1000.0 16194206.0
11900.0 0.0 1.0 5.0 103489884.0 624550.0 0.0 60220000.0 39.0 2.0 1000.0 16325566.0
12000.0 0.0 1.0 5.0 103351687.0 630728.0 0.0 60220000.0 38.0 2.0 1000.0 16457585.0
12100.0 0.0 1.0 5.0 103220655.0 629374.0 0.0 60220000.0 36.0 2.0 1000.0 16589971.0
12200.0 0.0 1.0 5.0 103091713.0 626613.0 0.0 60220000.0 36.0 2.0 1000.0 16721674.0
12300.0 0.0 1.0 5.0 102967256.0 618868.0 0.0 60220000.0 34.0 2.0 1000.0 16853876.0
12400.0 0.0 1.0 5.0 102846036.0 609420.0 0.0 60220000.0 34.0 2.0 1000.0 16984544.0
12500.0 0.0 1.0 5.0 102725972.0 597756.0 0.0 60220000.0 33.0 2.0 1000.0 17116272.0
12600.0 0.0 1.0 4.0 102608360.0 594094.0 0.0 60220000.0 33.0 2.0 1000.0 17237546.0
12700.0 0.0 1.0 4.0 102490417.0 607218.0 0.0 60220000.0 33.0 2.0 1000.0 17342365.0
12800.0 0.0 1.0 4.0 102372706.0 619336.0 0.0 60220000.0 33.0 2.0 1000.0 17447958.0
12900.0 0.0 1.0 4.0 102258698.0 627690.0 0.0 60220000.0 32.0 2.0 1000.0 17553612.0
13000.0 0.0 1.0 4.0 102144749.0 635799.0 0.0 60220000.0 31.0 2.0 1000.0 17659452.0
13100.0 0.0 1.0 4.0 102037150.0 637267.0 0.0 60220000.0 29.0 2.0 1000.0 17765583.0
13200.0 0.0 1.0 4.0 101935090.0 633357.0 0.0 60220000.0 28.0 2.0 1000.0 17871553.0
13300.0 0.0 1.0 4.0 101835334.0 627121.0 0.0 60220000.0 27.0 2.0 1000.0 17977545.0
13400.0 0.0 1.0 4.0 101738529.0 618180.0 0.0 60220000.0 27.0 2.0 1000.0 18083291.0
13500.0 0.0 1.0 4.0 101642451.0 608615.0 0.0 60220000.0 27.0 2.0 1000.0 18188934.0
13600.0 0.0 1.0 4.0 101546010.0 599550.0 0.0 60220000.0 27.0 2.0 1000.0 18294440.0
13700.0 0.0 1.0 4.0 101449457.0 590469.0 0.0 60220000.0 27.0 2.0 1000.0 18400074.0
13800.0 0.0 1.0 4.0 101356993.0 577993.0 0.0 60220000.0 26.0 2.0 1000.0 18505014.0
13900.0 0.0 1.0 4.0 101265715.0 564372.0 0.0 60220000.0 25.0 2.0 1000.0 18609913.0
14000.0 0.0 1.0 4.0 101176488.0 548926.0 0.0 60220000.0 25.0 2.0 1000.0 18714586.0
14100.0 0.0 1.0 4.0 101087307.0 534403.0 0.0 60220000.0 25.0 2.0 1000.0 18818290.0
14200.0 0.0 1.0 4.0 100998233.0 519867.0 0.0 60220000.0 25.0 2.0 1000.0 18921900.0
14300.0 0.0 1.0 4.0 100913890.0 501236.0 0.0 60220000.0 23.0 2.0 1000.0 19024874.0
14400.0 0.0 1.0 4.0 100833894.0 478555.0 0.0 60220000.0 22.0 2.0 1000.0 19127551.0
14500.0 0.0 1.0 4.0 100754900.0 456305.0 0.0 60220000.0 22.0 2.0 1000.0 19228795.0
14600.0 0.0 1.0 4.0 100676702.0 433969.0 0.0 60220000.0 22.0 2.0 1000.0 19329329.0
14700.0 0.0 1.0 4.0 100600428.0 410249.0 0.0 60220000.0 21.0 2.0 1000.0 19429323.0
14800.0 0.0 1.0 4.0 100527583.0 384052.0 0.0 60220000.0 20.0 2.0 1000.0 19528365.0
14900.0 0.0 1.0 4.0 100456403.0 356869.0 0.0 60220000.0 20.0 2.0 1000.0 19626728.0
15000.0 0.0 1.0 4.0 100389864.0 327044.0 0.0 60220000.0 18.0 2.0 1000.0 19723092.0
15100.0 0.0 1.0 4.0 100325401.0 297232.0 0.0 60220000.0 18.0 2.0 1000.0 19817367.0
15200.0 0.0 1.0 4.0 100264528.0 265796.0 0.0 60220000.0 17.0 2.0 1000.0 19909676.0
15300.0 0.0 1.0 4.0 100203931.0 236389.0 0.0 60220000.0 17.0 2.0 1000.0 19999680.0
15400.0 0.0 1.0 4.0 100144861.0 207595.0 0.0 60220000.0 16.0 2.0 1000.0 20087544.0
15500.0 0.0 1.0 4.0 100088355.0 180340.0 0.0 60220000.0 16.0 2.0 1000.0 20171305.0
15600.0 0.0 1.0 4.0 100031133.0 157566.0 0.0 60220000.0 16.0 2.0 1000.0 20251301.0
15700.0 0.0 1.0 4.0 99975380.0 137084.0 0.0 60220000.0 15.0 2.0 1000.0 20327536.0
15800.0 0.0 1.0 4.0 99921891.0 118134.0 0.0 60220000.0 15.0 2.0 1000.0 20399975.0
15900.0 0.0 1.0 4.0 99869627.0 102338.0 0.0 60220000.0 13.0 2.0 1000.0 20468035.0
16000.0 0.0 1.0 4.0 99823271.0 85682.0 0.0 60220000.0 13.0 2.0 1000.0 20531047.0
16100.0 0.0 1.0 4.0 99777094.0 73562.0 0.0 60220000.0 13.0 2.0 1000.0 20589344.0
16200.0 0.0 1.0 4.0 99730434.0 66064.0 0.0 60220000.0 13.0 2.0 1000.0 20643502.0
16300.0 0.0 1.0 4.0 99683946.0 61255.0 0.0 60220000.0 13.0 2.0 1000.0 20694799.0
16400.0 0.0 1.0 4.0 99638495.0 56949.0 0.0 60220000.0 12.0 2.0 1000.0 20744556.0
16500.0 0.0 1.0 4.0 99595961.0 52405.0 0.0 60220000.0 12.0 2.0 1000.0 20791634.0
16600.0 0.0 1.0 4.0 99552978.0 50034.0 0.0 60220000.0 12.0 2.0 1000.0 20836988.0
16700.0 0.0 1.0 4.0 99510061.0 48711.0 0.0 60220000.0 12.0 2.0 1000.0 20881228.0
16800.0 0.0 1.0 4.0 99466648.0 48384.0 0.0 60220000.0 12.0 2.0 1000.0 20924968.0
16900.0 0.0 1.0 4.0 99423537.0 48077.0 0.0 60220000.0 12.0 2.0 1000.0 20968386.0
17000.0 0.0 1.0 4.0 99381026.0 47293.0 0.0 60220000.0 12.0 2.0 1000.0 21011681.0
17100.0 0.0 1.0 4.0 99338307.0 46977.0 0.0 60220000.0 12.0 2.0 1000.0 21054716.0
17200.0 0.0 1.0 4.0 99295572.0 46497.0 0.0 60220000.0 12.0 2.0 1000.0 21097931.0
17300.0 0.0 1.0 4.0 99252793.0 46671.0 0.0 60220000.0 12.0 2.0 1000.0 21140536.0
17400.0 1.0 2.0 6.0 99178747.0 68807.0 0.0 60220000.0 38.0 2.0 1000.0 21192446.0
17500.0 0.0 0.0 8.0 99032068.0 97500.0 0.0 60220000.0 41.0 2.0 1000.0 21310432.0
17600.0 0.0 1.0 8.0 98871226.0 123373.0 0.0 60220000.0 48.0 2.0 1000.0 21445401.0
17700.0 0.0 1.0 8.0 98701585.0 144749.0 0.0 60220000.0 47.0 2.0 1000.0 21593666.0
17800.0 0.0 1.0 8.0 98534090.0 157890.0 0.0 60220000.0 46.0 2.0 1000.0 21748020.0
17900.0 0.0 1.0 8.0 98369692.0 164686.0 0.0 60220000.0 46.0 2.0 1000.0 21905622.0
18000.0 0.0 1.0 8.0 98207315.0 167683.0 0.0 60220000.0 45.0 2.0 1000.0 22065002.0
18100.0 1.0 3.0 9.0 98045592.0 166808.0 0.0 60220000.0 49.0 2.0 1000.0 22227600.0
18200.0 1.0 3.0 10.0 97862994.0 163210.0 0.0 60220000.0 61.0 2.0 1000.0 22413796.0
18300.0 0.0 1.0 13.0 97620028.0 161700.0 0.0 60220000.0 69.0 2.0 1000.0 22658272.0
18400.0 0.0 1.0 13.0 97377430.0 150448.0 0.0 60220000.0 68.0 2.0 1000.0 22912122.0
18500.0 0.0 1.0 13.0 97134233.0 144832.0 0.0 60220000.0 67.0 2.0 1000.0 23160935.0
18600.0 0.0 1.0 13.0 96898233.0 136774.0 0.0 60220000.0 65.0 2.0 1000.0 23404993.0
18700.0 0.0 1.0 13.0 96667188.0 128928.0 0.0 60220000.0 64.0 2.0 1000.0 23643884.0
18800.0 0.0 1.0 13.0 96438149.0 124319.0 0.0 60220000.0 64.0 2.0 1000.0 23877532.0
18900.0 0.0 1.0 13.0 96210940.0 120481.0 0.0 60220000.0 63.0 2.0 1000.0 24108579.0
19000.0 0.0 1.0 12.0 95986323.0 128491.0 0.0 60220000.0 62.0 2.0 1000.0 24325186.0
19100.0 0.0 1.0 12.0 95764866.0 131412.0 0.0 60220000.0 62.0 2.0 1000.0 24543722.0
19200.0 0.0 1.0 12.0 95542772.0 133619.0 0.0 60220000.0 62.0 2.0 1000.0 24763609.0
19300.0 0.0 1.0 12.0 95323487.0 132293.0 0.0 60220000.0 61.0 2.0 1000.0 24984220.0
19400.0 0.0 1.0 12.0 95106510.0 129878.0 0.0 60220000.0 60.0 2.0 1000.0 25203612.0
19500.0 0.0 1.0 12.0 94893784.0 125425.0 0.0 60220000.0 59.0 2.0 1000.0 25420791.0
19600.0 0.0 1.0 12.0 94685098.0 120190.0 0.0 60220000.0 57.0 2.0 1000.0 25634712.0
19700.0 0.0 1.0 12.0 94484673.0 112430.0 0.0 60220000.0 56.0 2.0 1000.0 25842897.0
19800.0 0.0 1.0 12.0 94283462.0 108739.0 0.0 60220000.0 56.0 2.0 1000.0 26047799.0
19900.0 0.0 1.0 12.0 94084107.0 106171.0 0.0 60220000.0 55.0 2.0 1000.0 26249722.0
