time rna_M monomer_betaGal protein_betaGal Lactose_external Lactose_internal Glucose_external Glucose_internal protein_Lactose_Permease dna_Lac_Operon Biomass Lactose_consumed
0.0 0.0 0.0 0.0 120440000.0 0.0 60220000.0 0.0 0.0 2.0 1000.0 0.0
100.0 0.0 0.0 0.0 120440000.0 0.0 30124291.0 30095709.0 0.0 2.0 1000.0 0.0
200.0 0.0 0.0 0.0 120440000.0 0.0 76307.0 60143693.0 0.0 2.0 1000.0 0.0
300.0 0.0 0.0 0.0 120440000.0 0.0 0.0 60220000.0 0.0 2.0 1000.0 0.0
400.0 0.0 0.0 0.0 120440000.0 0.0 0.0 60220000.0 0.0 2.0 1000.0 0.0
500.0 0.0 0.0 0.0 120440000.0 0.0 0.0 60220000.0 0.0 2.0 1000.0 0.0
600.0 0.0 0.0 0.0 120440000.0 0.0 0.0 60220000.0 0.0 2.0 1000.0 0.0
700.0 0.0 0.0 0.0 120440000.0 0.0 0.0 60220000.0 0.0 2.0 1000.0 0.0
800.0 0.0 0.0 0.0 120440000.0 0.0 0.0 60220000.0 0.0 2.0 1000.0 0.0
900.0 0.0 0.0 0.0 120440000.0 0.0 0.0 60220000.0 0.0 2.0 1000.0 0.0
1000.0 0.0 0.0 0.0 120440000.0 0.0 0.0 60220000.0 0.0 2.0 1000.0 0.0
1100.0 0.0 0.0 0.0 120440000.0 0.0 0.0 60220000.0 0.0 2.0 1000.0 0.0
1200.0 0.0 0.0 0.0 120440000.0 0.0 0.0 60220000.0 0.0 2.0 1000.0 0.0
1300.0 0.0 0.0 0.0 120440000.0 0.0 0.0 60220000.0 0.0 2.0 1000.0 0.0
1400.0 0.0 0.0 0.0 120440000.0 0.0 0.0 60220000.0 0.0 2.0 1000.0 0.0
1500.0 0.0 0.0 0.0 120440000.0 0.0 0.0 60220000.0 0.0 2.0 1000.0 0.0
1600.0 0.0 0.0 0.0 120440000.0 0.0 0.0 60220000.0 0.0 2.0 1000.0 0.0
1700.0 0.0 0.0 0.0 120440000.0 0.0 0.0 60220000.0 0.0 2.0 1000.0 0.0
1800.0 1.0 0.0 2.0 120424934.0 14502.0 0.0 60220000.0 19.0 2.0 1000.0 564.0
1900.0 0.0 0.0 5.0 120304021.0 92243.0 0.0 60220000.0 43.0 2.0 1000.0 43736.0
2000.0 0.0 0.0 5.0 120153365.0 153376.0 0.0 60220000.0 42.0 2.0 1000.0 133259.0
2100.0 0.0 0.0 4.0 120003742.0 212647.0 0.0 60220000.0 42.0 2.0 1000.0 223611.0
2200.0 0.0 0.0 4.0 119853427.0 274371.0 0.0 60220000.0 42.0 2.0 1000.0 312202.0
2300.0 0.0 0.0 4.0 119703693.0 330196.0 0.0 60220000.0 42.0 2.0 1000.0 406111.0
2400.0 0.0 0.0 4.0 119553853.0 383094.0 0.0 60220000.0 42.0 2.0 1000.0 503053.0
2500.0 0.0 0.0 4.0 119404175.0 433485.0 0.0 60220000.0 42.0 2.0 1000.0 602340.0
2600.0 0.0 0.0 4.0 119253815.0 482139.0 0.0 60220000.0 42.0 2.0 1000.0 704046.0
2700.0 0.0 0.0 4.0 119107185.0 526202.0 0.0 60220000.0 41.0 2.0 1000.0 806613.0
2800.0 0.0 0.0 4.0 118960652.0 569006.0 0.0 60220000.0 41.0 2.0 1000.0 910342.0
2900.0 0.0 0.0 4.0 118816222.0 607888.0 0.0 60220000.0 40.0 2.0 1000.0 1015890.0
3000.0 0.0 0.0 4.0 118676559.0 642398.0 0.0 60220000.0 39.0 2.0 1000.0 1121043.0
3100.0 0.0 0.0 4.0 118540790.0 672270.0 0.0 60220000.0 38.0 2.0 1000.0 1226940.0
3200.0 0.0 0.0 4.0 118408182.0 698845.0 0.0 60220000.0 37.0 2.0 1000.0 1332973.0
3300.0 0.0 0.0 3.0 118280759.0 732715.0 0.0 60220000.0 35.0 2.0 1000.0 1426526.0
3400.0 0.0 0.0 3.0 118155839.0 776328.0 0.0 60220000.0 35.0 2.0 1000.0 1507833.0
3500.0 0.0 0.0 3.0 118031295.0 819430.0 0.0 60220000.0 35.0 2.0 1000.0 1589275.0
3600.0 0.0 0.0 3.0 117907241.0 861544.0 0.0 60220000.0 34.0 2.0 1000.0 1671215.0
3700.0 0.0 0.0 3.0 117789017.0 897643.0 0.0 60220000.0 33.0 2.0 1000.0 1753340.0
3800.0 0.0 0.0 3.0 117673707.0 930079.0 0.0 60220000.0 32.0 2.0 1000.0 1836214.0
3900.0 0.0 0.0 3.0 117562073.0 959254.0 0.0 60220000.0 31.0 2.0 1000.0 1918673.0
4000.0 0.0 0.0 3.0 117452171.0 986341.0 0.0 60220000.0 30.0 2.0 1000.0 2001488.0
4100.0 0.0 0.0 3.0 117345231.0 1010591.0 0.0 60220000.0 30.0 2.0 1000.0 2084178.0
4200.0 0.0 0.0 3.0 117237649.0 1035037.0 0.0 60220000.0 30.0 2.0 1000.0 2167314.0
4300.0 0.0 0.0 3.0 117130709.0 1058638.0 0.0 60220000.0 30.0 2.0 1000.0 2250653.0
4400.0 0.0 0.0 2.0 117026360.0 1096174.0 0.0 60220000.0 29.0 2.0 1000.0 2317466.0
4500.0 0.0 0.0 2.0 116926283.0 1140351.0 0.0 60220000.0 28.0 2.0 1000.0 2373366.0
4600.0 0.0 0.0 2.0 116829481.0 1181269.0 0.0 60220000.0 26.0 2.0 1000.0 2429250.0
4700.0 0.0 0.0 2.0 116737504.0 1217338.0 0.0 60220000.0 26.0 2.0 1000.0 2485158.0
4800.0 0.0 0.0 2.0 116644960.0 1253492.0 0.0 60220000.0 25.0 2.0 1000.0 2541548.0
4900.0 1.0 0.0 3.0 116553796.0 1287194.0 0.0 60220000.0 32.0 2.0 1000.0 2599010.0
5000.0 0.0 0.0 5.0 116410822.0 1306598.0 0.0 60220000.0 42.0 2.0 1000.0 2722580.0
5100.0 0.0 0.0 5.0 116260674.0 1316410.0 0.0 60220000.0 42.0 2.0 1000.0 2862916.0
5200.0 0.0 0.0 5.0 116111412.0 1325021.0 0.0 60220000.0 42.0 2.0 1000.0 3003567.0
5300.0 0.0 0.0 5.0 115961391.0 1333822.0 0.0 60220000.0 42.0 2.0 1000.0 3144787.0
5400.0 0.0 0.0 5.0 115814602.0 1339695.0 0.0 60220000.0 41.0 2.0 1000.0 3285703.0
5500.0 0.0 0.0 5.0 115668781.0 1344429.0 0.0 60220000.0 40.0 2.0 1000.0 3426790.0
5600.0 0.0 0.0 5.0 115526295.0 1345445.0 0.0 60220000.0 40.0 2.0 1000.0 3568260.0
5700.0 0.0 0.0 5.0 115384270.0 1346466.0 0.0 60220000.0 40.0 2.0 1000.0 3709264.0
5800.0 0.0 0.0 4.0 115242201.0 1353247.0 0.0 60220000.0 40.0 2.0 1000.0 3844552.0
5900.0 0.0 0.0 4.0 115099965.0 1382525.0 0.0 60220000.0 40.0 2.0 1000.0 3957510.0
6000.0 0.0 0.0 4.0 114959789.0 1409013.0 0.0 60220000.0 39.0 2.0 1000.0 4071198.0
6100.0 0.0 0.0 4.0 114820974.0 1434599.0 0.0 60220000.0 39.0 2.0 1000.0 4184427.0
6200.0 0.0 0.0 4.0 114684039.0 1458086.0 0.0 60220000.0 38.0 2.0 1000.0 4297875.0
6300.0 0.0 0.0 4.0 114548488.0 1479854.0 0.0 60220000.0 38.0 2.0 1000.0 4411658.0
6400.0 0.0 0.0 4.0 114415129.0 1500182.0 0.0 60220000.0 37.0 2.0 1000.0 4524689.0
6500.0 0.0 0.0 4.0 114283280.0 1518547.0 0.0 60220000.0 37.0 2.0 1000.0 4638173.0
6600.0 0.0 0.0 4.0 114151620.0 1536966.0 0.0 60220000.0 37.0 2.0 1000.0 4751414.0
6700.0 0.0 0.0 4.0 114023101.0 1551638.0 0.0 60220000.0 36.0 2.0 1000.0 4865261.0
6800.0 0.0 0.0 4.0 113895297.0 1566129.0 0.0 60220000.0 36.0 2.0 1000.0 4978574.0
6900.0 0.0 0.0 4.0 113768481.0 1579235.0 0.0 60220000.0 35.0 2.0 1000.0 5092284.0
7000.0 0.0 0.0 4.0 113636610.0 1597536.0 0.0 60220000.0 44.0 2.0 1000.0 5205854.0
7100.0 0.0 0.0 4.0 113485201.0 1634497.0 0.0 60220000.0 41.0 2.0 1000.0 5320302.0
7200.0 0.0 0.0 4.0 113342860.0 1662803.0 0.0 60220000.0 40.0 2.0 1000.0 5434337.0
7300.0 0.0 0.0 4.0 113200699.0 1690488.0 0.0 60220000.0 40.0 2.0 1000.0 5548813.0
7400.0 0.0 0.0 4.0 113058844.0 1717847.0 0.0 60220000.0 40.0 2.0 1000.0 5663309.0
7500.0 0.0 0.0 4.0 112918304.0 1743917.0 0.0 60220000.0 38.0 2.0 1000.0 5777779.0
7600.0 0.0 0.0 4.0 112783292.0 1764816.0 0.0 60220000.0 38.0 2.0 1000.0 5891892.0
7700.0 0.0 0.0 4.0 112648884.0 1784435.0 0.0 60220000.0 37.0 2.0 1000.0 6006681.0
7800.0 0.0 0.0 4.0 112521605.0 1796868.0 0.0 60220000.0 35.0 2.0 1000.0 6121527.0
7900.0 0.0 0.0 4.0 112397413.0 1806527.0 0.0 60220000.0 35.0 2.0 1000.0 6236060.0
8000.0 0.0 0.0 4.0 112276188.0 1812941.0 0.0 60220000.0 34.0 2.0 1000.0 6350871.0
8100.0 0.0 0.0 4.0 112157258.0 1817227.0 0.0 60220000.0 33.0 2.0 1000.0 6465515.0
8200.0 0.0 0.0 4.0 112040086.0 1819954.0 0.0 60220000.0 33.0 2.0 1000.0 6579960.0
8300.0 0.0 0.0 5.0 111912613.0 1829225.0 0.0 60220000.0 44.0 2.0 1000.0 6698162.0
8400.0 0.0 0.0 4.0 111756879.0 1860397.0 0.0 60220000.0 43.0 2.0 1000.0 6822724.0
8500.0 0.0 0.0 4.0 111606560.0 1895550.0 0.0 60220000.0 42.0 2.0 1000.0 6937890.0
8600.0 0.0 0.0 4.0 111457814.0 1929365.0 0.0 60220000.0 42.0 2.0 1000.0 7052821.0
8700.0 0.0 0.0 4.0 111309289.0 1962746.0 0.0 60220000.0 41.0 2.0 1000.0 7167965.0
8800.0 0.0 0.0 4.0 111162822.0 1993643.0 0.0 60220000.0 41.0 2.0 1000.0 7283535.0
8900.0 0.0 0.0 4.0 111017246.0 2024032.0 0.0 60220000.0 41.0 2.0 1000.0 7398722.0
9000.0 0.0 0.0 4.0 110873290.0 2052697.0 0.0 60220000.0 40.0 2.0 1000.0 7514013.0
9100.0 0.0 0.0 4.0 110731084.0 2079287.0 0.0 60220000.0 40.0 2.0 1000.0 7629629.0
9200.0 0.0 0.0 4.0 110588847.0 2106242.0 0.0 60220000.0 40.0 2.0 1000.0 7744911.0
9300.0 0.0 0.0 3.0 110448635.0 2154414.0 0.0 60220000.0 39.0 2.0 1000.0 7836951.0
9400.0 0.0 0.0 3.0 110313036.0 2203530.0 0.0 60220000.0 38.0 2.0 1000.0 7923434.0
9500.0 0.0 0.0 3.0 110178712.0 2251163.0 0.0 60220000.0 38.0 2.0 1000.0 8010125.0
9600.0 0.0 0.0 3.0 110043976.0 2299379.0 0.0 60220000.0 38.0 2.0 1000.0 8096645.0
9700.0 1.0 1.0 3.0 109905052.0 2351473.0 0.0 60220000.0 46.0 2.0 1000.0 8183475.0
9800.0 0.0 3.0 6.0 109671759.0 2442055.0 0.0 60220000.0 75.0 2.0 1000.0 8326186.0
9900.0 0.0 3.0 6.0 109405124.0 2534772.0 0.0 60220000.0 75.0 2.0 1000.0 8500104.0
10000.0 0.0 3.0 6.0 109141650.0 2623989.0 0.0 60220000.0 74.0 2.0 1000.0 8674361.0
10100.0 0.0 3.0 6.0 108882300.0 2708967.0 0.0 60220000.0 73.0 2.0 1000.0 8848733.0
10200.0 0.0 3.0 6.0 108629127.0 2787557.0 0.0 60220000.0 70.0 2.0 1000.0 9023316.0
10300.0 1.0 3.0 9.0 108351182.0 2841904.0 0.0 60220000.0 90.0 2.0 1000.0 9246914.0
10400.0 1.0 2.0 14.0 107993454.0 2872151.0 0.0 60220000.0 114.0 2.0 1000.0 9574395.0
10500.0 1.0 1.0 21.0 107544561.0 2786861.0 0.0 60220000.0 138.0 2.0 1000.0 10108578.0
10600.0 0.0 2.0 20.0 107054695.0 2681727.0 0.0 60220000.0 137.0 2.0 1000.0 10703578.0
10700.0 1.0 0.0 22.0 106574469.0 2567255.0 0.0 60220000.0 144.0 2.0 1000.0 11298276.0
10800.0 0.0 0.0 21.0 106061701.0 2447781.0 0.0 60220000.0 143.0 2.0 1000.0 11930518.0
10900.0 0.0 0.0 21.0 105556854.0 2345229.0 0.0 60220000.0 140.0 2.0 1000.0 12537917.0
11000.0 0.0 0.0 21.0 105065458.0 2229012.0 0.0 60220000.0 137.0 2.0 1000.0 13145530.0
11100.0 0.0 0.0 20.0 104590017.0 2115768.0 0.0 60220000.0 132.0 2.0 1000.0 13734215.0
11200.0 0.0 1.0 21.0 104072236.0 2034752.0 0.0 60220000.0 150.0 2.0 1000.0 14333012.0
11300.0 0.0 1.0 21.0 103544482.0 1958570.0 0.0 60220000.0 147.0 2.0 1000.0 14936948.0
11400.0 0.0 1.0 21.0 103025537.0 1873467.0 0.0 60220000.0 146.0 2.0 1000.0 15540996.0
11500.0 0.0 1.0 20.0 102510884.0 1787300.0 0.0 60220000.0 143.0 2.0 1000.0 16141816.0
11600.0 0.0 1.0 20.0 102014087.0 1711091.0 0.0 60220000.0 138.0 2.0 1000.0 16714822.0
11700.0 0.0 1.0 20.0 101523517.0 1629878.0 0.0 60220000.0 138.0 2.0 1000.0 17286605.0
11800.0 0.0 1.0 19.0 101035063.0 1555977.0 0.0 60220000.0 136.0 2.0 1000.0 17848960.0
11900.0 0.0 1.0 18.0 100560719.0 1510923.0 0.0 60220000.0 132.0 2.0 1000.0 18368358.0
12000.0 0.0 1.0 18.0 100096736.0 1463409.0 0.0 60220000.0 129.0 2.0 1000.0 18879855.0
12100.0 0.0 1.0 18.0 99643650.0 1406689.0 0.0 60220000.0 126.0 2.0 1000.0 19389661.0
12200.0 0.0 1.0 17.0 99194714.0 1361544.0 0.0 60220000.0 126.0 2.0 1000.0 19883742.0
12300.0 0.0 1.0 17.0 98748506.0 1327909.0 0.0 60220000.0 125.0 2.0 1000.0 20363585.0
12400.0 0.0 1.0 17.0 98309662.0 1288336.0 0.0 60220000.0 123.0 2.0 1000.0 20842002.0
12500.0 0.0 1.0 17.0 97874441.0 1244900.0 0.0 60220000.0 122.0 2.0 1000.0 21320659.0
12600.0 0.0 1.0 17.0 97443984.0 1198006.0 0.0 60220000.0 120.0 2.0 1000.0 21798010.0
12700.0 0.0 1.0 17.0 97017955.0 1150219.0 0.0 60220000.0 119.0 2.0 1000.0 22271826.0
12800.0 0.0 1.0 17.0 96596609.0 1097927.0 0.0 60220000.0 117.0 2.0 1000.0 22745464.0
12900.0 0.0 1.0 16.0 96181592.0 1047958.0 0.0 60220000.0 115.0 2.0 1000.0 23210450.0
13000.0 0.0 1.0 16.0 95780740.0 1006164.0 0.0 60220000.0 111.0 2.0 1000.0 23653096.0
13100.0 0.0 1.0 15.0 95388320.0 983621.0 0.0 60220000.0 109.0 2.0 1000.0 24068059.0
13200.0 0.0 1.0 15.0 94999719.0 957976.0 0.0 60220000.0 109.0 2.0 1000.0 24482305.0
13300.0 0.0 1.0 15.0 94613178.0 931912.0 0.0 60220000.0 107.0 2.0 1000.0 24894910.0
13400.0 0.0 1.0 14.0 94234669.0 911030.0 0.0 60220000.0 105.0 2.0 1000.0 25294301.0
13500.0 0.0 1.0 14.0 93861339.0 899991.0 0.0 60220000.0 105.0 2.0 1000.0 25678670.0
13600.0 0.0 1.0 14.0 93490466.0 886463.0 0.0 60220000.0 102.0 2.0 1000.0 26063071.0
13700.0 0.0 1.0 14.0 93133393.0 860538.0 0.0 60220000.0 98.0 2.0 1000.0 26446069.0
13800.0 0.0 1.0 14.0 92783870.0 828079.0 0.0 60220000.0 98.0 2.0 1000.0 26828051.0
13900.0 0.0 1.0 14.0 92433606.0 797106.0 0.0 60220000.0 97.0 2.0 1000.0 27209288.0
14000.0 0.0 1.0 13.0 92088788.0 778856.0 0.0 60220000.0 96.0 2.0 1000.0 27572356.0
14100.0 0.0 1.0 13.0 91747150.0 769223.0 0.0 60220000.0 95.0 2.0 1000.0 27923627.0
14200.0 0.0 1.0 12.0 91408429.0 758896.0 0.0 60220000.0 95.0 2.0 1000.0 28272675.0
14300.0 0.0 1.0 12.0 91070652.0 771865.0 0.0 60220000.0 95.0 2.0 1000.0 28597483.0
14400.0 0.0 1.0 12.0 90732061.0 786357.0 0.0 60220000.0 95.0 2.0 1000.0 28921582.0
14500.0 0.0 1.0 12.0 90393549.0 799786.0 0.0 60220000.0 94.0 2.0 1000.0 29246665.0
14600.0 0.0 1.0 12.0 90060649.0 808049.0 0.0 60220000.0 92.0 2.0 1000.0 29571302.0
14700.0 0.0 1.0 12.0 89735880.0 806639.0 0.0 60220000.0 91.0 2.0 1000.0 29897481.0
14800.0 0.0 1.0 12.0 89411819.0 805275.0 0.0 60220000.0 91.0 2.0 1000.0 30222906.0
14900.0 0.0 1.0 11.0 89089440.0 823384.0 0.0 60220000.0 89.0 2.0 1000.0 30527176.0
15000.0 0.0 1.0 10.0 88776874.0 839413.0 0.0 60220000.0 85.0 2.0 1000.0 30823713.0
15100.0 0.0 1.0 10.0 88475390.0 867392.0 0.0 60220000.0 83.0 2.0 1000.0 31097218.0
15200.0 0.0 1.0 10.0 88182819.0 886246.0 0.0 60220000.0 82.0 2.0 1000.0 31370935.0
15300.0 0.0 1.0 10.0 87896186.0 898787.0 0.0 60220000.0 80.0 2.0 1000.0 31645027.0
15400.0 0.0 1.0 10.0 87612788.0 907989.0 0.0 60220000.0 79.0 2.0 1000.0 31919223.0
15500.0 0.0 1.0 10.0 87335603.0 910215.0 0.0 60220000.0 76.0 2.0 1000.0 32194182.0
15600.0 0.0 1.0 10.0 87070273.0 900224.0 0.0 60220000.0 72.0 2.0 1000.0 32469503.0
15700.0 0.0 1.0 10.0 86816208.0 880142.0 0.0 60220000.0 71.0 2.0 1000.0 32743650.0
15800.0 0.0 1.0 10.0 86563460.0 859470.0 0.0 60220000.0 71.0 2.0 1000.0 33017070.0
15900.0 0.0 1.0 9.0 86313213.0 858010.0 0.0 60220000.0 70.0 2.0 1000.0 33268777.0
16000.0 0.0 1.0 9.0 86065161.0 860099.0 0.0 60220000.0 68.0 2.0 1000.0 33514740.0
16100.0 0.0 1.0 9.0 85822995.0 856912.0 0.0 60220000.0 68.0 2.0 1000.0 33760093.0
16200.0 0.0 1.0 9.0 85585815.0 848102.0 0.0 60220000.0 66.0 2.0 1000.0 34006083.0
16300.0 0.0 1.0 8.0 85350347.0 859523.0 0.0 60220000.0 66.0 2.0 1000.0 34230130.0
16400.0 0.0 1.0 8.0 85115000.0 875786.0 0.0 60220000.0 65.0 2.0 1000.0 34449214.0
16500.0 0.0 1.0 8.0 84884485.0 887900.0 0.0 60220000.0 64.0 2.0 1000.0 34667615.0
16600.0 0.0 1.0 8.0 84658880.0 894994.0 0.0 60220000.0 62.0 2.0 1000.0 34886126.0
16700.0 0.0 1.0 8.0 84439721.0 894387.0 0.0 60220000.0 61.0 2.0 1000.0 35105892.0
16800.0 0.0 1.0 8.0 84226867.0 888213.0 0.0 60220000.0 58.0 2.0 1000.0 35324920.0
16900.0 0.0 1.0 8.0 84020710.0 875840.0 0.0 60220000.0 57.0 2.0 1000.0 35543450.0
17000.0 0.0 1.0 8.0 83821928.0 856296.0 0.0 60220000.0 54.0 2.0 1000.0 35761776.0
17100.0 0.0 1.0 8.0 83633091.0 827380.0 0.0 60220000.0 52.0 2.0 1000.0 35979529.0
17200.0 0.0 1.0 8.0 83449984.0 793169.0 0.0 60220000.0 51.0 2.0 1000.0 36196847.0
17300.0 0.0 1.0 8.0 83267877.0 758948.0 0.0 60220000.0 51.0 2.0 1000.0 36413175.0
17400.0 0.0 1.0 8.0 83090260.0 720878.0 0.0 60220000.0 49.0 2.0 1000.0 36628862.0
17500.0 0.0 1.0 8.0 82916050.0 680181.0 0.0 60220000.0 49.0 2.0 1000.0 36843769.0
17600.0 0.0 1.0 8.0 82744244.0 639242.0 0.0 60220000.0 48.0 2.0 1000.0 37056514.0
17700.0 0.0 1.0 8.0 82573152.0 598944.0 0.0 60220000.0 48.0 2.0 1000.0 37267904.0
17800.0 0.0 1.0 8.0 82403362.0 559429.0 0.0 60220000.0 47.0 2.0 1000.0 37477209.0
17900.0 0.0 1.0 8.0 82236961.0 518744.0 0.0 60220000.0 46.0 2.0 1000.0 37684295.0
18000.0 0.0 1.0 7.0 82075081.0 491288.0 0.0 60220000.0 45.0 2.0 1000.0 37873631.0
18100.0 0.0 1.0 7.0 81916820.0 471110.0 0.0 60220000.0 44.0 2.0 1000.0 38052070.0
18200.0 0.0 1.0 7.0 81763313.0 447518.0 0.0 60220000.0 43.0 2.0 1000.0 38229169.0
18300.0 0.0 1.0 7.0 81613614.0 422319.0 0.0 60220000.0 41.0 2.0 1000.0 38404067.0
18400.0 0.0 1.0 7.0 81466990.0 394900.0 0.0 60220000.0 41.0 2.0 1000.0 38578110.0
18500.0 0.0 1.0 7.0 81320681.0 368855.0 0.0 60220000.0 41.0 2.0 1000.0 38750464.0
18600.0 0.0 1.0 7.0 81173525.0 346289.0 0.0 60220000.0 41.0 2.0 1000.0 38920186.0
18700.0 0.0 1.0 7.0 81027881.0 324206.0 0.0 60220000.0 40.0 2.0 1000.0 39087913.0
18800.0 0.0 1.0 6.0 80888207.0 307384.0 0.0 60220000.0 39.0 2.0 1000.0 39244409.0
18900.0 0.0 1.0 6.0 80748810.0 305382.0 0.0 60220000.0 39.0 2.0 1000.0 39385808.0
19000.0 0.0 1.0 6.0 80615558.0 298752.0 0.0 60220000.0 37.0 2.0 1000.0 39525690.0
19100.0 0.0 1.0 6.0 80487952.0 287419.0 0.0 60220000.0 36.0 2.0 1000.0 39664629.0
19200.0 0.0 1.0 6.0 80358988.0 277824.0 0.0 60220000.0 36.0 2.0 1000.0 39803188.0
19300.0 0.0 1.0 5.0 80230856.0 275399.0 0.0 60220000.0 36.0 2.0 1000.0 39933745.0
19400.0 0.0 1.0 5.0 80101702.0 288739.0 0.0 60220000.0 36.0 2.0 1000.0 40049559.0
19500.0 0.0 1.0 5.0 79980323.0 293371.0 0.0 60220000.0 34.0 2.0 1000.0 40166306.0
19600.0 0.0 1.0 5.0 79858835.0 298990.0 0.0 60220000.0 34.0 2.0 1000.0 40282175.0
19700.0 0.0 1.0 5.0 79737271.0 302906.0 0.0 60220000.0 34.0 2.0 1000.0 40399823.0
19800.0 0.0 1.0 5.0 79615937.0 306949.0 0.0 60220000.0 34.0 2.0 1000.0 40517114.0
19900.0 0.0 1.0 5.0 79495149.0 310153.0 0.0 60220000.0 34.0 2.0 1000.0 40634698.0
