time rna_M monomer_betaGal protein_betaGal Lactose_external Lactose_internal Glucose_external Glucose_internal protein_Lactose_Permease dna_Lac_Operon Biomass Lactose_consumed
0.0 0.0 0.0 0.0 120440000.0 0.0 60220000.0 0.0 0.0 2.0 1000.0 0.0
100.0 0.0 0.0 0.0 120440000.0 0.0 30126162.0 30093838.0 0.0 2.0 1000.0 0.0
200.0 0.0 0.0 0.0 120440000.0 0.0 79864.0 60140136.0 0.0 2.0 1000.0 0.0
300.0 0.0 0.0 0.0 120440000.0 0.0 0.0 60220000.0 0.0 2.0 1000.0 0.0
400.0 0.0 0.0 0.0 120440000.0 0.0 0.0 60220000.0 0.0 2.0 1000.0 0.0
500.0 0.0 0.0 0.0 120440000.0 0.0 0.0 60220000.0 0.0 2.0 1000.0 0.0
600.0 0.0 0.0 0.0 120440000.0 0.0 0.0 60220000.0 0.0 2.0 1000.0 0.0
700.0 0.0 0.0 0.0 120440000.0 0.0 0.0 60220000.0 0.0 2.0 1000.0 0.0
800.0 0.0 0.0 0.0 120440000.0 0.0 0.0 60220000.0 0.0 2.0 1000.0 0.0
900.0 0.0 0.0 0.0 120440000.0 0.0 0.0 60220000.0 0.0 2.0 1000.0 0.0
1000.0 0.0 0.0 0.0 120440000.0 0.0 0.0 60220000.0 0.0 2.0 1000.0 0.0
1100.0 0.0 0.0 0.0 120440000.0 0.0 0.0 60220000.0 0.0 2.0 1000.0 0.0
1200.0 0.0 0.0 0.0 120440000.0 0.0 0.0 60220000.0 0.0 2.0 1000.0 0.0
1300.0 0.0 0.0 0.0 120440000.0 0.0 0.0 60220000.0 0.0 2.0 1000.0 0.0
1400.0 1.0 0.0 2.0 120438872.0 1103.0 0.0 60220000.0 5.0 2.0 1000.0 25.0
1500.0 0.0 1.0 5.0 120347992.0 64009.0 0.0 60220000.0 36.0 2.0 1000.0 27999.0
1600.0 0.0 1.0 5.0 120220719.0 113852.0 0.0 60220000.0 35.0 2.0 1000.0 105429.0
1700.0 0.0 1.0 5.0 120097377.0 145962.0 0.0 60220000.0 34.0 2.0 1000.0 196661.0
1800.0 0.0 1.0 5.0 119978255.0 167650.0 0.0 60220000.0 33.0 2.0 1000.0 294095.0
1900.0 0.0 1.0 5.0 119860481.0 183750.0 0.0 60220000.0 32.0 2.0 1000.0 395769.0
2000.0 0.0 2.0 4.0 119745798.0 206797.0 0.0 60220000.0 33.0 2.0 1000.0 487405.0
2100.0 0.0 2.0 4.0 119627562.0 238059.0 0.0 60220000.0 33.0 2.0 1000.0 574379.0
2200.0 0.0 2.0 4.0 119509708.0 265735.0 0.0 60220000.0 32.0 2.0 1000.0 664557.0
2300.0 0.0 2.0 4.0 119395160.0 288292.0 0.0 60220000.0 32.0 2.0 1000.0 756548.0
2400.0 0.0 2.0 4.0 119280696.0 308859.0 0.0 60220000.0 32.0 2.0 1000.0 850445.0
2500.0 0.0 2.0 4.0 119167389.0 327423.0 0.0 60220000.0 31.0 2.0 1000.0 945188.0
2600.0 0.0 2.0 4.0 119059830.0 339198.0 0.0 60220000.0 30.0 2.0 1000.0 1040972.0
2700.0 0.0 2.0 4.0 118954937.0 347592.0 0.0 60220000.0 28.0 2.0 1000.0 1137471.0
2800.0 0.0 2.0 3.0 118855891.0 370505.0 0.0 60220000.0 27.0 2.0 1000.0 1213604.0
2900.0 0.0 2.0 3.0 118758438.0 394461.0 0.0 60220000.0 27.0 2.0 1000.0 1287101.0
3000.0 0.0 2.0 3.0 118661963.0 416428.0 0.0 60220000.0 27.0 2.0 1000.0 1361609.0
3100.0 0.0 2.0 3.0 118565988.0 436963.0 0.0 60220000.0 27.0 2.0 1000.0 1437049.0
3200.0 0.0 2.0 3.0 118471614.0 455131.0 0.0 60220000.0 26.0 2.0 1000.0 1513255.0
3300.0 0.0 2.0 3.0 118380312.0 470558.0 0.0 60220000.0 25.0 2.0 1000.0 1589130.0
3400.0 0.0 2.0 2.0 118291346.0 505986.0 0.0 60220000.0 25.0 2.0 1000.0 1642668.0
3500.0 0.0 2.0 2.0 118202340.0 543061.0 0.0 60220000.0 25.0 2.0 1000.0 1694599.0
3600.0 0.0 2.0 2.0 118114870.0 578583.0 0.0 60220000.0 24.0 2.0 1000.0 1746547.0
3700.0 0.0 2.0 2.0 118029124.0 611951.0 0.0 60220000.0 24.0 2.0 1000.0 1798925.0
3800.0 0.0 2.0 2.0 117943504.0 644983.0 0.0 60220000.0 24.0 2.0 1000.0 1851513.0
3900.0 0.0 2.0 2.0 117861179.0 674068.0 0.0 60220000.0 23.0 2.0 1000.0 1904753.0
4000.0 0.0 2.0 2.0 117780819.0 701056.0 0.0 60220000.0 22.0 2.0 1000.0 1958125.0
4100.0 0.0 2.0 2.0 117702044.0 726435.0 0.0 60220000.0 22.0 2.0 1000.0 2011521.0
4200.0 0.0 2.0 2.0 117624083.0 750676.0 0.0 60220000.0 22.0 2.0 1000.0 2065241.0
4300.0 0.0 2.0 2.0 117548546.0 771740.0 0.0 60220000.0 21.0 2.0 1000.0 2119714.0
4400.0 0.0 2.0 2.0 117473732.0 792451.0 0.0 60220000.0 21.0 2.0 1000.0 2173817.0
4500.0 0.0 2.0 2.0 117399971.0 811657.0 0.0 60220000.0 20.0 2.0 1000.0 2228372.0
4600.0 0.0 2.0 2.0 117328411.0 828802.0 0.0 60220000.0 20.0 2.0 1000.0 2282787.0
4700.0 0.0 2.0 2.0 117256998.0 845477.0 0.0 60220000.0 20.0 2.0 1000.0 2337525.0
4800.0 0.0 2.0 2.0 117185025.0 862919.0 0.0 60220000.0 20.0 2.0 1000.0 2392056.0
4900.0 0.0 2.0 2.0 117113348.0 880075.0 0.0 60220000.0 20.0 2.0 1000.0 2446577.0
5000.0 0.0 2.0 2.0 117042652.0 896006.0 0.0 60220000.0 19.0 2.0 1000.0 2501342.0
5100.0 0.0 2.0 2.0 116974991.0 909449.0 0.0 60220000.0 19.0 2.0 1000.0 2555560.0
5200.0 0.0 2.0 2.0 116907484.0 922192.0 0.0 60220000.0 19.0 2.0 1000.0 2610324.0
5300.0 0.0 2.0 2.0 116840310.0 934539.0 0.0 60220000.0 19.0 2.0 1000.0 2665151.0
5400.0 0.0 2.0 2.0 116773941.0 945930.0 0.0 60220000.0 18.0 2.0 1000.0 2720129.0
5500.0 0.0 2.0 2.0 116709696.0 955241.0 0.0 60220000.0 18.0 2.0 1000.0 2775063.0
5600.0 0.0 2.0 2.0 116645386.0 964277.0 0.0 60220000.0 18.0 2.0 1000.0 2830337.0
5700.0 0.0 2.0 2.0 116581437.0 972931.0 0.0 60220000.0 18.0 2.0 1000.0 2885632.0
5800.0 0.0 2.0 2.0 116517132.0 981716.0 0.0 60220000.0 18.0 2.0 1000.0 2941152.0
5900.0 0.0 2.0 2.0 116452976.0 990235.0 0.0 60220000.0 18.0 2.0 1000.0 2996789.0
6000.0 0.0 2.0 2.0 116388603.0 999102.0 0.0 60220000.0 18.0 2.0 1000.0 3052295.0
6100.0 0.0 2.0 2.0 116324587.0 1008229.0 0.0 60220000.0 18.0 2.0 1000.0 3107184.0
6200.0 0.0 2.0 2.0 116260219.0 1017249.0 0.0 60220000.0 18.0 2.0 1000.0 3162532.0
6300.0 0.0 2.0 2.0 116196313.0 1025120.0 0.0 60220000.0 18.0 2.0 1000.0 3218567.0
6400.0 0.0 2.0 2.0 116132326.0 1033916.0 0.0 60220000.0 18.0 2.0 1000.0 3273758.0
6500.0 0.0 2.0 2.0 116068008.0 1042594.0 0.0 60220000.0 18.0 2.0 1000.0 3329398.0
6600.0 0.0 2.0 2.0 116003870.0 1050667.0 0.0 60220000.0 18.0 2.0 1000.0 3385463.0
6700.0 0.0 2.0 2.0 115938999.0 1060011.0 0.0 60220000.0 18.0 2.0 1000.0 3440990.0
6800.0 0.0 2.0 2.0 115874426.0 1069021.0 0.0 60220000.0 18.0 2.0 1000.0 3496553.0
6900.0 0.0 2.0 2.0 115809988.0 1077930.0 0.0 60220000.0 18.0 2.0 1000.0 3552082.0
7000.0 0.0 2.0 2.0 115745934.0 1086657.0 0.0 60220000.0 18.0 2.0 1000.0 3607409.0
7100.0 0.0 2.0 2.0 115681487.0 1096123.0 0.0 60220000.0 18.0 2.0 1000.0 3662390.0
7200.0 0.0 2.0 2.0 115617630.0 1104098.0 0.0 60220000.0 18.0 2.0 1000.0 3718272.0
7300.0 0.0 2.0 2.0 115553604.0 1112351.0 0.0 60220000.0 18.0 2.0 1000.0 3774045.0
7400.0 0.0 2.0 2.0 115490306.0 1119919.0 0.0 60220000.0 17.0 2.0 1000.0 3829775.0
7500.0 0.0 2.0 2.0 115429944.0 1124629.0 0.0 60220000.0 17.0 2.0 1000.0 3885427.0
7600.0 0.0 2.0 2.0 115370687.0 1128217.0 0.0 60220000.0 16.0 2.0 1000.0 3941096.0
7700.0 0.0 2.0 2.0 115313803.0 1129239.0 0.0 60220000.0 16.0 2.0 1000.0 3996958.0
7800.0 0.0 2.0 2.0 115256594.0 1130287.0 0.0 60220000.0 16.0 2.0 1000.0 4053119.0
7900.0 0.0 2.0 2.0 115199451.0 1131763.0 0.0 60220000.0 16.0 2.0 1000.0 4108786.0
8000.0 0.0 2.0 2.0 115142857.0 1132492.0 0.0 60220000.0 16.0 2.0 1000.0 4164651.0
8100.0 0.0 2.0 2.0 115086332.0 1133172.0 0.0 60220000.0 16.0 2.0 1000.0 4220496.0
8200.0 0.0 2.0 2.0 115029080.0 1134576.0 0.0 60220000.0 16.0 2.0 1000.0 4276344.0
8300.0 0.0 2.0 2.0 114973235.0 1134325.0 0.0 60220000.0 15.0 2.0 1000.0 4332440.0
8400.0 0.0 2.0 2.0 114919490.0 1132087.0 0.0 60220000.0 15.0 2.0 1000.0 4388423.0
8500.0 0.0 2.0 2.0 114866259.0 1129514.0 0.0 60220000.0 15.0 2.0 1000.0 4444227.0
8600.0 0.0 2.0 2.0 114812863.0 1126923.0 0.0 60220000.0 15.0 2.0 1000.0 4500214.0
8700.0 0.0 2.0 2.0 114759803.0 1123970.0 0.0 60220000.0 15.0 2.0 1000.0 4556227.0
8800.0 0.0 2.0 2.0 114706505.0 1120932.0 0.0 60220000.0 15.0 2.0 1000.0 4612563.0
8900.0 0.0 2.0 2.0 114654052.0 1117787.0 0.0 60220000.0 14.0 2.0 1000.0 4668161.0
9000.0 0.0 2.0 2.0 114604268.0 1111786.0 0.0 60220000.0 14.0 2.0 1000.0 4723946.0
9100.0 0.0 2.0 2.0 114554375.0 1106005.0 0.0 60220000.0 14.0 2.0 1000.0 4779620.0
9200.0 0.0 2.0 2.0 114504022.0 1100398.0 0.0 60220000.0 14.0 2.0 1000.0 4835580.0
9300.0 0.0 2.0 2.0 114453886.0 1095182.0 0.0 60220000.0 14.0 2.0 1000.0 4890932.0
9400.0 0.0 2.0 2.0 114406953.0 1086798.0 0.0 60220000.0 13.0 2.0 1000.0 4946249.0
9500.0 0.0 2.0 2.0 114361089.0 1076707.0 0.0 60220000.0 13.0 2.0 1000.0 5002204.0
9600.0 0.0 2.0 1.0 114316967.0 1083223.0 0.0 60220000.0 12.0 2.0 1000.0 5039810.0
9700.0 0.0 3.0 1.0 114270170.0 1102205.0 0.0 60220000.0 15.0 2.0 1000.0 5067625.0
9800.0 0.0 3.0 1.0 114216835.0 1127472.0 0.0 60220000.0 15.0 2.0 1000.0 5095693.0
9900.0 0.0 3.0 1.0 114167776.0 1148544.0 0.0 60220000.0 13.0 2.0 1000.0 5123680.0
10000.0 0.0 3.0 1.0 114121712.0 1166897.0 0.0 60220000.0 13.0 2.0 1000.0 5151391.0
10100.0 0.0 3.0 1.0 114075163.0 1185647.0 0.0 60220000.0 13.0 2.0 1000.0 5179190.0
10200.0 0.0 3.0 1.0 114028512.0 1204255.0 0.0 60220000.0 13.0 2.0 1000.0 5207233.0
10300.0 0.0 3.0 1.0 113982439.0 1222417.0 0.0 60220000.0 13.0 2.0 1000.0 5235144.0
10400.0 0.0 3.0 1.0 113937789.0 1239079.0 0.0 60220000.0 12.0 2.0 1000.0 5263132.0
10500.0 0.0 3.0 1.0 113896261.0 1252452.0 0.0 60220000.0 11.0 2.0 1000.0 5291287.0
10600.0 0.0 3.0 1.0 113857210.0 1263671.0 0.0 60220000.0 11.0 2.0 1000.0 5319119.0
10700.0 0.0 3.0 1.0 113817988.0 1274594.0 0.0 60220000.0 11.0 2.0 1000.0 5347418.0
10800.0 0.0 3.0 1.0 113778659.0 1285783.0 0.0 60220000.0 11.0 2.0 1000.0 5375558.0
10900.0 0.0 3.0 1.0 113739482.0 1296983.0 0.0 60220000.0 11.0 2.0 1000.0 5403535.0
11000.0 0.0 3.0 1.0 113700148.0 1308116.0 0.0 60220000.0 11.0 2.0 1000.0 5431736.0
11100.0 0.0 3.0 1.0 113660861.0 1319364.0 0.0 60220000.0 11.0 2.0 1000.0 5459775.0
11200.0 0.0 3.0 1.0 113621984.0 1329749.0 0.0 60220000.0 11.0 2.0 1000.0 5488267.0
11300.0 0.0 3.0 1.0 113582753.0 1340759.0 0.0 60220000.0 11.0 2.0 1000.0 5516488.0
11400.0 1.0 2.0 3.0 113534989.0 1341698.0 0.0 60220000.0 24.0 2.0 1000.0 5563313.0
11500.0 0.0 0.0 5.0 113414452.0 1329675.0 0.0 60220000.0 36.0 2.0 1000.0 5695873.0
11600.0 0.0 0.0 5.0 113286042.0 1317400.0 0.0 60220000.0 35.0 2.0 1000.0 5836558.0
11700.0 0.0 0.0 5.0 113161486.0 1300961.0 0.0 60220000.0 35.0 2.0 1000.0 5977553.0
11800.0 0.0 0.0 5.0 113037563.0 1283976.0 0.0 60220000.0 35.0 2.0 1000.0 6118461.0
11900.0 0.0 0.0 5.0 112917793.0 1262751.0 0.0 60220000.0 33.0 2.0 1000.0 6259456.0
12000.0 0.0 0.0 5.0 112800921.0 1239095.0 0.0 60220000.0 32.0 2.0 1000.0 6399984.0
12100.0 0.0 0.0 5.0 112687150.0 1213144.0 0.0 60220000.0 32.0 2.0 1000.0 6539706.0
12200.0 0.0 0.0 5.0 112573626.0 1185684.0 0.0 60220000.0 31.0 2.0 1000.0 6680690.0
12300.0 0.0 0.0 5.0 112463771.0 1155688.0 0.0 60220000.0 30.0 2.0 1000.0 6820541.0
12400.0 0.0 0.0 5.0 112360902.0 1118692.0 0.0 60220000.0 29.0 2.0 1000.0 6960406.0
12500.0 0.0 0.0 5.0 112259046.0 1080750.0 0.0 60220000.0 28.0 2.0 1000.0 7100204.0
12600.0 0.0 0.0 5.0 112160853.0 1040059.0 0.0 60220000.0 27.0 2.0 1000.0 7239088.0
12700.0 0.0 0.0 4.0 112064691.0 1005398.0 0.0 60220000.0 27.0 2.0 1000.0 7369911.0
12800.0 0.0 0.0 4.0 111968313.0 991466.0 0.0 60220000.0 27.0 2.0 1000.0 7480221.0
12900.0 0.0 0.0 4.0 111872144.0 976713.0 0.0 60220000.0 27.0 2.0 1000.0 7591143.0
13000.0 0.0 0.0 4.0 111775602.0 963117.0 0.0 60220000.0 27.0 2.0 1000.0 7701281.0
13100.0 0.0 0.0 4.0 111679816.0 948389.0 0.0 60220000.0 26.0 2.0 1000.0 7811795.0
13200.0 0.0 0.0 3.0 111589725.0 935434.0 0.0 60220000.0 25.0 2.0 1000.0 7914841.0
13300.0 0.0 0.0 3.0 111500693.0 941827.0 0.0 60220000.0 25.0 2.0 1000.0 7997480.0
13400.0 0.0 0.0 3.0 111413899.0 945959.0 0.0 60220000.0 24.0 2.0 1000.0 8080142.0
13500.0 0.0 0.0 3.0 111328357.0 949150.0 0.0 60220000.0 24.0 2.0 1000.0 8162493.0
13600.0 0.0 0.0 3.0 111242734.0 952274.0 0.0 60220000.0 24.0 2.0 1000.0 8244992.0
13700.0 0.0 3.0 4.0 111143062.0 956843.0 0.0 60220000.0 32.0 2.0 1000.0 8340095.0
13800.0 0.0 3.0 4.0 111032795.0 956551.0 0.0 60220000.0 31.0 2.0 1000.0 8450654.0
13900.0 0.0 3.0 4.0 110923926.0 955958.0 0.0 60220000.0 30.0 2.0 1000.0 8560116.0
14000.0 0.0 3.0 4.0 110820542.0 949356.0 0.0 60220000.0 29.0 2.0 1000.0 8670102.0
14100.0 0.0 3.0 4.0 110716952.0 943132.0 0.0 60220000.0 29.0 2.0 1000.0 8779916.0
14200.0 0.0 3.0 4.0 110613556.0 935943.0 0.0 60220000.0 29.0 2.0 1000.0 8890501.0
14300.0 0.0 3.0 4.0 110510042.0 929130.0 0.0 60220000.0 29.0 2.0 1000.0 9000828.0
14400.0 0.0 3.0 4.0 110406471.0 922938.0 0.0 60220000.0 29.0 2.0 1000.0 9110591.0
14500.0 0.0 3.0 4.0 110305235.0 914555.0 0.0 60220000.0 27.0 2.0 1000.0 9220210.0
14600.0 0.0 3.0 3.0 110209522.0 925933.0 0.0 60220000.0 27.0 2.0 1000.0 9304545.0
14700.0 0.0 3.0 3.0 110113538.0 940024.0 0.0 60220000.0 26.0 2.0 1000.0 9386438.0
14800.0 0.0 3.0 3.0 110020871.0 950025.0 0.0 60220000.0 26.0 2.0 1000.0 9469104.0
14900.0 0.0 3.0 3.0 109928369.0 959851.0 0.0 60220000.0 26.0 2.0 1000.0 9551780.0
15000.0 0.0 3.0 3.0 109834980.0 969970.0 0.0 60220000.0 26.0 2.0 1000.0 9635050.0
15100.0 0.0 3.0 3.0 109742249.0 979893.0 0.0 60220000.0 26.0 2.0 1000.0 9717858.0
15200.0 0.0 3.0 3.0 109649533.0 989482.0 0.0 60220000.0 26.0 2.0 1000.0 9800985.0
15300.0 0.0 3.0 3.0 109556726.0 998960.0 0.0 60220000.0 26.0 2.0 1000.0 9884314.0
15400.0 0.0 3.0 3.0 109464912.0 1008126.0 0.0 60220000.0 26.0 2.0 1000.0 9966962.0
15500.0 0.0 3.0 3.0 109373599.0 1016769.0 0.0 60220000.0 25.0 2.0 1000.0 10049632.0
15600.0 0.0 3.0 3.0 109284423.0 1022646.0 0.0 60220000.0 25.0 2.0 1000.0 10132931.0
15700.0 0.0 3.0 3.0 109195347.0 1028366.0 0.0 60220000.0 25.0 2.0 1000.0 10216287.0
15800.0 0.0 3.0 3.0 109106164.0 1034258.0 0.0 60220000.0 25.0 2.0 1000.0 10299578.0
15900.0 0.0 3.0 3.0 109017229.0 1040482.0 0.0 60220000.0 25.0 2.0 1000.0 10382289.0
16000.0 0.0 3.0 3.0 108928356.0 1046020.0 0.0 60220000.0 25.0 2.0 1000.0 10465624.0
16100.0 0.0 3.0 3.0 108842484.0 1048566.0 0.0 60220000.0 24.0 2.0 1000.0 10548950.0
16200.0 0.0 3.0 3.0 108757127.0 1050620.0 0.0 60220000.0 24.0 2.0 1000.0 10632253.0
16300.0 0.0 3.0 3.0 108671889.0 1052276.0 0.0 60220000.0 24.0 2.0 1000.0 10715835.0
16400.0 0.0 3.0 3.0 108590187.0 1050994.0 0.0 60220000.0 23.0 2.0 1000.0 10798819.0
16500.0 0.0 3.0 3.0 108508174.0 1050302.0 0.0 60220000.0 23.0 2.0 1000.0 10881524.0
16600.0 0.0 3.0 3.0 108426310.0 1048770.0 0.0 60220000.0 23.0 2.0 1000.0 10964920.0
16700.0 0.0 3.0 3.0 108346598.0 1044935.0 0.0 60220000.0 22.0 2.0 1000.0 11048467.0
16800.0 0.0 3.0 3.0 108268273.0 1040054.0 0.0 60220000.0 22.0 2.0 1000.0 11131673.0
16900.0 0.0 3.0 3.0 108192376.0 1032770.0 0.0 60220000.0 21.0 2.0 1000.0 11214854.0
17000.0 0.0 3.0 3.0 108119827.0 1022380.0 0.0 60220000.0 20.0 2.0 1000.0 11297793.0
17100.0 0.0 3.0 3.0 108050955.0 1008292.0 0.0 60220000.0 19.0 2.0 1000.0 11380753.0
17200.0 0.0 3.0 3.0 107983307.0 992642.0 0.0 60220000.0 19.0 2.0 1000.0 11464051.0
17300.0 0.0 3.0 3.0 107915363.0 977475.0 0.0 60220000.0 19.0 2.0 1000.0 11547162.0
17400.0 0.0 3.0 3.0 107850376.0 960005.0 0.0 60220000.0 18.0 2.0 1000.0 11629619.0
17500.0 0.0 3.0 3.0 107788984.0 938867.0 0.0 60220000.0 17.0 2.0 1000.0 11712149.0
17600.0 0.0 3.0 3.0 107728254.0 917075.0 0.0 60220000.0 17.0 2.0 1000.0 11794671.0
17700.0 0.0 3.0 3.0 107667704.0 895323.0 0.0 60220000.0 17.0 2.0 1000.0 11876973.0
17800.0 0.0 3.0 2.0 107606601.0 879150.0 0.0 60220000.0 17.0 2.0 1000.0 11954249.0
17900.0 0.0 3.0 2.0 107546298.0 884715.0 0.0 60220000.0 17.0 2.0 1000.0 12008987.0
18000.0 0.0 3.0 2.0 107488063.0 888104.0 0.0 60220000.0 16.0 2.0 1000.0 12063833.0
18100.0 0.0 3.0 2.0 107431453.0 889847.0 0.0 60220000.0 16.0 2.0 1000.0 12118700.0
18200.0 0.0 3.0 2.0 107374759.0 891605.0 0.0 60220000.0 16.0 2.0 1000.0 12173636.0
18300.0 0.0 3.0 2.0 107317564.0 894071.0 0.0 60220000.0 16.0 2.0 1000.0 12228365.0
18400.0 0.0 3.0 2.0 107260513.0 896254.0 0.0 60220000.0 16.0 2.0 1000.0 12283233.0
18500.0 0.0 3.0 2.0 107203604.0 898695.0 0.0 60220000.0 16.0 2.0 1000.0 12337701.0
18600.0 0.0 3.0 2.0 107146748.0 900409.0 0.0 60220000.0 16.0 2.0 1000.0 12392843.0
18700.0 0.0 3.0 2.0 107089407.0 902978.0 0.0 60220000.0 16.0 2.0 1000.0 12447615.0
18800.0 0.0 3.0 2.0 107032234.0 905073.0 0.0 60220000.0 16.0 2.0 1000.0 12502693.0
18900.0 0.0 3.0 2.0 106975388.0 907595.0 0.0 60220000.0 16.0 2.0 1000.0 12557017.0
19000.0 0.0 3.0 2.0 106918737.0 909399.0 0.0 60220000.0 16.0 2.0 1000.0 12611864.0
19100.0 0.0 3.0 2.0 106861505.0 911862.0 0.0 60220000.0 16.0 2.0 1000.0 12666633.0
19200.0 0.0 3.0 2.0 106804766.0 913794.0 0.0 60220000.0 16.0 2.0 1000.0 12721440.0
19300.0 0.0 3.0 2.0 106747696.0 915927.0 0.0 60220000.0 16.0 2.0 1000.0 12776377.0
19400.0 0.0 3.0 2.0 106691459.0 917357.0 0.0 60220000.0 15.0 2.0 1000.0 12831184.0
19500.0 0.0 3.0 2.0 106638581.0 915468.0 0.0 60220000.0 15.0 2.0 1000.0 12885951.0
19600.0 0.0 3.0 2.0 106585272.0 914122.0 0.0 60220000.0 15.0 2.0 1000.0 12940606.0
19700.0 0.0 3.0 2.0 106531897.0 912983.0 0.0 60220000.0 15.0 2.0 1000.0 12995120.0
19800.0 0.0 3.0 2.0 106478390.0 911297.0 0.0 60220000.0 15.0 2.0 1000.0 13050313.0
19900.0 0.0 3.0 2.0 106425039.0 909532.0 0.0 60220000.0 15.0 2.0 1000.0 13105429.0
