time rna_M monomer_betaGal protein_betaGal Lactose_external Lactose_internal Glucose_external Glucose_internal protein_Lactose_Permease dna_Lac_Operon Biomass Lactose_consumed
0.0 0.0 0.0 0.0 120440000.0 0.0 60220000.0 0.0 0.0 2.0 1000.0 0.0
100.0 0.0 0.0 0.0 120440000.0 0.0 30122523.0 30097477.0 0.0 2.0 1000.0 0.0
200.0 0.0 0.0 0.0 120440000.0 0.0 74142.0 60145858.0 0.0 2.0 1000.0 0.0
300.0 0.0 0.0 0.0 120440000.0 0.0 0.0 60220000.0 0.0 2.0 1000.0 0.0
400.0 0.0 0.0 0.0 120440000.0 0.0 0.0 60220000.0 0.0 2.0 1000.0 0.0
500.0 0.0 0.0 0.0 120440000.0 0.0 0.0 60220000.0 0.0 2.0 1000.0 0.0
600.0 0.0 0.0 0.0 120440000.0 0.0 0.0 60220000.0 0.0 2.0 1000.0 0.0
700.0 0.0 0.0 0.0 120440000.0 0.0 0.0 60220000.0 0.0 2.0 1000.0 0.0
800.0 0.0 0.0 0.0 120440000.0 0.0 0.0 60220000.0 0.0 2.0 1000.0 0.0
900.0 0.0 0.0 0.0 120440000.0 0.0 0.0 60220000.0 0.0 2.0 1000.0 0.0
1000.0 0.0 0.0 0.0 120440000.0 0.0 0.0 60220000.0 0.0 2.0 1000.0 0.0
1100.0 0.0 0.0 0.0 120440000.0 0.0 0.0 60220000.0 0.0 2.0 1000.0 0.0
1200.0 0.0 0.0 0.0 120440000.0 0.0 0.0 60220000.0 0.0 2.0 1000.0 0.0
1300.0 0.0 0.0 0.0 120440000.0 0.0 0.0 60220000.0 0.0 2.0 1000.0 0.0
1400.0 0.0 0.0 0.0 120440000.0 0.0 0.0 60220000.0 0.0 2.0 1000.0 0.0
1500.0 0.0 0.0 0.0 120440000.0 0.0 0.0 60220000.0 0.0 2.0 1000.0 0.0
1600.0 0.0 0.0 0.0 120440000.0 0.0 0.0 60220000.0 0.0 2.0 1000.0 0.0
1700.0 0.0 0.0 0.0 120440000.0 0.0 0.0 60220000.0 0.0 2.0 1000.0 0.0
1800.0 0.0 0.0 0.0 120440000.0 0.0 0.0 60220000.0 0.0 2.0 1000.0 0.0
1900.0 0.0 0.0 0.0 120440000.0 0.0 0.0 60220000.0 0.0 2.0 1000.0 0.0
2000.0 0.0 0.0 0.0 120440000.0 0.0 0.0 60220000.0 0.0 2.0 1000.0 0.0
2100.0 0.0 0.0 0.0 120440000.0 0.0 0.0 60220000.0 0.0 2.0 1000.0 0.0
2200.0 0.0 0.0 0.0 120440000.0 0.0 0.0 60220000.0 0.0 2.0 1000.0 0.0
2300.0 0.0 0.0 0.0 120440000.0 0.0 0.0 60220000.0 0.0 2.0 1000.0 0.0
2400.0 0.0 0.0 0.0 120440000.0 0.0 0.0 60220000.0 0.0 2.0 1000.0 0.0
2500.0 0.0 0.0 0.0 120440000.0 0.0 0.0 60220000.0 0.0 2.0 1000.0 0.0
2600.0 0.0 0.0 0.0 120440000.0 0.0 0.0 60220000.0 0.0 2.0 1000.0 0.0
2700.0 0.0 0.0 0.0 120440000.0 0.0 0.0 60220000.0 0.0 2.0 1000.0 0.0
2800.0 0.0 0.0 0.0 120440000.0 0.0 0.0 60220000.0 0.0 2.0 1000.0 0.0
2900.0 0.0 0.0 0.0 120440000.0 0.0 0.0 60220000.0 0.0 2.0 1000.0 0.0
3000.0 0.0 0.0 0.0 120440000.0 0.0 0.0 60220000.0 0.0 2.0 1000.0 0.0
3100.0 0.0 0.0 0.0 120440000.0 0.0 0.0 60220000.0 0.0 2.0 1000.0 0.0
3200.0 0.0 0.0 0.0 120440000.0 0.0 0.0 60220000.0 0.0 2.0 1000.0 0.0
3300.0 0.0 0.0 0.0 120440000.0 0.0 0.0 60220000.0 0.0 2.0 1000.0 0.0
3400.0 0.0 0.0 0.0 120440000.0 0.0 0.0 60220000.0 0.0 2.0 1000.0 0.0
3500.0 0.0 0.0 0.0 120440000.0 0.0 0.0 60220000.0 0.0 2.0 1000.0 0.0
3600.0 0.0 0.0 0.0 120440000.0 0.0 0.0 60220000.0 0.0 2.0 1000.0 0.0
3700.0 0.0 0.0 0.0 120440000.0 0.0 0.0 60220000.0 0.0 2.0 1000.0 0.0
3800.0 0.0 0.0 0.0 120440000.0 0.0 0.0 60220000.0 0.0 2.0 1000.0 0.0
3900.0 0.0 0.0 0.0 120440000.0 0.0 0.0 60220000.0 0.0 2.0 1000.0 0.0
4000.0 0.0 0.0 0.0 120440000.0 0.0 0.0 60220000.0 0.0 2.0 1000.0 0.0
4100.0 0.0 0.0 0.0 120440000.0 0.0 0.0 60220000.0 0.0 2.0 1000.0 0.0
4200.0 0.0 0.0 0.0 120440000.0 0.0 0.0 60220000.0 0.0 2.0 1000.0 0.0
4300.0 0.0 0.0 0.0 120440000.0 0.0 0.0 60220000.0 0.0 2.0 1000.0 0.0
4400.0 0.0 0.0 0.0 120440000.0 0.0 0.0 60220000.0 0.0 2.0 1000.0 0.0
4500.0 0.0 0.0 0.0 120440000.0 0.0 0.0 60220000.0 0.0 2.0 1000.0 0.0
4600.0 0.0 0.0 0.0 120440000.0 0.0 0.0 60220000.0 0.0 2.0 1000.0 0.0
4700.0 0.0 0.0 0.0 120440000.0 0.0 0.0 60220000.0 0.0 2.0 1000.0 0.0
4800.0 0.0 0.0 0.0 120440000.0 0.0 0.0 60220000.0 0.0 2.0 1000.0 0.0
4900.0 0.0 0.0 0.0 120440000.0 0.0 0.0 60220000.0 0.0 2.0 1000.0 0.0
5000.0 0.0 0.0 0.0 120440000.0 0.0 0.0 60220000.0 0.0 2.0 1000.0 0.0
5100.0 0.0 0.0 0.0 120440000.0 0.0 0.0 60220000.0 0.0 2.0 1000.0 0.0
5200.0 0.0 0.0 0.0 120440000.0 0.0 0.0 60220000.0 0.0 2.0 1000.0 0.0
5300.0 0.0 0.0 0.0 120440000.0 0.0 0.0 60220000.0 0.0 2.0 1000.0 0.0
5400.0 0.0 0.0 0.0 120440000.0 0.0 0.0 60220000.0 0.0 2.0 1000.0 0.0
5500.0 1.0 3.0 1.0 120421967.0 17263.0 0.0 60220000.0 20.0 2.0 1000.0 770.0
5600.0 0.0 2.0 3.0 120314331.0 97229.0 0.0 60220000.0 38.0 2.0 1000.0 28440.0
5700.0 0.0 2.0 3.0 120178683.0 177149.0 0.0 60220000.0 38.0 2.0 1000.0 84168.0
5800.0 0.0 2.0 3.0 120044103.0 247394.0 0.0 60220000.0 37.0 2.0 1000.0 148503.0
5900.0 0.0 2.0 3.0 119911943.0 310970.0 0.0 60220000.0 37.0 2.0 1000.0 217087.0
6000.0 0.0 2.0 3.0 119779998.0 370899.0 0.0 60220000.0 37.0 2.0 1000.0 289103.0
6100.0 0.0 2.0 3.0 119647580.0 428575.0 0.0 60220000.0 37.0 2.0 1000.0 363845.0
6200.0 0.0 2.0 3.0 119515480.0 484513.0 0.0 60220000.0 37.0 2.0 1000.0 440007.0
6300.0 0.0 2.0 3.0 119383506.0 538953.0 0.0 60220000.0 37.0 2.0 1000.0 517541.0
6400.0 0.0 2.0 2.0 119251774.0 611449.0 0.0 60220000.0 37.0 2.0 1000.0 576777.0
6500.0 0.0 2.0 2.0 119120038.0 689865.0 0.0 60220000.0 37.0 2.0 1000.0 630097.0
6600.0 0.0 2.0 1.0 118988097.0 772073.0 0.0 60220000.0 37.0 2.0 1000.0 679830.0
6700.0 0.0 2.0 1.0 118856233.0 876537.0 0.0 60220000.0 37.0 2.0 1000.0 707230.0
6800.0 0.0 2.0 1.0 118724172.0 981549.0 0.0 60220000.0 37.0 2.0 1000.0 734279.0
6900.0 0.0 2.0 1.0 118592694.0 1085064.0 0.0 60220000.0 37.0 2.0 1000.0 762242.0
7000.0 0.0 2.0 1.0 118461340.0 1188626.0 0.0 60220000.0 36.0 2.0 1000.0 790034.0
7100.0 0.0 2.0 1.0 118336356.0 1285668.0 0.0 60220000.0 35.0 2.0 1000.0 817976.0
7200.0 0.0 2.0 1.0 118211655.0 1381880.0 0.0 60220000.0 35.0 2.0 1000.0 846465.0
7300.0 0.0 2.0 1.0 118086670.0 1478646.0 0.0 60220000.0 35.0 2.0 1000.0 874684.0
7400.0 0.0 2.0 1.0 117965642.0 1571561.0 0.0 60220000.0 33.0 2.0 1000.0 902797.0
7500.0 0.0 2.0 1.0 117848414.0 1660133.0 0.0 60220000.0 32.0 2.0 1000.0 931453.0
7600.0 0.0 2.0 1.0 117735983.0 1744062.0 0.0 60220000.0 31.0 2.0 1000.0 959955.0
7700.0 0.0 2.0 1.0 117628667.0 1822690.0 0.0 60220000.0 30.0 2.0 1000.0 988643.0
7800.0 0.0 2.0 1.0 117522003.0 1900710.0 0.0 60220000.0 30.0 2.0 1000.0 1017287.0
7900.0 1.0 2.0 1.0 117415573.0 1978207.0 0.0 60220000.0 30.0 2.0 1000.0 1046220.0
8000.0 0.0 1.0 2.0 117299829.0 2039075.0 0.0 60220000.0 33.0 2.0 1000.0 1101096.0
8100.0 0.0 1.0 2.0 117182625.0 2098355.0 0.0 60220000.0 33.0 2.0 1000.0 1159020.0
8200.0 0.0 1.0 1.0 117065052.0 2185493.0 0.0 60220000.0 33.0 2.0 1000.0 1189455.0
8300.0 1.0 3.0 3.0 116905475.0 2287950.0 0.0 60220000.0 65.0 2.0 1000.0 1246575.0
8400.0 1.0 3.0 6.0 116647267.0 2398377.0 0.0 60220000.0 84.0 2.0 1000.0 1394356.0
8500.0 0.0 1.0 9.0 116288122.0 2523242.0 0.0 60220000.0 113.0 2.0 1000.0 1628636.0
8600.0 0.0 1.0 9.0 115887541.0 2662977.0 0.0 60220000.0 113.0 2.0 1000.0 1889482.0
8700.0 0.0 1.0 9.0 115489254.0 2800000.0 0.0 60220000.0 111.0 2.0 1000.0 2150746.0
8800.0 0.0 1.0 9.0 115104259.0 2921881.0 0.0 60220000.0 107.0 2.0 1000.0 2413860.0
8900.0 0.0 1.0 9.0 114724286.0 3039900.0 0.0 60220000.0 110.0 2.0 1000.0 2675814.0
9000.0 0.0 1.0 9.0 114339678.0 3162015.0 0.0 60220000.0 106.0 2.0 1000.0 2938307.0
9100.0 0.0 1.0 8.0 113963786.0 3286719.0 0.0 60220000.0 106.0 2.0 1000.0 3189495.0
9200.0 0.0 1.0 8.0 113589794.0 3426138.0 0.0 60220000.0 105.0 2.0 1000.0 3424068.0
9300.0 0.0 1.0 8.0 113225698.0 3555515.0 0.0 60220000.0 102.0 2.0 1000.0 3658787.0
9400.0 0.0 1.0 9.0 112816113.0 3705322.0 0.0 60220000.0 122.0 2.0 1000.0 3918565.0
9500.0 1.0 0.0 12.0 112343196.0 3879940.0 0.0 60220000.0 150.0 2.0 1000.0 4216864.0
9600.0 1.0 2.0 15.0 111755834.0 4078498.0 0.0 60220000.0 185.0 2.0 1000.0 4605668.0
9700.0 0.0 0.0 16.0 111105259.0 4261236.0 0.0 60220000.0 184.0 2.0 1000.0 5073505.0
9800.0 0.0 0.0 16.0 110470432.0 4424058.0 0.0 60220000.0 177.0 2.0 1000.0 5545510.0
9900.0 1.0 3.0 19.0 109827168.0 4569220.0 0.0 60220000.0 197.0 2.0 1000.0 6043612.0
10000.0 1.0 0.0 23.0 109101432.0 4664842.0 0.0 60220000.0 214.0 2.0 1000.0 6673726.0
10100.0 2.0 1.0 30.0 108272506.0 4742629.0 0.0 60220000.0 263.0 2.0 1000.0 7424865.0
10200.0 1.0 1.0 35.0 107255056.0 4807075.0 0.0 60220000.0 305.0 2.0 1000.0 8377869.0
10300.0 1.0 2.0 38.0 106144871.0 4850424.0 0.0 60220000.0 324.0 2.0 1000.0 9444705.0
10400.0 3.0 2.0 45.0 104943275.0 4841480.0 0.0 60220000.0 365.0 2.0 1000.0 10655245.0
10500.0 2.0 0.0 55.0 103447203.0 4867437.0 0.0 60220000.0 477.0 2.0 1000.0 12125360.0
10600.0 1.0 3.0 59.0 101660594.0 4964284.0 0.0 60220000.0 525.0 2.0 1000.0 13815122.0
10700.0 0.0 3.0 61.0 99756750.0 5064101.0 0.0 60220000.0 540.0 2.0 1000.0 15619149.0
10800.0 0.0 3.0 61.0 97872646.0 5149066.0 0.0 60220000.0 526.0 2.0 1000.0 17418288.0
10900.0 0.0 3.0 60.0 96024627.0 5225751.0 0.0 60220000.0 519.0 2.0 1000.0 19189622.0
11000.0 0.0 0.0 60.0 94199300.0 5276582.0 0.0 60220000.0 513.0 2.0 1000.0 20964118.0
11100.0 0.0 0.0 58.0 92413096.0 5298952.0 0.0 60220000.0 502.0 2.0 1000.0 22727952.0
11200.0 0.0 0.0 58.0 90658014.0 5340504.0 0.0 60220000.0 492.0 2.0 1000.0 24441482.0
11300.0 0.0 0.0 57.0 88931232.0 5367250.0 0.0 60220000.0 487.0 2.0 1000.0 26141518.0
11400.0 0.0 0.0 54.0 87222756.0 5452487.0 0.0 60220000.0 480.0 2.0 1000.0 27764757.0
11500.0 0.0 0.0 51.0 85539078.0 5579777.0 0.0 60220000.0 474.0 2.0 1000.0 29321145.0
11600.0 1.0 1.0 49.0 83872392.0 5786823.0 0.0 60220000.0 477.0 2.0 1000.0 30780785.0
11700.0 0.0 3.0 52.0 82130280.0 6018299.0 0.0 60220000.0 501.0 2.0 1000.0 32291421.0
11800.0 1.0 2.0 53.0 80368653.0 6236652.0 0.0 60220000.0 500.0 2.0 1000.0 33834695.0
11900.0 1.0 2.0 58.0 78523834.0 6424606.0 0.0 60220000.0 546.0 2.0 1000.0 35491560.0
12000.0 1.0 1.0 59.0 76555664.0 6659748.0 0.0 60220000.0 566.0 2.0 1000.0 37224588.0
12100.0 0.0 1.0 60.0 74546546.0 6895636.0 0.0 60220000.0 566.0 2.0 1000.0 38997818.0
12200.0 1.0 1.0 61.0 72549686.0 7131014.0 0.0 60220000.0 574.0 2.0 1000.0 40759300.0
12300.0 2.0 2.0 66.0 70458267.0 7347842.0 0.0 60220000.0 612.0 2.0 1000.0 42633891.0
12400.0 1.0 2.0 72.0 68221531.0 7523184.0 0.0 60220000.0 656.0 2.0 1000.0 44695285.0
12500.0 0.0 2.0 74.0 65890476.0 7678799.0 0.0 60220000.0 666.0 2.0 1000.0 46870725.0
12600.0 0.0 2.0 74.0 63568267.0 7802939.0 0.0 60220000.0 655.0 2.0 1000.0 49068794.0
12700.0 1.0 2.0 75.0 61277668.0 7893584.0 0.0 60220000.0 646.0 2.0 1000.0 51268748.0
12800.0 1.0 0.0 74.0 58960977.0 8027583.0 0.0 60220000.0 666.0 2.0 1000.0 53451440.0
12900.0 1.0 3.0 76.0 56600125.0 8157964.0 0.0 60220000.0 684.0 2.0 1000.0 55681911.0
13000.0 1.0 3.0 79.0 54180059.0 8249244.0 0.0 60220000.0 702.0 2.0 1000.0 58010697.0
13100.0 3.0 1.0 83.0 51644846.0 8373904.0 0.0 60220000.0 744.0 2.0 1000.0 60421250.0
13200.0 4.0 3.0 98.0 48893503.0 8476614.0 0.0 60220000.0 833.0 2.0 1000.0 63069883.0
13300.0 4.0 1.0 112.0 45745334.0 8516733.0 0.0 60220000.0 951.0 2.0 1000.0 66177933.0
13400.0 0.0 2.0 118.0 42282623.0 8497842.0 0.0 60220000.0 1002.0 2.0 1000.0 69659535.0
13500.0 0.0 2.0 117.0 38791754.0 8507684.0 0.0 60220000.0 990.0 2.0 1000.0 73140562.0
13600.0 0.0 2.0 113.0 35359667.0 8521112.0 0.0 60220000.0 970.0 2.0 1000.0 76559221.0
13700.0 0.0 2.0 110.0 31987894.0 8618513.0 0.0 60220000.0 958.0 2.0 1000.0 79833593.0
13800.0 1.0 2.0 111.0 28630100.0 8686280.0 0.0 60220000.0 966.0 2.0 1000.0 83123620.0
13900.0 1.0 1.0 115.0 25237145.0 8713439.0 0.0 60220000.0 974.0 2.0 1000.0 86489416.0
14000.0 1.0 2.0 116.0 21846962.0 8688080.0 0.0 60220000.0 968.0 2.0 1000.0 89904958.0
14100.0 0.0 0.0 116.0 18473188.0 8586258.0 0.0 60220000.0 960.0 2.0 1000.0 93380554.0
14200.0 0.0 0.0 114.0 15151839.0 8487192.0 0.0 60220000.0 944.0 2.0 1000.0 96800969.0
14300.0 2.0 3.0 114.0 11852666.0 8420342.0 0.0 60220000.0 965.0 2.0 1000.0 100166992.0
14400.0 1.0 0.0 120.0 8442146.0 8348083.0 0.0 60220000.0 1002.0 2.0 1000.0 103649771.0
14500.0 2.0 1.0 121.0 4923732.0 8277058.0 0.0 60220000.0 1045.0 2.0 1000.0 107239210.0
14600.0 0.0 2.0 115.0 1434136.0 8234263.0 0.0 60220000.0 1041.0 2.0 1000.0 110771601.0
14700.0 0.0 2.0 114.0 2198.0 6266212.0 0.0 60220000.0 1035.0 2.0 1000.0 114171590.0
14800.0 0.0 2.0 112.0 1380.0 2950172.0 0.0 60220000.0 1019.0 2.0 1000.0 117488448.0
14900.0 0.0 2.0 108.0 59.0 33777.0 0.0 60220000.0 1003.0 2.0 1000.0 120406164.0
15000.0 0.0 2.0 106.0 0.0 0.0 0.0 60220000.0 987.0 2.0 1000.0 120440000.0
15100.0 0.0 2.0 106.0 0.0 0.0 0.0 60220000.0 970.0 2.0 1000.0 120440000.0
15200.0 0.0 2.0 104.0 0.0 0.0 0.0 60220000.0 959.0 2.0 1000.0 120440000.0
15300.0 0.0 2.0 103.0 0.0 0.0 0.0 60220000.0 944.0 2.0 1000.0 120440000.0
15400.0 0.0 2.0 100.0 0.0 0.0 0.0 60220000.0 932.0 2.0 1000.0 120440000.0
15500.0 0.0 0.0 100.0 0.0 0.0 0.0 60220000.0 917.0 2.0 1000.0 120440000.0
15600.0 0.0 0.0 97.0 0.0 0.0 0.0 60220000.0 902.0 2.0 1000.0 120440000.0
15700.0 0.0 0.0 95.0 0.0 0.0 0.0 60220000.0 886.0 2.0 1000.0 120440000.0
15800.0 0.0 0.0 94.0 0.0 0.0 0.0 60220000.0 872.0 2.0 1000.0 120440000.0
15900.0 0.0 0.0 94.0 0.0 0.0 0.0 60220000.0 859.0 2.0 1000.0 120440000.0
16000.0 0.0 0.0 93.0 0.0 0.0 0.0 60220000.0 842.0 2.0 1000.0 120440000.0
16100.0 0.0 0.0 92.0 0.0 0.0 0.0 60220000.0 827.0 2.0 1000.0 120440000.0
16200.0 0.0 0.0 92.0 0.0 0.0 0.0 60220000.0 819.0 2.0 1000.0 120440000.0
16300.0 0.0 0.0 92.0 0.0 0.0 0.0 60220000.0 810.0 2.0 1000.0 120440000.0
16400.0 0.0 0.0 91.0 0.0 0.0 0.0 60220000.0 798.0 2.0 1000.0 120440000.0
16500.0 0.0 0.0 90.0 0.0 0.0 0.0 60220000.0 788.0 2.0 1000.0 120440000.0
16600.0 0.0 0.0 88.0 0.0 0.0 0.0 60220000.0 778.0 2.0 1000.0 120440000.0
16700.0 0.0 0.0 88.0 0.0 0.0 0.0 60220000.0 765.0 2.0 1000.0 120440000.0
16800.0 0.0 0.0 87.0 0.0 0.0 0.0 60220000.0 751.0 2.0 1000.0 120440000.0
16900.0 0.0 0.0 84.0 0.0 0.0 0.0 60220000.0 749.0 2.0 1000.0 120440000.0
17000.0 0.0 0.0 83.0 0.0 0.0 0.0 60220000.0 736.0 2.0 1000.0 120440000.0
17100.0 0.0 0.0 83.0 0.0 0.0 0.0 60220000.0 718.0 2.0 1000.0 120440000.0
17200.0 0.0 2.0 82.0 0.0 0.0 0.0 60220000.0 705.0 2.0 1000.0 120440000.0
17300.0 0.0 2.0 80.0 0.0 0.0 0.0 60220000.0 700.0 2.0 1000.0 120440000.0
17400.0 0.0 2.0 79.0 0.0 0.0 0.0 60220000.0 683.0 2.0 1000.0 120440000.0
17500.0 0.0 2.0 78.0 0.0 0.0 0.0 60220000.0 676.0 2.0 1000.0 120440000.0
17600.0 0.0 2.0 77.0 0.0 0.0 0.0 60220000.0 667.0 2.0 1000.0 120440000.0
17700.0 0.0 2.0 76.0 0.0 0.0 0.0 60220000.0 654.0 2.0 1000.0 120440000.0
17800.0 1.0 0.0 77.0 0.0 0.0 0.0 60220000.0 651.0 2.0 1000.0 120440000.0
17900.0 1.0 2.0 78.0 0.0 0.0 0.0 60220000.0 677.0 2.0 1000.0 120440000.0
18000.0 1.0 1.0 83.0 0.0 0.0 0.0 60220000.0 705.0 2.0 1000.0 120440000.0
18100.0 0.0 1.0 82.0 0.0 0.0 0.0 60220000.0 692.0 2.0 1000.0 120440000.0
18200.0 0.0 1.0 80.0 0.0 0.0 0.0 60220000.0 677.0 2.0 1000.0 120440000.0
18300.0 0.0 1.0 77.0 0.0 0.0 0.0 60220000.0 663.0 2.0 1000.0 120440000.0
18400.0 0.0 1.0 76.0 0.0 0.0 0.0 60220000.0 650.0 2.0 1000.0 120440000.0
18500.0 0.0 1.0 76.0 0.0 0.0 0.0 60220000.0 638.0 2.0 1000.0 120440000.0
18600.0 0.0 1.0 75.0 0.0 0.0 0.0 60220000.0 629.0 2.0 1000.0 120440000.0
18700.0 0.0 1.0 74.0 0.0 0.0 0.0 60220000.0 619.0 2.0 1000.0 120440000.0
18800.0 0.0 1.0 74.0 0.0 0.0 0.0 60220000.0 604.0 2.0 1000.0 120440000.0
18900.0 0.0 1.0 71.0 0.0 0.0 0.0 60220000.0 597.0 2.0 1000.0 120440000.0
19000.0 0.0 1.0 71.0 0.0 0.0 0.0 60220000.0 588.0 2.0 1000.0 120440000.0
19100.0 0.0 1.0 71.0 0.0 0.0 0.0 60220000.0 576.0 2.0 1000.0 120440000.0
19200.0 0.0 1.0 69.0 0.0 0.0 0.0 60220000.0 568.0 2.0 1000.0 120440000.0
19300.0 0.0 1.0 68.0 0.0 0.0 0.0 60220000.0 559.0 2.0 1000.0 120440000.0
19400.0 0.0 1.0 68.0 0.0 0.0 0.0 60220000.0 548.0 2.0 1000.0 120440000.0
19500.0 0.0 1.0 68.0 0.0 0.0 0.0 60220000.0 541.0 2.0 1000.0 120440000.0
19600.0 0.0 1.0 68.0 0.0 0.0 0.0 60220000.0 531.0 2.0 1000.0 120440000.0
19700.0 0.0 1.0 67.0 0.0 0.0 0.0 60220000.0 519.0 2.0 1000.0 120440000.0
19800.0 0.0 1.0 65.0 0.0 0.0 0.0 60220000.0 507.0 2.0 1000.0 120440000.0
19900.0 0.0 1.0 64.0 0.0 0.0 0.0 60220000.0 504.0 2.0 1000.0 120440000.0
