time rna_M monomer_betaGal protein_betaGal Lactose_external Lactose_internal Glucose_external Glucose_internal protein_Lactose_Permease dna_Lac_Operon Biomass Lactose_consumed
0.0 0.0 0.0 0.0 120440000.0 0.0 60220000.0 0.0 0.0 2.0 1000.0 0.0
100.0 0.0 0.0 0.0 120440000.0 0.0 30130691.0 30089309.0 0.0 2.0 1000.0 0.0
200.0 0.0 0.0 0.0 120440000.0 0.0 78897.0 60141103.0 0.0 2.0 1000.0 0.0
300.0 0.0 0.0 0.0 120440000.0 0.0 0.0 60220000.0 0.0 2.0 1000.0 0.0
400.0 0.0 0.0 0.0 120440000.0 0.0 0.0 60220000.0 0.0 2.0 1000.0 0.0
500.0 0.0 0.0 0.0 120440000.0 0.0 0.0 60220000.0 0.0 2.0 1000.0 0.0
600.0 0.0 0.0 0.0 120440000.0 0.0 0.0 60220000.0 0.0 2.0 1000.0 0.0
700.0 0.0 0.0 0.0 120440000.0 0.0 0.0 60220000.0 0.0 2.0 1000.0 0.0
800.0 0.0 0.0 0.0 120440000.0 0.0 0.0 60220000.0 0.0 2.0 1000.0 0.0
900.0 0.0 0.0 0.0 120440000.0 0.0 0.0 60220000.0 0.0 2.0 1000.0 0.0
1000.0 0.0 0.0 0.0 120440000.0 0.0 0.0 60220000.0 0.0 2.0 1000.0 0.0
1100.0 0.0 0.0 0.0 120440000.0 0.0 0.0 60220000.0 0.0 2.0 1000.0 0.0
1200.0 0.0 0.0 0.0 120440000.0 0.0 0.0 60220000.0 0.0 2.0 1000.0 0.0
1300.0 0.0 0.0 0.0 120440000.0 0.0 0.0 60220000.0 0.0 2.0 1000.0 0.0
1400.0 0.0 0.0 0.0 120440000.0 0.0 0.0 60220000.0 0.0 2.0 1000.0 0.0
1500.0 0.0 0.0 0.0 120440000.0 0.0 0.0 60220000.0 0.0 2.0 1000.0 0.0
1600.0 0.0 0.0 0.0 120440000.0 0.0 0.0 60220000.0 0.0 2.0 1000.0 0.0
1700.0 0.0 0.0 0.0 120440000.0 0.0 0.0 60220000.0 0.0 2.0 1000.0 0.0
1800.0 0.0 0.0 0.0 120440000.0 0.0 0.0 60220000.0 0.0 2.0 1000.0 0.0
1900.0 0.0 0.0 0.0 120440000.0 0.0 0.0 60220000.0 0.0 2.0 1000.0 0.0
2000.0 0.0 0.0 0.0 120440000.0 0.0 0.0 60220000.0 0.0 2.0 1000.0 0.0
2100.0 0.0 0.0 0.0 120440000.0 0.0 0.0 60220000.0 0.0 2.0 1000.0 0.0
2200.0 0.0 0.0 0.0 120440000.0 0.0 0.0 60220000.0 0.0 2.0 1000.0 0.0
2300.0 0.0 0.0 0.0 120440000.0 0.0 0.0 60220000.0 0.0 2.0 1000.0 0.0
2400.0 0.0 0.0 0.0 120440000.0 0.0 0.0 60220000.0 0.0 2.0 1000.0 0.0
2500.0 1.0 0.0 0.0 120439469.0 531.0 0.0 60220000.0 3.0 2.0 1000.0 0.0
2600.0 0.0 3.0 0.0 120408172.0 31828.0 0.0 60220000.0 9.0 2.0 1000.0 0.0
2700.0 0.0 3.0 0.0 120376439.0 63561.0 0.0 60220000.0 9.0 2.0 1000.0 0.0
2800.0 0.0 3.0 0.0 120344705.0 95295.0 0.0 60220000.0 8.0 2.0 1000.0 0.0
2900.0 0.0 3.0 0.0 120319054.0 120946.0 0.0 60220000.0 7.0 2.0 1000.0 0.0
3000.0 0.0 3.0 0.0 120294085.0 145915.0 0.0 60220000.0 7.0 2.0 1000.0 0.0
3100.0 0.0 3.0 0.0 120269206.0 170794.0 0.0 60220000.0 7.0 2.0 1000.0 0.0
3200.0 0.0 3.0 0.0 120243890.0 196110.0 0.0 60220000.0 7.0 2.0 1000.0 0.0
3300.0 0.0 3.0 0.0 120218812.0 221188.0 0.0 60220000.0 7.0 2.0 1000.0 0.0
3400.0 0.0 3.0 0.0 120193669.0 246331.0 0.0 60220000.0 7.0 2.0 1000.0 0.0
3500.0 0.0 3.0 0.0 120168548.0 271452.0 0.0 60220000.0 7.0 2.0 1000.0 0.0
3600.0 0.0 3.0 0.0 120143652.0 296348.0 0.0 60220000.0 7.0 2.0 1000.0 0.0
3700.0 0.0 3.0 0.0 120118911.0 321089.0 0.0 60220000.0 7.0 2.0 1000.0 0.0
3800.0 0.0 3.0 0.0 120093865.0 346135.0 0.0 60220000.0 7.0 2.0 1000.0 0.0
3900.0 0.0 3.0 0.0 120068773.0 371227.0 0.0 60220000.0 7.0 2.0 1000.0 0.0
4000.0 1.0 0.0 1.0 120043011.0 393955.0 0.0 60220000.0 10.0 2.0 1000.0 3034.0
4100.0 0.0 0.0 1.0 120007896.0 404403.0 0.0 60220000.0 10.0 2.0 1000.0 27701.0
4200.0 0.0 0.0 1.0 119974098.0 413313.0 0.0 60220000.0 9.0 2.0 1000.0 52589.0
4300.0 0.0 0.0 1.0 119941684.0 420712.0 0.0 60220000.0 9.0 2.0 1000.0 77604.0
4400.0 0.0 0.0 1.0 119909537.0 427799.0 0.0 60220000.0 9.0 2.0 1000.0 102664.0
4500.0 0.0 0.0 1.0 119881068.0 431245.0 0.0 60220000.0 7.0 2.0 1000.0 127687.0
4600.0 0.0 0.0 1.0 119855929.0 431647.0 0.0 60220000.0 7.0 2.0 1000.0 152424.0
4700.0 0.0 0.0 1.0 119830855.0 431589.0 0.0 60220000.0 7.0 2.0 1000.0 177556.0
4800.0 0.0 0.0 1.0 119805717.0 431533.0 0.0 60220000.0 7.0 2.0 1000.0 202750.0
4900.0 0.0 0.0 1.0 119780723.0 431558.0 0.0 60220000.0 7.0 2.0 1000.0 227719.0
5000.0 0.0 0.0 1.0 119755586.0 431691.0 0.0 60220000.0 7.0 2.0 1000.0 252723.0
5100.0 0.0 0.0 1.0 119730624.0 431410.0 0.0 60220000.0 7.0 2.0 1000.0 277966.0
5200.0 0.0 0.0 1.0 119705819.0 430948.0 0.0 60220000.0 7.0 2.0 1000.0 303233.0
5300.0 0.0 0.0 1.0 119680906.0 431008.0 0.0 60220000.0 7.0 2.0 1000.0 328086.0
5400.0 0.0 0.0 1.0 119655813.0 431259.0 0.0 60220000.0 7.0 2.0 1000.0 352928.0
5500.0 0.0 0.0 1.0 119630752.0 431289.0 0.0 60220000.0 7.0 2.0 1000.0 377959.0
5600.0 0.0 0.0 1.0 119605983.0 431052.0 0.0 60220000.0 7.0 2.0 1000.0 402965.0
5700.0 0.0 0.0 1.0 119582689.0 429051.0 0.0 60220000.0 6.0 2.0 1000.0 428260.0
5800.0 0.0 0.0 1.0 119561178.0 425112.0 0.0 60220000.0 6.0 2.0 1000.0 453710.0
5900.0 0.0 0.0 1.0 119534814.0 426256.0 0.0 60220000.0 8.0 2.0 1000.0 478930.0
6000.0 0.0 0.0 1.0 119509402.0 426739.0 0.0 60220000.0 7.0 2.0 1000.0 503859.0
6100.0 0.0 0.0 1.0 119486011.0 424797.0 0.0 60220000.0 6.0 2.0 1000.0 529192.0
6200.0 1.0 1.0 1.0 119463884.0 421795.0 0.0 60220000.0 9.0 2.0 1000.0 554321.0
6300.0 0.0 1.0 2.0 119385781.0 457438.0 0.0 60220000.0 26.0 2.0 1000.0 596781.0
6400.0 0.0 1.0 2.0 119292938.0 499453.0 0.0 60220000.0 26.0 2.0 1000.0 647609.0
6500.0 0.0 1.0 2.0 119202187.0 538928.0 0.0 60220000.0 25.0 2.0 1000.0 698885.0
6600.0 0.0 1.0 2.0 119113050.0 576329.0 0.0 60220000.0 25.0 2.0 1000.0 750621.0
6700.0 0.0 1.0 2.0 119023553.0 613616.0 0.0 60220000.0 25.0 2.0 1000.0 802831.0
6800.0 0.0 1.0 2.0 118934656.0 649540.0 0.0 60220000.0 25.0 2.0 1000.0 855804.0
6900.0 0.0 1.0 2.0 118845262.0 685454.0 0.0 60220000.0 25.0 2.0 1000.0 909284.0
7000.0 0.0 1.0 2.0 118756064.0 720756.0 0.0 60220000.0 25.0 2.0 1000.0 963180.0
7100.0 0.0 1.0 2.0 118669645.0 753655.0 0.0 60220000.0 24.0 2.0 1000.0 1016700.0
7200.0 0.0 1.0 2.0 118584150.0 785496.0 0.0 60220000.0 24.0 2.0 1000.0 1070354.0
7300.0 0.0 1.0 2.0 118498600.0 816959.0 0.0 60220000.0 23.0 2.0 1000.0 1124441.0
7400.0 0.0 1.0 2.0 118416850.0 844719.0 0.0 60220000.0 23.0 2.0 1000.0 1178431.0
7500.0 0.0 1.0 2.0 118335580.0 871288.0 0.0 60220000.0 22.0 2.0 1000.0 1233132.0
7600.0 0.0 1.0 2.0 118260842.0 891506.0 0.0 60220000.0 20.0 2.0 1000.0 1287652.0
7700.0 0.0 1.0 2.0 118189920.0 907523.0 0.0 60220000.0 20.0 2.0 1000.0 1342557.0
7800.0 0.0 1.0 2.0 118118202.0 924197.0 0.0 60220000.0 20.0 2.0 1000.0 1397601.0
7900.0 0.0 1.0 2.0 118048186.0 939190.0 0.0 60220000.0 19.0 2.0 1000.0 1452624.0
8000.0 0.0 1.0 2.0 117980690.0 951502.0 0.0 60220000.0 19.0 2.0 1000.0 1507808.0
8100.0 0.0 3.0 4.0 117858703.0 990395.0 0.0 60220000.0 49.0 2.0 1000.0 1590902.0
8200.0 0.0 3.0 4.0 117684628.0 1053416.0 0.0 60220000.0 49.0 2.0 1000.0 1701956.0
8300.0 0.0 3.0 4.0 117509936.0 1116697.0 0.0 60220000.0 49.0 2.0 1000.0 1813367.0
8400.0 0.0 3.0 4.0 117335632.0 1178966.0 0.0 60220000.0 49.0 2.0 1000.0 1925402.0
8500.0 1.0 3.0 4.0 117160080.0 1241772.0 0.0 60220000.0 53.0 2.0 1000.0 2038148.0
8600.0 1.0 0.0 8.0 116922865.0 1308009.0 0.0 60220000.0 79.0 2.0 1000.0 2209126.0
8700.0 0.0 1.0 9.0 116601541.0 1376594.0 0.0 60220000.0 92.0 2.0 1000.0 2461865.0
8800.0 0.0 1.0 9.0 116275232.0 1447570.0 0.0 60220000.0 91.0 2.0 1000.0 2717198.0
8900.0 0.0 1.0 8.0 115950769.0 1533168.0 0.0 60220000.0 90.0 2.0 1000.0 2956063.0
9000.0 0.0 1.0 7.0 115632236.0 1640308.0 0.0 60220000.0 89.0 2.0 1000.0 3167456.0
9100.0 0.0 1.0 7.0 115318807.0 1754117.0 0.0 60220000.0 86.0 2.0 1000.0 3367076.0
9200.0 0.0 1.0 7.0 115017905.0 1854560.0 0.0 60220000.0 84.0 2.0 1000.0 3567535.0
9300.0 0.0 1.0 7.0 114724354.0 1947030.0 0.0 60220000.0 82.0 2.0 1000.0 3768616.0
9400.0 0.0 1.0 7.0 114433530.0 2036591.0 0.0 60220000.0 81.0 2.0 1000.0 3969879.0
9500.0 0.0 1.0 7.0 114146759.0 2121044.0 0.0 60220000.0 80.0 2.0 1000.0 4172197.0
9600.0 0.0 1.0 6.0 113862803.0 2206512.0 0.0 60220000.0 80.0 2.0 1000.0 4370685.0
9700.0 0.0 1.0 9.0 113541285.0 2297956.0 0.0 60220000.0 100.0 2.0 1000.0 4600759.0
9800.0 0.0 1.0 9.0 113191322.0 2387608.0 0.0 60220000.0 97.0 2.0 1000.0 4861070.0
9900.0 0.0 1.0 9.0 112850129.0 2467863.0 0.0 60220000.0 96.0 2.0 1000.0 5122008.0
10000.0 0.0 1.0 9.0 112517375.0 2539612.0 0.0 60220000.0 92.0 2.0 1000.0 5383013.0
10100.0 0.0 1.0 9.0 112191110.0 2604271.0 0.0 60220000.0 92.0 2.0 1000.0 5644619.0
10200.0 0.0 1.0 9.0 111864659.0 2670007.0 0.0 60220000.0 92.0 2.0 1000.0 5905334.0
10300.0 0.0 1.0 9.0 111541233.0 2731950.0 0.0 60220000.0 91.0 2.0 1000.0 6166817.0
10400.0 0.0 1.0 9.0 111224368.0 2786315.0 0.0 60220000.0 88.0 2.0 1000.0 6429317.0
10500.0 0.0 1.0 9.0 110915159.0 2832421.0 0.0 60220000.0 87.0 2.0 1000.0 6692420.0
10600.0 2.0 2.0 10.0 110605974.0 2876784.0 0.0 60220000.0 91.0 2.0 1000.0 6957242.0
10700.0 0.0 2.0 11.0 110240172.0 2925675.0 0.0 60220000.0 105.0 2.0 1000.0 7274153.0
10800.0 0.0 2.0 11.0 109875772.0 2969739.0 0.0 60220000.0 102.0 2.0 1000.0 7594489.0
10900.0 0.0 0.0 13.0 109512251.0 3003064.0 0.0 60220000.0 106.0 2.0 1000.0 7924685.0
11000.0 0.0 0.0 13.0 109138962.0 2996831.0 0.0 60220000.0 105.0 2.0 1000.0 8304207.0
11100.0 0.0 0.0 13.0 108773291.0 2983139.0 0.0 60220000.0 102.0 2.0 1000.0 8683570.0
11200.0 0.0 0.0 13.0 108419660.0 2957703.0 0.0 60220000.0 98.0 2.0 1000.0 9062637.0
11300.0 0.0 0.0 13.0 108072497.0 2925718.0 0.0 60220000.0 97.0 2.0 1000.0 9441785.0
11400.0 0.0 0.0 12.0 107733521.0 2886741.0 0.0 60220000.0 95.0 2.0 1000.0 9819738.0
11500.0 0.0 0.0 12.0 107397907.0 2872697.0 0.0 60220000.0 94.0 2.0 1000.0 10169396.0
11600.0 0.0 0.0 12.0 107068066.0 2853291.0 0.0 60220000.0 92.0 2.0 1000.0 10518643.0
11700.0 0.0 0.0 12.0 106744975.0 2825868.0 0.0 60220000.0 91.0 2.0 1000.0 10869157.0
11800.0 0.0 0.0 12.0 106429246.0 2792812.0 0.0 60220000.0 88.0 2.0 1000.0 11217942.0
11900.0 0.0 0.0 12.0 106121579.0 2751718.0 0.0 60220000.0 87.0 2.0 1000.0 11566703.0
12000.0 0.0 3.0 11.0 105812796.0 2723541.0 0.0 60220000.0 87.0 2.0 1000.0 11903663.0
12100.0 0.0 3.0 11.0 105504665.0 2712047.0 0.0 60220000.0 87.0 2.0 1000.0 12223288.0
12200.0 1.0 1.0 13.0 105199124.0 2691511.0 0.0 60220000.0 88.0 2.0 1000.0 12549365.0
12300.0 0.0 1.0 13.0 104879836.0 2633011.0 0.0 60220000.0 89.0 2.0 1000.0 12927153.0
12400.0 0.0 1.0 12.0 104572145.0 2569165.0 0.0 60220000.0 86.0 2.0 1000.0 13298690.0
12500.0 0.0 1.0 12.0 104270182.0 2522253.0 0.0 60220000.0 85.0 2.0 1000.0 13647565.0
12600.0 1.0 2.0 15.0 103933746.0 2473255.0 0.0 60220000.0 108.0 2.0 1000.0 14032999.0
12700.0 1.0 2.0 19.0 103515271.0 2384837.0 0.0 60220000.0 130.0 2.0 1000.0 14539892.0
12800.0 0.0 3.0 20.0 102999735.0 2335817.0 0.0 60220000.0 150.0 2.0 1000.0 15104448.0
12900.0 0.0 3.0 19.0 102474400.0 2293209.0 0.0 60220000.0 147.0 2.0 1000.0 15672391.0
13000.0 0.0 3.0 19.0 101957138.0 2260630.0 0.0 60220000.0 144.0 2.0 1000.0 16222232.0
13100.0 0.0 3.0 18.0 101453989.0 2238454.0 0.0 60220000.0 141.0 2.0 1000.0 16747557.0
13200.0 1.0 3.0 19.0 100952929.0 2212511.0 0.0 60220000.0 147.0 2.0 1000.0 17274560.0
13300.0 1.0 3.0 23.0 100366565.0 2173880.0 0.0 60220000.0 180.0 2.0 1000.0 17899555.0
13400.0 0.0 0.0 25.0 99718754.0 2105503.0 0.0 60220000.0 181.0 2.0 1000.0 18615743.0
13500.0 0.0 0.0 25.0 99084177.0 2018970.0 0.0 60220000.0 178.0 2.0 1000.0 19336853.0
13600.0 0.0 0.0 25.0 98458910.0 1926209.0 0.0 60220000.0 174.0 2.0 1000.0 20054881.0
13700.0 0.0 0.0 25.0 97852440.0 1815620.0 0.0 60220000.0 168.0 2.0 1000.0 20771940.0
13800.0 0.0 0.0 26.0 97231430.0 1707988.0 0.0 60220000.0 178.0 2.0 1000.0 21500582.0
13900.0 0.0 0.0 25.0 96602407.0 1600688.0 0.0 60220000.0 175.0 2.0 1000.0 22236905.0
14000.0 0.0 0.0 24.0 95981779.0 1518771.0 0.0 60220000.0 174.0 2.0 1000.0 22939450.0
14100.0 0.0 0.0 24.0 95369119.0 1449217.0 0.0 60220000.0 172.0 2.0 1000.0 23621664.0
14200.0 0.0 0.0 23.0 94758829.0 1400708.0 0.0 60220000.0 170.0 2.0 1000.0 24280463.0
14300.0 0.0 0.0 21.0 94159048.0 1381954.0 0.0 60220000.0 166.0 2.0 1000.0 24898998.0
14400.0 0.0 0.0 21.0 93572302.0 1374886.0 0.0 60220000.0 162.0 2.0 1000.0 25492812.0
14500.0 0.0 0.0 21.0 93002477.0 1351056.0 0.0 60220000.0 159.0 2.0 1000.0 26086467.0
14600.0 0.0 0.0 21.0 92447580.0 1313349.0 0.0 60220000.0 153.0 2.0 1000.0 26679071.0
14700.0 0.0 0.0 21.0 91910581.0 1259448.0 0.0 60220000.0 148.0 2.0 1000.0 27269971.0
14800.0 0.0 0.0 21.0 91393865.0 1186898.0 0.0 60220000.0 143.0 2.0 1000.0 27859237.0
14900.0 0.0 0.0 20.0 90890340.0 1120840.0 0.0 60220000.0 140.0 2.0 1000.0 28428820.0
15000.0 0.0 0.0 20.0 90393926.0 1058967.0 0.0 60220000.0 139.0 2.0 1000.0 28987107.0
15100.0 0.0 0.0 20.0 89900138.0 999142.0 0.0 60220000.0 136.0 2.0 1000.0 29540720.0
15200.0 0.0 0.0 20.0 89417314.0 931455.0 0.0 60220000.0 134.0 2.0 1000.0 30091231.0
15300.0 0.0 0.0 20.0 88945217.0 854431.0 0.0 60220000.0 132.0 2.0 1000.0 30640352.0
15400.0 1.0 0.0 22.0 88474207.0 778319.0 0.0 60220000.0 140.0 2.0 1000.0 31187474.0
15500.0 0.0 1.0 23.0 87966423.0 658783.0 0.0 60220000.0 142.0 2.0 1000.0 31814794.0
15600.0 0.0 1.0 22.0 87463835.0 574877.0 0.0 60220000.0 139.0 2.0 1000.0 32401288.0
15700.0 0.0 1.0 22.0 86973136.0 494685.0 0.0 60220000.0 135.0 2.0 1000.0 32972179.0
15800.0 0.0 1.0 22.0 86493134.0 417546.0 0.0 60220000.0 132.0 2.0 1000.0 33529320.0
15900.0 0.0 1.0 22.0 86025948.0 345596.0 0.0 60220000.0 131.0 2.0 1000.0 34068456.0
16000.0 0.0 1.0 22.0 85558999.0 290906.0 0.0 60220000.0 128.0 2.0 1000.0 34590095.0
16100.0 0.0 1.0 21.0 85110238.0 250876.0 0.0 60220000.0 124.0 2.0 1000.0 35078886.0
16200.0 0.0 1.0 21.0 84672032.0 224174.0 0.0 60220000.0 121.0 2.0 1000.0 35543794.0
16300.0 0.0 1.0 20.0 84245381.0 215431.0 0.0 60220000.0 118.0 2.0 1000.0 35979188.0
16400.0 0.0 1.0 20.0 83833778.0 200365.0 0.0 60220000.0 113.0 2.0 1000.0 36405857.0
16500.0 0.0 1.0 19.0 83432178.0 196859.0 0.0 60220000.0 111.0 2.0 1000.0 36810963.0
16600.0 0.0 1.0 19.0 83042335.0 189162.0 0.0 60220000.0 108.0 2.0 1000.0 37208503.0
16700.0 0.0 1.0 19.0 82659147.0 180861.0 0.0 60220000.0 107.0 2.0 1000.0 37599992.0
16800.0 0.0 1.0 19.0 82280044.0 173431.0 0.0 60220000.0 103.0 2.0 1000.0 37986525.0
16900.0 0.0 1.0 19.0 81920514.0 155586.0 0.0 60220000.0 99.0 2.0 1000.0 38363900.0
17000.0 0.0 1.0 18.0 81569215.0 154467.0 0.0 60220000.0 98.0 2.0 1000.0 38716318.0
17100.0 0.0 1.0 17.0 81223563.0 162635.0 0.0 60220000.0 96.0 2.0 1000.0 39053802.0
17200.0 0.0 1.0 17.0 80880077.0 168728.0 0.0 60220000.0 96.0 2.0 1000.0 39391195.0
17300.0 0.0 1.0 17.0 80548259.0 162208.0 0.0 60220000.0 92.0 2.0 1000.0 39729533.0
17400.0 0.0 1.0 17.0 80221181.0 156191.0 0.0 60220000.0 91.0 2.0 1000.0 40062628.0
17500.0 0.0 1.0 17.0 79897966.0 150296.0 0.0 60220000.0 90.0 2.0 1000.0 40391738.0
17600.0 0.0 1.0 17.0 79579489.0 144654.0 0.0 60220000.0 88.0 2.0 1000.0 40715857.0
17700.0 0.0 1.0 17.0 79269822.0 135601.0 0.0 60220000.0 86.0 2.0 1000.0 41034577.0
17800.0 1.0 0.0 18.0 78961212.0 131060.0 0.0 60220000.0 89.0 2.0 1000.0 41347728.0
17900.0 1.0 2.0 20.0 78604948.0 139942.0 0.0 60220000.0 116.0 2.0 1000.0 41695110.0
18000.0 1.0 0.0 25.0 78131825.0 175338.0 0.0 60220000.0 146.0 2.0 1000.0 42132837.0
18100.0 0.0 0.0 25.0 77612522.0 184813.0 0.0 60220000.0 145.0 2.0 1000.0 42642665.0
18200.0 0.0 0.0 25.0 77099089.0 183056.0 0.0 60220000.0 143.0 2.0 1000.0 43157855.0
18300.0 0.0 0.0 24.0 76592786.0 189692.0 0.0 60220000.0 139.0 2.0 1000.0 43657522.0
18400.0 0.0 0.0 22.0 76101163.0 207561.0 0.0 60220000.0 137.0 2.0 1000.0 44131276.0
18500.0 0.0 0.0 22.0 75627288.0 209874.0 0.0 60220000.0 131.0 2.0 1000.0 44602838.0
18600.0 0.0 0.0 22.0 75164235.0 203738.0 0.0 60220000.0 129.0 2.0 1000.0 45072027.0
18700.0 0.0 0.0 22.0 74706136.0 197024.0 0.0 60220000.0 127.0 2.0 1000.0 45536840.0
18800.0 0.0 0.0 22.0 74257533.0 186847.0 0.0 60220000.0 123.0 2.0 1000.0 45995620.0
18900.0 0.0 0.0 22.0 73821154.0 174504.0 0.0 60220000.0 122.0 2.0 1000.0 46444342.0
19000.0 0.0 0.0 22.0 73388029.0 166745.0 0.0 60220000.0 121.0 2.0 1000.0 46885226.0
19100.0 0.0 0.0 22.0 72961956.0 158135.0 0.0 60220000.0 119.0 2.0 1000.0 47319909.0
19200.0 0.0 0.0 22.0 72540892.0 151533.0 0.0 60220000.0 117.0 2.0 1000.0 47747575.0
19300.0 0.0 0.0 20.0 72126530.0 160411.0 0.0 60220000.0 116.0 2.0 1000.0 48153059.0
19400.0 0.0 0.0 20.0 71721088.0 168259.0 0.0 60220000.0 113.0 2.0 1000.0 48550653.0
19500.0 0.0 0.0 20.0 71321065.0 168064.0 0.0 60220000.0 112.0 2.0 1000.0 48950871.0
19600.0 0.0 0.0 20.0 70926385.0 164309.0 0.0 60220000.0 110.0 2.0 1000.0 49349306.0
19700.0 0.0 0.0 20.0 70533979.0 160971.0 0.0 60220000.0 110.0 2.0 1000.0 49745050.0
19800.0 0.0 0.0 20.0 70140804.0 160945.0 0.0 60220000.0 109.0 2.0 1000.0 50138251.0
19900.0 0.0 0.0 19.0 69764055.0 158350.0 0.0 60220000.0 104.0 2.0 1000.0 50517595.0
