time rna_M monomer_betaGal protein_betaGal Lactose_external Lactose_internal Glucose_external Glucose_internal protein_Lactose_Permease dna_Lac_Operon Biomass Lactose_consumed
0.0 0.0 0.0 0.0 120440000.0 0.0 60220000.0 0.0 0.0 2.0 1000.0 0.0
100.0 0.0 0.0 0.0 120440000.0 0.0 30125919.0 30094081.0 0.0 2.0 1000.0 0.0
200.0 0.0 0.0 0.0 120440000.0 0.0 80159.0 60139841.0 0.0 2.0 1000.0 0.0
300.0 0.0 0.0 0.0 120440000.0 0.0 0.0 60220000.0 0.0 2.0 1000.0 0.0
400.0 0.0 0.0 0.0 120440000.0 0.0 0.0 60220000.0 0.0 2.0 1000.0 0.0
500.0 0.0 0.0 0.0 120440000.0 0.0 0.0 60220000.0 0.0 2.0 1000.0 0.0
600.0 0.0 0.0 0.0 120440000.0 0.0 0.0 60220000.0 0.0 2.0 1000.0 0.0
700.0 0.0 0.0 0.0 120440000.0 0.0 0.0 60220000.0 0.0 2.0 1000.0 0.0
800.0 0.0 0.0 0.0 120440000.0 0.0 0.0 60220000.0 0.0 2.0 1000.0 0.0
900.0 0.0 0.0 0.0 120440000.0 0.0 0.0 60220000.0 0.0 2.0 1000.0 0.0
1000.0 0.0 0.0 0.0 120440000.0 0.0 0.0 60220000.0 0.0 2.0 1000.0 0.0
1100.0 0.0 0.0 0.0 120440000.0 0.0 0.0 60220000.0 0.0 2.0 1000.0 0.0
1200.0 0.0 0.0 0.0 120440000.0 0.0 0.0 60220000.0 0.0 2.0 1000.0 0.0
1300.0 0.0 0.0 0.0 120440000.0 0.0 0.0 60220000.0 0.0 2.0 1000.0 0.0
1400.0 0.0 0.0 0.0 120440000.0 0.0 0.0 60220000.0 0.0 2.0 1000.0 0.0
1500.0 0.0 0.0 0.0 120440000.0 0.0 0.0 60220000.0 0.0 2.0 1000.0 0.0
1600.0 0.0 0.0 0.0 120440000.0 0.0 0.0 60220000.0 0.0 2.0 1000.0 0.0
1700.0 0.0 0.0 0.0 120440000.0 0.0 0.0 60220000.0 0.0 2.0 1000.0 0.0
1800.0 0.0 0.0 0.0 120440000.0 0.0 0.0 60220000.0 0.0 2.0 1000.0 0.0
1900.0 0.0 0.0 0.0 120440000.0 0.0 0.0 60220000.0 0.0 2.0 1000.0 0.0
2000.0 0.0 0.0 0.0 120440000.0 0.0 0.0 60220000.0 0.0 2.0 1000.0 0.0
2100.0 0.0 0.0 0.0 120440000.0 0.0 0.0 60220000.0 0.0 2.0 1000.0 0.0
2200.0 0.0 0.0 0.0 120440000.0 0.0 0.0 60220000.0 0.0 2.0 1000.0 0.0
2300.0 0.0 0.0 0.0 120440000.0 0.0 0.0 60220000.0 0.0 2.0 1000.0 0.0
2400.0 0.0 0.0 0.0 120440000.0 0.0 0.0 60220000.0 0.0 2.0 1000.0 0.0
2500.0 0.0 0.0 0.0 120440000.0 0.0 0.0 60220000.0 0.0 2.0 1000.0 0.0
2600.0 0.0 0.0 0.0 120440000.0 0.0 0.0 60220000.0 0.0 2.0 1000.0 0.0
2700.0 0.0 0.0 0.0 120440000.0 0.0 0.0 60220000.0 0.0 2.0 1000.0 0.0
2800.0 0.0 0.0 0.0 120440000.0 0.0 0.0 60220000.0 0.0 2.0 1000.0 0.0
2900.0 0.0 0.0 0.0 120440000.0 0.0 0.0 60220000.0 0.0 2.0 1000.0 0.0
3000.0 0.0 0.0 0.0 120440000.0 0.0 0.0 60220000.0 0.0 2.0 1000.0 0.0
3100.0 0.0 0.0 0.0 120440000.0 0.0 0.0 60220000.0 0.0 2.0 1000.0 0.0
3200.0 0.0 0.0 0.0 120440000.0 0.0 0.0 60220000.0 0.0 2.0 1000.0 0.0
3300.0 0.0 0.0 0.0 120440000.0 0.0 0.0 60220000.0 0.0 2.0 1000.0 0.0
3400.0 0.0 0.0 0.0 120440000.0 0.0 0.0 60220000.0 0.0 2.0 1000.0 0.0
3500.0 0.0 0.0 0.0 120440000.0 0.0 0.0 60220000.0 0.0 2.0 1000.0 0.0
3600.0 0.0 0.0 0.0 120440000.0 0.0 0.0 60220000.0 0.0 2.0 1000.0 0.0
3700.0 0.0 0.0 0.0 120440000.0 0.0 0.0 60220000.0 0.0 2.0 1000.0 0.0
3800.0 0.0 0.0 0.0 120440000.0 0.0 0.0 60220000.0 0.0 2.0 1000.0 0.0
3900.0 0.0 0.0 0.0 120440000.0 0.0 0.0 60220000.0 0.0 2.0 1000.0 0.0
4000.0 0.0 0.0 0.0 120440000.0 0.0 0.0 60220000.0 0.0 2.0 1000.0 0.0
4100.0 1.0 0.0 1.0 120431491.0 8442.0 0.0 60220000.0 13.0 2.0 1000.0 67.0
4200.0 0.0 2.0 1.0 120353223.0 77479.0 0.0 60220000.0 24.0 2.0 1000.0 9298.0
4300.0 0.0 2.0 1.0 120267151.0 146358.0 0.0 60220000.0 24.0 2.0 1000.0 26491.0
4400.0 0.0 2.0 1.0 120183507.0 209616.0 0.0 60220000.0 23.0 2.0 1000.0 46877.0
4500.0 0.0 2.0 1.0 120102142.0 268855.0 0.0 60220000.0 22.0 2.0 1000.0 69003.0
4600.0 0.0 2.0 1.0 120023833.0 323774.0 0.0 60220000.0 22.0 2.0 1000.0 92393.0
4700.0 0.0 2.0 1.0 119944845.0 378719.0 0.0 60220000.0 22.0 2.0 1000.0 116436.0
4800.0 0.0 2.0 1.0 119866528.0 431998.0 0.0 60220000.0 22.0 2.0 1000.0 141474.0
4900.0 0.0 2.0 1.0 119791362.0 481845.0 0.0 60220000.0 21.0 2.0 1000.0 166793.0
5000.0 0.0 2.0 1.0 119716063.0 531418.0 0.0 60220000.0 21.0 2.0 1000.0 192519.0
5100.0 0.0 2.0 1.0 119641534.0 579692.0 0.0 60220000.0 21.0 2.0 1000.0 218774.0
5200.0 0.0 2.0 1.0 119566727.0 628176.0 0.0 60220000.0 21.0 2.0 1000.0 245097.0
5300.0 0.0 2.0 1.0 119494309.0 674096.0 0.0 60220000.0 20.0 2.0 1000.0 271595.0
5400.0 0.0 2.0 1.0 119424512.0 717471.0 0.0 60220000.0 19.0 2.0 1000.0 298017.0
5500.0 0.0 2.0 1.0 119357971.0 757003.0 0.0 60220000.0 18.0 2.0 1000.0 325026.0
5600.0 0.0 2.0 1.0 119294631.0 792810.0 0.0 60220000.0 17.0 2.0 1000.0 352559.0
5700.0 0.0 2.0 1.0 119234182.0 825944.0 0.0 60220000.0 17.0 2.0 1000.0 379874.0
5800.0 0.0 2.0 1.0 119175525.0 857169.0 0.0 60220000.0 16.0 2.0 1000.0 407306.0
5900.0 0.0 2.0 1.0 119120384.0 884884.0 0.0 60220000.0 15.0 2.0 1000.0 434732.0
6000.0 0.0 2.0 1.0 119066572.0 911244.0 0.0 60220000.0 15.0 2.0 1000.0 462184.0
6100.0 0.0 2.0 1.0 119012395.0 938106.0 0.0 60220000.0 15.0 2.0 1000.0 489499.0
6200.0 0.0 2.0 1.0 118959178.0 963832.0 0.0 60220000.0 15.0 2.0 1000.0 516990.0
6300.0 0.0 2.0 1.0 118906567.0 988896.0 0.0 60220000.0 14.0 2.0 1000.0 544537.0
6400.0 0.0 2.0 1.0 118856699.0 1011059.0 0.0 60220000.0 14.0 2.0 1000.0 572242.0
6500.0 0.0 2.0 1.0 118809359.0 1030808.0 0.0 60220000.0 13.0 2.0 1000.0 599833.0
6600.0 0.0 2.0 1.0 118763046.0 1049210.0 0.0 60220000.0 13.0 2.0 1000.0 627744.0
6700.0 0.0 2.0 1.0 118716651.0 1067550.0 0.0 60220000.0 13.0 2.0 1000.0 655799.0
6800.0 0.0 2.0 1.0 118670233.0 1086328.0 0.0 60220000.0 13.0 2.0 1000.0 683439.0
6900.0 0.0 2.0 1.0 118623431.0 1105345.0 0.0 60220000.0 13.0 2.0 1000.0 711224.0
7000.0 0.0 2.0 1.0 118577184.0 1124022.0 0.0 60220000.0 13.0 2.0 1000.0 738794.0
7100.0 0.0 2.0 1.0 118530884.0 1142321.0 0.0 60220000.0 13.0 2.0 1000.0 766795.0
7200.0 0.0 2.0 1.0 118484651.0 1160695.0 0.0 60220000.0 13.0 2.0 1000.0 794654.0
7300.0 0.0 2.0 1.0 118438720.0 1178739.0 0.0 60220000.0 13.0 2.0 1000.0 822541.0
7400.0 0.0 2.0 1.0 118395984.0 1193613.0 0.0 60220000.0 11.0 2.0 1000.0 850403.0
7500.0 0.0 2.0 1.0 118357036.0 1204815.0 0.0 60220000.0 11.0 2.0 1000.0 878149.0
7600.0 0.0 2.0 1.0 118317660.0 1215973.0 0.0 60220000.0 11.0 2.0 1000.0 906367.0
7700.0 0.0 2.0 1.0 118278207.0 1227350.0 0.0 60220000.0 11.0 2.0 1000.0 934443.0
7800.0 0.0 2.0 1.0 118238964.0 1238286.0 0.0 60220000.0 11.0 2.0 1000.0 962750.0
7900.0 0.0 2.0 1.0 118199749.0 1249781.0 0.0 60220000.0 11.0 2.0 1000.0 990470.0
8000.0 0.0 2.0 1.0 118160834.0 1260725.0 0.0 60220000.0 11.0 2.0 1000.0 1018441.0
8100.0 1.0 1.0 3.0 118118027.0 1261496.0 0.0 60220000.0 16.0 2.0 1000.0 1060477.0
8200.0 1.0 0.0 8.0 117994422.0 1225989.0 0.0 60220000.0 50.0 2.0 1000.0 1219589.0
8300.0 0.0 1.0 8.0 117819568.0 1176275.0 0.0 60220000.0 47.0 2.0 1000.0 1444157.0
8400.0 0.0 1.0 8.0 117652939.0 1118892.0 0.0 60220000.0 46.0 2.0 1000.0 1668169.0
8500.0 0.0 1.0 7.0 117489297.0 1083582.0 0.0 60220000.0 46.0 2.0 1000.0 1867121.0
8600.0 0.0 1.0 7.0 117325468.0 1053201.0 0.0 60220000.0 46.0 2.0 1000.0 2061331.0
8700.0 0.0 1.0 7.0 117161247.0 1023453.0 0.0 60220000.0 46.0 2.0 1000.0 2255300.0
8800.0 0.0 1.0 7.0 116999114.0 991673.0 0.0 60220000.0 45.0 2.0 1000.0 2449213.0
8900.0 0.0 1.0 7.0 116846826.0 950383.0 0.0 60220000.0 41.0 2.0 1000.0 2642791.0
9000.0 0.0 1.0 7.0 116703191.0 901830.0 0.0 60220000.0 40.0 2.0 1000.0 2834979.0
9100.0 0.0 1.0 7.0 116561386.0 852404.0 0.0 60220000.0 40.0 2.0 1000.0 3026210.0
9200.0 0.0 1.0 7.0 116419670.0 803457.0 0.0 60220000.0 39.0 2.0 1000.0 3216873.0
9300.0 0.0 1.0 7.0 116286228.0 747062.0 0.0 60220000.0 37.0 2.0 1000.0 3406710.0
9400.0 0.0 1.0 7.0 116157831.0 687774.0 0.0 60220000.0 35.0 2.0 1000.0 3594395.0
9500.0 0.0 1.0 7.0 116034185.0 625114.0 0.0 60220000.0 33.0 2.0 1000.0 3780701.0
9600.0 0.0 1.0 7.0 115916195.0 559300.0 0.0 60220000.0 33.0 2.0 1000.0 3964505.0
9700.0 0.0 1.0 7.0 115802132.0 491984.0 0.0 60220000.0 31.0 2.0 1000.0 4145884.0
9800.0 0.0 1.0 7.0 115692400.0 424250.0 0.0 60220000.0 30.0 2.0 1000.0 4323350.0
9900.0 0.0 1.0 7.0 115587145.0 356945.0 0.0 60220000.0 29.0 2.0 1000.0 4495910.0
10000.0 0.0 1.0 7.0 115486216.0 290935.0 0.0 60220000.0 28.0 2.0 1000.0 4662849.0
10100.0 0.0 1.0 7.0 115385897.0 232626.0 0.0 60220000.0 28.0 2.0 1000.0 4821477.0
10200.0 1.0 3.0 8.0 115280635.0 183291.0 0.0 60220000.0 37.0 2.0 1000.0 4976074.0
10300.0 0.0 2.0 10.0 115130700.0 140310.0 0.0 60220000.0 43.0 2.0 1000.0 5168990.0
10400.0 0.0 2.0 10.0 114976791.0 114550.0 0.0 60220000.0 43.0 2.0 1000.0 5348659.0
10500.0 0.0 2.0 9.0 114825920.0 98973.0 0.0 60220000.0 41.0 2.0 1000.0 5515107.0
10600.0 0.0 2.0 9.0 114679384.0 99485.0 0.0 60220000.0 41.0 2.0 1000.0 5661131.0
10700.0 0.0 2.0 9.0 114532826.0 99337.0 0.0 60220000.0 41.0 2.0 1000.0 5807837.0
10800.0 0.0 2.0 8.0 114385833.0 107502.0 0.0 60220000.0 41.0 2.0 1000.0 5946665.0
10900.0 0.0 2.0 8.0 114241954.0 114292.0 0.0 60220000.0 40.0 2.0 1000.0 6083754.0
11000.0 0.0 2.0 7.0 114105743.0 125841.0 0.0 60220000.0 38.0 2.0 1000.0 6208416.0
11100.0 0.0 2.0 7.0 113970133.0 133526.0 0.0 60220000.0 38.0 2.0 1000.0 6336341.0
11200.0 0.0 2.0 7.0 113837748.0 136302.0 0.0 60220000.0 35.0 2.0 1000.0 6465950.0
11300.0 0.0 2.0 6.0 113712043.0 134691.0 0.0 60220000.0 35.0 2.0 1000.0 6593266.0
11400.0 0.0 2.0 6.0 113586907.0 147257.0 0.0 60220000.0 35.0 2.0 1000.0 6705836.0
11500.0 0.0 2.0 6.0 113462598.0 155651.0 0.0 60220000.0 34.0 2.0 1000.0 6821751.0
11600.0 0.0 2.0 5.0 113340999.0 168089.0 0.0 60220000.0 33.0 2.0 1000.0 6930912.0
11700.0 0.0 2.0 5.0 113223236.0 184043.0 0.0 60220000.0 33.0 2.0 1000.0 7032721.0
11800.0 0.0 2.0 5.0 113105210.0 197927.0 0.0 60220000.0 33.0 2.0 1000.0 7136863.0
11900.0 0.0 2.0 5.0 112987216.0 210487.0 0.0 60220000.0 33.0 2.0 1000.0 7242297.0
12000.0 0.0 2.0 5.0 112869165.0 220085.0 0.0 60220000.0 33.0 2.0 1000.0 7350750.0
12100.0 0.0 2.0 4.0 112752461.0 230921.0 0.0 60220000.0 32.0 2.0 1000.0 7456618.0
12200.0 0.0 2.0 4.0 112638242.0 255750.0 0.0 60220000.0 32.0 2.0 1000.0 7546008.0
12300.0 0.0 2.0 4.0 112526762.0 275895.0 0.0 60220000.0 31.0 2.0 1000.0 7637343.0
12400.0 0.0 2.0 4.0 112418901.0 291589.0 0.0 60220000.0 30.0 2.0 1000.0 7729510.0
12500.0 0.0 2.0 4.0 112311312.0 305687.0 0.0 60220000.0 30.0 2.0 1000.0 7823001.0
12600.0 0.0 2.0 4.0 112205177.0 317199.0 0.0 60220000.0 29.0 2.0 1000.0 7917624.0
12700.0 0.0 2.0 4.0 112102577.0 324883.0 0.0 60220000.0 28.0 2.0 1000.0 8012540.0
12800.0 0.0 2.0 4.0 112006158.0 326499.0 0.0 60220000.0 26.0 2.0 1000.0 8107343.0
12900.0 0.0 2.0 4.0 111913372.0 324667.0 0.0 60220000.0 25.0 2.0 1000.0 8201961.0
13000.0 0.0 2.0 4.0 111824773.0 318216.0 0.0 60220000.0 25.0 2.0 1000.0 8297011.0
13100.0 0.0 2.0 3.0 111740805.0 330551.0 0.0 60220000.0 23.0 2.0 1000.0 8368644.0
13200.0 0.0 2.0 3.0 111658533.0 340587.0 0.0 60220000.0 23.0 2.0 1000.0 8440880.0
13300.0 0.0 2.0 3.0 111576291.0 350700.0 0.0 60220000.0 23.0 2.0 1000.0 8513009.0
13400.0 0.0 2.0 3.0 111494344.0 359952.0 0.0 60220000.0 23.0 2.0 1000.0 8585704.0
13500.0 0.0 2.0 3.0 111411545.0 369712.0 0.0 60220000.0 23.0 2.0 1000.0 8658743.0
13600.0 0.0 2.0 3.0 111329150.0 378766.0 0.0 60220000.0 23.0 2.0 1000.0 8732084.0
13700.0 0.0 2.0 3.0 111246955.0 387384.0 0.0 60220000.0 23.0 2.0 1000.0 8805661.0
13800.0 0.0 2.0 3.0 111164647.0 395004.0 0.0 60220000.0 22.0 2.0 1000.0 8880349.0
13900.0 0.0 2.0 3.0 111086597.0 398528.0 0.0 60220000.0 22.0 2.0 1000.0 8954875.0
14000.0 0.0 2.0 3.0 111008097.0 402855.0 0.0 60220000.0 22.0 2.0 1000.0 9029048.0
14100.0 0.0 2.0 3.0 110929469.0 407110.0 0.0 60220000.0 22.0 2.0 1000.0 9103421.0
14200.0 0.0 2.0 3.0 110850707.0 411290.0 0.0 60220000.0 22.0 2.0 1000.0 9178003.0
14300.0 0.0 2.0 2.0 110772081.0 419637.0 0.0 60220000.0 22.0 2.0 1000.0 9248282.0
14400.0 0.0 2.0 2.0 110694031.0 447492.0 0.0 60220000.0 22.0 2.0 1000.0 9298477.0
14500.0 0.0 2.0 2.0 110617462.0 473186.0 0.0 60220000.0 21.0 2.0 1000.0 9349352.0
14600.0 0.0 2.0 2.0 110542626.0 496775.0 0.0 60220000.0 21.0 2.0 1000.0 9400599.0
14700.0 0.0 2.0 2.0 110467273.0 520833.0 0.0 60220000.0 21.0 2.0 1000.0 9451894.0
14800.0 0.0 2.0 2.0 110395284.0 541055.0 0.0 60220000.0 20.0 2.0 1000.0 9503661.0
14900.0 0.0 2.0 2.0 110327953.0 556522.0 0.0 60220000.0 19.0 2.0 1000.0 9555525.0
15000.0 0.0 2.0 2.0 110262240.0 569779.0 0.0 60220000.0 18.0 2.0 1000.0 9607981.0
15100.0 0.0 2.0 2.0 110197860.0 581615.0 0.0 60220000.0 18.0 2.0 1000.0 9660525.0
15200.0 0.0 2.0 2.0 110133545.0 593106.0 0.0 60220000.0 18.0 2.0 1000.0 9713349.0
15300.0 0.0 2.0 2.0 110071575.0 602738.0 0.0 60220000.0 16.0 2.0 1000.0 9765687.0
15400.0 0.0 2.0 2.0 110014454.0 607416.0 0.0 60220000.0 16.0 2.0 1000.0 9818130.0
15500.0 0.0 2.0 2.0 109957641.0 611634.0 0.0 60220000.0 14.0 2.0 1000.0 9870725.0
15600.0 0.0 2.0 2.0 109907688.0 608596.0 0.0 60220000.0 14.0 2.0 1000.0 9923716.0
15700.0 0.0 2.0 2.0 109861000.0 602527.0 0.0 60220000.0 13.0 2.0 1000.0 9976473.0
15800.0 0.0 2.0 2.0 109814772.0 595977.0 0.0 60220000.0 13.0 2.0 1000.0 10029251.0
15900.0 0.0 2.0 2.0 109768047.0 590016.0 0.0 60220000.0 13.0 2.0 1000.0 10081937.0
16000.0 0.0 2.0 2.0 109721944.0 583552.0 0.0 60220000.0 13.0 2.0 1000.0 10134504.0
16100.0 0.0 2.0 2.0 109675869.0 576945.0 0.0 60220000.0 13.0 2.0 1000.0 10187186.0
16200.0 0.0 2.0 2.0 109629377.0 570581.0 0.0 60220000.0 13.0 2.0 1000.0 10240042.0
16300.0 0.0 2.0 2.0 109582999.0 564976.0 0.0 60220000.0 13.0 2.0 1000.0 10292025.0
16400.0 0.0 2.0 2.0 109536710.0 559161.0 0.0 60220000.0 13.0 2.0 1000.0 10344129.0
16500.0 0.0 2.0 2.0 109490235.0 553693.0 0.0 60220000.0 13.0 2.0 1000.0 10396072.0
16600.0 0.0 2.0 2.0 109443469.0 548666.0 0.0 60220000.0 13.0 2.0 1000.0 10447865.0
16700.0 0.0 2.0 2.0 109398968.0 541423.0 0.0 60220000.0 12.0 2.0 1000.0 10499609.0
16800.0 0.0 2.0 2.0 109355961.0 532592.0 0.0 60220000.0 12.0 2.0 1000.0 10551447.0
16900.0 0.0 2.0 2.0 109312581.0 524224.0 0.0 60220000.0 12.0 2.0 1000.0 10603195.0
17000.0 0.0 2.0 2.0 109269510.0 515917.0 0.0 60220000.0 12.0 2.0 1000.0 10654573.0
17100.0 0.0 2.0 2.0 109229521.0 504793.0 0.0 60220000.0 11.0 2.0 1000.0 10705686.0
17200.0 0.0 2.0 2.0 109190659.0 492172.0 0.0 60220000.0 11.0 2.0 1000.0 10757169.0
17300.0 0.0 2.0 2.0 109151188.0 480367.0 0.0 60220000.0 11.0 2.0 1000.0 10808445.0
17400.0 0.0 2.0 2.0 109111803.0 468938.0 0.0 60220000.0 11.0 2.0 1000.0 10859259.0
17500.0 0.0 2.0 2.0 109072460.0 456837.0 0.0 60220000.0 11.0 2.0 1000.0 10910703.0
17600.0 1.0 2.0 2.0 109033351.0 445243.0 0.0 60220000.0 12.0 2.0 1000.0 10961406.0
17700.0 1.0 3.0 5.0 108951301.0 423887.0 0.0 60220000.0 39.0 2.0 1000.0 11064812.0
17800.0 0.0 3.0 7.0 108771795.0 434121.0 0.0 60220000.0 56.0 2.0 1000.0 11234084.0
17900.0 0.0 3.0 7.0 108573677.0 455982.0 0.0 60220000.0 55.0 2.0 1000.0 11410341.0
18000.0 0.0 3.0 6.0 108377433.0 477840.0 0.0 60220000.0 55.0 2.0 1000.0 11584727.0
18100.0 0.0 3.0 6.0 108183766.0 516531.0 0.0 60220000.0 54.0 2.0 1000.0 11739703.0
18200.0 0.0 3.0 6.0 107996665.0 547671.0 0.0 60220000.0 52.0 2.0 1000.0 11895664.0
18300.0 0.0 3.0 6.0 107811786.0 575239.0 0.0 60220000.0 51.0 2.0 1000.0 12052975.0
18400.0 0.0 3.0 6.0 107629876.0 599303.0 0.0 60220000.0 51.0 2.0 1000.0 12210821.0
18500.0 0.0 3.0 6.0 107447767.0 624026.0 0.0 60220000.0 51.0 2.0 1000.0 12368207.0
18600.0 0.0 3.0 6.0 107270486.0 642246.0 0.0 60220000.0 49.0 2.0 1000.0 12527268.0
18700.0 0.0 3.0 6.0 107096001.0 657224.0 0.0 60220000.0 49.0 2.0 1000.0 12686775.0
18800.0 0.0 3.0 6.0 106926508.0 666980.0 0.0 60220000.0 47.0 2.0 1000.0 12846512.0
18900.0 0.0 3.0 5.0 106758731.0 688878.0 0.0 60220000.0 47.0 2.0 1000.0 12992391.0
19000.0 0.0 3.0 5.0 106590332.0 723951.0 0.0 60220000.0 47.0 2.0 1000.0 13125717.0
19100.0 0.0 3.0 5.0 106424577.0 755498.0 0.0 60220000.0 46.0 2.0 1000.0 13259925.0
19200.0 0.0 3.0 5.0 106260544.0 784248.0 0.0 60220000.0 45.0 2.0 1000.0 13395208.0
19300.0 0.0 3.0 5.0 106100345.0 809123.0 0.0 60220000.0 45.0 2.0 1000.0 13530532.0
19400.0 0.0 3.0 4.0 105940107.0 836793.0 0.0 60220000.0 45.0 2.0 1000.0 13663100.0
19500.0 0.0 3.0 4.0 105780526.0 887692.0 0.0 60220000.0 44.0 2.0 1000.0 13771782.0
19600.0 0.0 3.0 4.0 105627069.0 930968.0 0.0 60220000.0 43.0 2.0 1000.0 13881963.0
19700.0 0.0 3.0 4.0 105474229.0 973572.0 0.0 60220000.0 43.0 2.0 1000.0 13992199.0
19800.0 0.0 3.0 4.0 105320239.0 1016379.0 0.0 60220000.0 43.0 2.0 1000.0 14103382.0
19900.0 0.0 3.0 4.0 105166618.0 1058666.0 0.0 60220000.0 43.0 2.0 1000.0 14214716.0
