time rna_M monomer_betaGal protein_betaGal Lactose_external Lactose_internal Glucose_external Glucose_internal protein_Lactose_Permease dna_Lac_Operon Biomass Lactose_consumed
0.0 0.0 0.0 0.0 120440000.0 0.0 60220000.0 0.0 0.0 2.0 1000.0 0.0
100.0 0.0 0.0 0.0 120440000.0 0.0 30134831.0 30085169.0 0.0 2.0 1000.0 0.0
200.0 0.0 0.0 0.0 120440000.0 0.0 86379.0 60133621.0 0.0 2.0 1000.0 0.0
300.0 0.0 0.0 0.0 120440000.0 0.0 0.0 60220000.0 0.0 2.0 1000.0 0.0
400.0 0.0 0.0 0.0 120440000.0 0.0 0.0 60220000.0 0.0 2.0 1000.0 0.0
500.0 0.0 0.0 0.0 120440000.0 0.0 0.0 60220000.0 0.0 2.0 1000.0 0.0
600.0 0.0 0.0 0.0 120440000.0 0.0 0.0 60220000.0 0.0 2.0 1000.0 0.0
700.0 0.0 0.0 0.0 120440000.0 0.0 0.0 60220000.0 0.0 2.0 1000.0 0.0
800.0 0.0 0.0 0.0 120440000.0 0.0 0.0 60220000.0 0.0 2.0 1000.0 0.0
900.0 0.0 0.0 0.0 120427831.0 12169.0 0.0 60220000.0 6.0 2.0 1000.0 0.0
1000.0 0.0 0.0 0.0 120406239.0 33761.0 0.0 60220000.0 6.0 2.0 1000.0 0.0
1100.0 0.0 0.0 0.0 120384873.0 55127.0 0.0 60220000.0 6.0 2.0 1000.0 0.0
1200.0 0.0 0.0 0.0 120363440.0 76560.0 0.0 60220000.0 6.0 2.0 1000.0 0.0
1300.0 0.0 0.0 0.0 120341994.0 98006.0 0.0 60220000.0 6.0 2.0 1000.0 0.0
1400.0 0.0 0.0 0.0 120320615.0 119385.0 0.0 60220000.0 6.0 2.0 1000.0 0.0
1500.0 0.0 0.0 0.0 120299364.0 140636.0 0.0 60220000.0 6.0 2.0 1000.0 0.0
1600.0 0.0 0.0 0.0 120277802.0 162198.0 0.0 60220000.0 6.0 2.0 1000.0 0.0
1700.0 0.0 0.0 0.0 120259756.0 180244.0 0.0 60220000.0 5.0 2.0 1000.0 0.0
1800.0 0.0 0.0 0.0 120241755.0 198245.0 0.0 60220000.0 5.0 2.0 1000.0 0.0
1900.0 0.0 0.0 0.0 120223697.0 216303.0 0.0 60220000.0 5.0 2.0 1000.0 0.0
2000.0 0.0 0.0 0.0 120205780.0 234220.0 0.0 60220000.0 5.0 2.0 1000.0 0.0
2100.0 0.0 0.0 0.0 120187873.0 252127.0 0.0 60220000.0 5.0 2.0 1000.0 0.0
2200.0 0.0 0.0 0.0 120170207.0 269793.0 0.0 60220000.0 5.0 2.0 1000.0 0.0
2300.0 0.0 0.0 0.0 120152691.0 287309.0 0.0 60220000.0 5.0 2.0 1000.0 0.0
2400.0 0.0 0.0 0.0 120134894.0 305106.0 0.0 60220000.0 5.0 2.0 1000.0 0.0
2500.0 0.0 0.0 0.0 120117312.0 322688.0 0.0 60220000.0 5.0 2.0 1000.0 0.0
2600.0 0.0 0.0 0.0 120099840.0 340160.0 0.0 60220000.0 4.0 2.0 1000.0 0.0
2700.0 0.0 0.0 0.0 120085552.0 354448.0 0.0 60220000.0 4.0 2.0 1000.0 0.0
2800.0 0.0 0.0 0.0 120071301.0 368699.0 0.0 60220000.0 4.0 2.0 1000.0 0.0
2900.0 0.0 0.0 0.0 120057079.0 382921.0 0.0 60220000.0 4.0 2.0 1000.0 0.0
3000.0 0.0 0.0 0.0 120042781.0 397219.0 0.0 60220000.0 4.0 2.0 1000.0 0.0
3100.0 0.0 0.0 0.0 120028435.0 411565.0 0.0 60220000.0 4.0 2.0 1000.0 0.0
3200.0 0.0 0.0 0.0 120013798.0 426202.0 0.0 60220000.0 4.0 2.0 1000.0 0.0
3300.0 0.0 0.0 0.0 119999317.0 440683.0 0.0 60220000.0 4.0 2.0 1000.0 0.0
3400.0 0.0 0.0 0.0 119984974.0 455026.0 0.0 60220000.0 4.0 2.0 1000.0 0.0
3500.0 0.0 0.0 0.0 119970607.0 469393.0 0.0 60220000.0 4.0 2.0 1000.0 0.0
3600.0 0.0 0.0 0.0 119956454.0 483546.0 0.0 60220000.0 4.0 2.0 1000.0 0.0
3700.0 0.0 0.0 0.0 119942032.0 497968.0 0.0 60220000.0 4.0 2.0 1000.0 0.0
3800.0 0.0 0.0 0.0 119927967.0 512033.0 0.0 60220000.0 4.0 2.0 1000.0 0.0
3900.0 0.0 0.0 0.0 119913458.0 526542.0 0.0 60220000.0 4.0 2.0 1000.0 0.0
4000.0 0.0 0.0 0.0 119899088.0 540912.0 0.0 60220000.0 4.0 2.0 1000.0 0.0
4100.0 0.0 0.0 0.0 119884875.0 555125.0 0.0 60220000.0 4.0 2.0 1000.0 0.0
4200.0 0.0 0.0 0.0 119870820.0 569180.0 0.0 60220000.0 4.0 2.0 1000.0 0.0
4300.0 1.0 3.0 0.0 119847439.0 592561.0 0.0 60220000.0 22.0 2.0 1000.0 0.0
4400.0 0.0 3.0 2.0 119716324.0 679151.0 0.0 60220000.0 39.0 2.0 1000.0 44525.0
4500.0 0.0 3.0 2.0 119577474.0 764241.0 0.0 60220000.0 39.0 2.0 1000.0 98285.0
4600.0 0.0 3.0 2.0 119442292.0 845340.0 0.0 60220000.0 38.0 2.0 1000.0 152368.0
4700.0 0.0 3.0 2.0 119306668.0 926295.0 0.0 60220000.0 38.0 2.0 1000.0 207037.0
4800.0 0.0 3.0 2.0 119174127.0 1003606.0 0.0 60220000.0 35.0 2.0 1000.0 262267.0
4900.0 0.0 3.0 2.0 119054037.0 1068189.0 0.0 60220000.0 33.0 2.0 1000.0 317774.0
5000.0 0.0 3.0 2.0 118936204.0 1130176.0 0.0 60220000.0 33.0 2.0 1000.0 373620.0
5100.0 0.0 3.0 2.0 118818282.0 1192125.0 0.0 60220000.0 33.0 2.0 1000.0 429593.0
5200.0 0.0 3.0 2.0 118700945.0 1253150.0 0.0 60220000.0 33.0 2.0 1000.0 485905.0
5300.0 1.0 2.0 3.0 118581801.0 1310672.0 0.0 60220000.0 37.0 2.0 1000.0 547527.0
5400.0 1.0 1.0 6.0 118375705.0 1394670.0 0.0 60220000.0 77.0 2.0 1000.0 669625.0
5500.0 0.0 2.0 9.0 118058636.0 1489349.0 0.0 60220000.0 99.0 2.0 1000.0 892015.0
5600.0 0.0 2.0 9.0 117706033.0 1585441.0 0.0 60220000.0 99.0 2.0 1000.0 1148526.0
5700.0 0.0 2.0 9.0 117361704.0 1672767.0 0.0 60220000.0 96.0 2.0 1000.0 1405529.0
5800.0 0.0 0.0 10.0 117022126.0 1736826.0 0.0 60220000.0 96.0 2.0 1000.0 1681048.0
5900.0 0.0 0.0 10.0 116686835.0 1785562.0 0.0 60220000.0 93.0 2.0 1000.0 1967603.0
6000.0 0.0 0.0 10.0 116357342.0 1827660.0 0.0 60220000.0 92.0 2.0 1000.0 2254998.0
6100.0 0.0 0.0 10.0 116034286.0 1864784.0 0.0 60220000.0 90.0 2.0 1000.0 2540930.0
6200.0 0.0 0.0 10.0 115714462.0 1897606.0 0.0 60220000.0 90.0 2.0 1000.0 2827932.0
6300.0 0.0 0.0 10.0 115393989.0 1929842.0 0.0 60220000.0 90.0 2.0 1000.0 3116169.0
6400.0 0.0 0.0 10.0 115076505.0 1959583.0 0.0 60220000.0 89.0 2.0 1000.0 3403912.0
6500.0 0.0 0.0 10.0 114762459.0 1985340.0 0.0 60220000.0 88.0 2.0 1000.0 3692201.0
6600.0 0.0 0.0 10.0 114455597.0 2004134.0 0.0 60220000.0 86.0 2.0 1000.0 3980269.0
6700.0 0.0 0.0 10.0 114149872.0 2022267.0 0.0 60220000.0 86.0 2.0 1000.0 4267861.0
6800.0 1.0 3.0 12.0 113809596.0 2044229.0 0.0 60220000.0 111.0 2.0 1000.0 4586175.0
6900.0 1.0 2.0 15.0 113376355.0 2094777.0 0.0 60220000.0 134.0 2.0 1000.0 4968868.0
7000.0 1.0 1.0 21.0 112846776.0 2094039.0 0.0 60220000.0 161.0 2.0 1000.0 5499185.0
7100.0 1.0 0.0 24.0 112244626.0 2055288.0 0.0 60220000.0 181.0 2.0 1000.0 6140086.0
7200.0 1.0 3.0 25.0 111546533.0 2057993.0 0.0 60220000.0 218.0 2.0 1000.0 6835474.0
7300.0 0.0 3.0 23.0 110771264.0 2153158.0 0.0 60220000.0 217.0 2.0 1000.0 7515578.0
7400.0 0.0 3.0 23.0 110002473.0 2257752.0 0.0 60220000.0 215.0 2.0 1000.0 8179775.0
7500.0 0.0 3.0 23.0 109246881.0 2347563.0 0.0 60220000.0 211.0 2.0 1000.0 8845556.0
7600.0 0.0 3.0 23.0 108500154.0 2427065.0 0.0 60220000.0 208.0 2.0 1000.0 9512781.0
7700.0 0.0 3.0 22.0 107765839.0 2506363.0 0.0 60220000.0 205.0 2.0 1000.0 10167798.0
7800.0 0.0 3.0 21.0 107046166.0 2616399.0 0.0 60220000.0 202.0 2.0 1000.0 10777435.0
7900.0 0.0 3.0 21.0 106333793.0 2718161.0 0.0 60220000.0 199.0 2.0 1000.0 11388046.0
8000.0 0.0 3.0 21.0 105633574.0 2808231.0 0.0 60220000.0 196.0 2.0 1000.0 11998195.0
8100.0 2.0 2.0 22.0 104935117.0 2886324.0 0.0 60220000.0 206.0 2.0 1000.0 12618559.0
8200.0 2.0 1.0 29.0 104105460.0 2969159.0 0.0 60220000.0 262.0 2.0 1000.0 13365381.0
8300.0 1.0 0.0 37.0 103067555.0 3042165.0 0.0 60220000.0 315.0 2.0 1000.0 14330280.0
8400.0 0.0 1.0 40.0 101884600.0 3095982.0 0.0 60220000.0 341.0 2.0 1000.0 15459418.0
8500.0 0.0 1.0 38.0 100689107.0 3176767.0 0.0 60220000.0 335.0 2.0 1000.0 16574126.0
8600.0 0.0 1.0 37.0 99511535.0 3258305.0 0.0 60220000.0 330.0 2.0 1000.0 17670160.0
8700.0 0.0 1.0 36.0 98348601.0 3336189.0 0.0 60220000.0 327.0 2.0 1000.0 18755210.0
8800.0 0.0 1.0 35.0 97193051.0 3464919.0 0.0 60220000.0 322.0 2.0 1000.0 19782030.0
8900.0 0.0 1.0 35.0 96065510.0 3568558.0 0.0 60220000.0 317.0 2.0 1000.0 20805932.0
9000.0 1.0 2.0 35.0 94949013.0 3659283.0 0.0 60220000.0 317.0 2.0 1000.0 21831704.0
9100.0 1.0 0.0 40.0 93784588.0 3744380.0 0.0 60220000.0 345.0 2.0 1000.0 22911032.0
9200.0 0.0 0.0 41.0 92564943.0 3764968.0 0.0 60220000.0 342.0 2.0 1000.0 24110089.0
9300.0 0.0 0.0 41.0 91366340.0 3758674.0 0.0 60220000.0 336.0 2.0 1000.0 25314986.0
9400.0 0.0 0.0 39.0 90186192.0 3773326.0 0.0 60220000.0 330.0 2.0 1000.0 26480482.0
9500.0 1.0 3.0 40.0 88970577.0 3838586.0 0.0 60220000.0 359.0 2.0 1000.0 27630837.0
9600.0 0.0 2.0 41.0 87688809.0 3916680.0 0.0 60220000.0 359.0 2.0 1000.0 28834511.0
9700.0 0.0 2.0 41.0 86439430.0 3963120.0 0.0 60220000.0 349.0 2.0 1000.0 30037450.0
9800.0 0.0 2.0 41.0 85212938.0 3984715.0 0.0 60220000.0 344.0 2.0 1000.0 31242347.0
9900.0 0.0 2.0 41.0 84005844.0 3987378.0 0.0 60220000.0 339.0 2.0 1000.0 32446778.0
10000.0 0.0 2.0 41.0 82813833.0 3973401.0 0.0 60220000.0 336.0 2.0 1000.0 33652766.0
10100.0 1.0 3.0 40.0 81609784.0 3966225.0 0.0 60220000.0 353.0 2.0 1000.0 34863991.0
10200.0 0.0 3.0 38.0 80369765.0 4071162.0 0.0 60220000.0 347.0 2.0 1000.0 35999073.0
10300.0 1.0 1.0 40.0 79159850.0 4152575.0 0.0 60220000.0 341.0 2.0 1000.0 37127575.0
10400.0 1.0 0.0 44.0 77909650.0 4153327.0 0.0 60220000.0 370.0 2.0 1000.0 38377023.0
10500.0 0.0 2.0 45.0 76550871.0 4195526.0 0.0 60220000.0 389.0 2.0 1000.0 39693603.0
10600.0 0.0 2.0 43.0 75183051.0 4267357.0 0.0 60220000.0 383.0 2.0 1000.0 40989592.0
10700.0 0.0 2.0 40.0 73842383.0 4378761.0 0.0 60220000.0 376.0 2.0 1000.0 42218856.0
10800.0 0.0 0.0 39.0 72502682.0 4585756.0 0.0 60220000.0 380.0 2.0 1000.0 43351562.0
10900.0 0.0 1.0 39.0 71167121.0 4787494.0 0.0 60220000.0 377.0 2.0 1000.0 44485385.0
11000.0 0.0 1.0 39.0 69842589.0 4960918.0 0.0 60220000.0 371.0 2.0 1000.0 45636493.0
11100.0 0.0 1.0 38.0 68543015.0 5129672.0 0.0 60220000.0 367.0 2.0 1000.0 46767313.0
11200.0 1.0 1.0 39.0 67251697.0 5298170.0 0.0 60220000.0 367.0 2.0 1000.0 47890133.0
11300.0 0.0 0.0 40.0 65939417.0 5432107.0 0.0 60220000.0 372.0 2.0 1000.0 49068476.0
11400.0 0.0 0.0 40.0 64638450.0 5550999.0 0.0 60220000.0 367.0 2.0 1000.0 50250551.0
11500.0 0.0 0.0 40.0 63357319.0 5648512.0 0.0 60220000.0 360.0 2.0 1000.0 51434169.0
11600.0 1.0 0.0 49.0 62013726.0 5654329.0 0.0 60220000.0 396.0 2.0 1000.0 52771945.0
11700.0 0.0 2.0 51.0 60568877.0 5608485.0 0.0 60220000.0 416.0 2.0 1000.0 54262638.0
11800.0 0.0 2.0 50.0 59117503.0 5563861.0 0.0 60220000.0 407.0 2.0 1000.0 55758636.0
11900.0 2.0 3.0 51.0 57683139.0 5519439.0 0.0 60220000.0 418.0 2.0 1000.0 57237422.0
12000.0 2.0 2.0 57.0 56134356.0 5479458.0 0.0 60220000.0 466.0 2.0 1000.0 58826186.0
12100.0 2.0 1.0 65.0 54394389.0 5417051.0 0.0 60220000.0 520.0 2.0 1000.0 60628560.0
12200.0 0.0 1.0 68.0 52502762.0 5355804.0 0.0 60220000.0 546.0 2.0 1000.0 62581434.0
12300.0 1.0 1.0 68.0 50595332.0 5255852.0 0.0 60220000.0 536.0 2.0 1000.0 64588816.0
12400.0 0.0 3.0 67.0 48697205.0 5161764.0 0.0 60220000.0 537.0 2.0 1000.0 66581031.0
12500.0 1.0 1.0 66.0 46802203.0 5095248.0 0.0 60220000.0 538.0 2.0 1000.0 68542549.0
12600.0 1.0 2.0 67.0 44846787.0 5094300.0 0.0 60220000.0 574.0 2.0 1000.0 70498913.0
12700.0 3.0 0.0 72.0 42753046.0 5168964.0 0.0 60220000.0 622.0 2.0 1000.0 72517990.0
12800.0 2.0 2.0 80.0 40401595.0 5259179.0 0.0 60220000.0 711.0 2.0 1000.0 74779226.0
12900.0 1.0 3.0 89.0 37762048.0 5382827.0 0.0 60220000.0 773.0 2.0 1000.0 77295125.0
13000.0 1.0 1.0 89.0 35048697.0 5467542.0 0.0 60220000.0 770.0 2.0 1000.0 79923761.0
13100.0 1.0 3.0 88.0 32312288.0 5585839.0 0.0 60220000.0 785.0 2.0 1000.0 82541873.0
13200.0 0.0 3.0 86.0 29566550.0 5748247.0 0.0 60220000.0 776.0 2.0 1000.0 85125203.0
13300.0 0.0 3.0 86.0 26859693.0 5914166.0 0.0 60220000.0 760.0 2.0 1000.0 87666141.0
13400.0 0.0 3.0 86.0 24211439.0 6016503.0 0.0 60220000.0 749.0 2.0 1000.0 90212058.0
13500.0 2.0 2.0 85.0 21602045.0 6106003.0 0.0 60220000.0 743.0 2.0 1000.0 92731952.0
13600.0 4.0 2.0 92.0 18863799.0 6222696.0 0.0 60220000.0 830.0 2.0 1000.0 95353505.0
13700.0 2.0 0.0 96.0 15885365.0 6409634.0 0.0 60220000.0 863.0 2.0 1000.0 98145001.0
13800.0 2.0 0.0 101.0 12782231.0 6601379.0 0.0 60220000.0 912.0 2.0 1000.0 101056390.0
13900.0 3.0 3.0 110.0 9501091.0 6792325.0 0.0 60220000.0 990.0 2.0 1000.0 104146584.0
14000.0 1.0 3.0 115.0 5930738.0 6954017.0 0.0 60220000.0 1065.0 2.0 1000.0 107555245.0
14100.0 2.0 3.0 116.0 2273887.0 7167075.0 0.0 60220000.0 1104.0 2.0 1000.0 110999038.0
14200.0 2.0 2.0 122.0 2154.0 5938261.0 0.0 60220000.0 1160.0 2.0 1000.0 114499585.0
14300.0 1.0 2.0 127.0 1159.0 2248666.0 0.0 60220000.0 1203.0 2.0 1000.0 118190175.0
14400.0 0.0 1.0 128.0 0.0 0.0 0.0 60220000.0 1188.0 2.0 1000.0 120440000.0
14500.0 0.0 1.0 127.0 0.0 0.0 0.0 60220000.0 1171.0 2.0 1000.0 120440000.0
14600.0 0.0 1.0 126.0 0.0 0.0 0.0 60220000.0 1151.0 2.0 1000.0 120440000.0
14700.0 0.0 1.0 125.0 0.0 0.0 0.0 60220000.0 1139.0 2.0 1000.0 120440000.0
14800.0 0.0 1.0 125.0 0.0 0.0 0.0 60220000.0 1115.0 2.0 1000.0 120440000.0
14900.0 0.0 1.0 124.0 0.0 0.0 0.0 60220000.0 1092.0 2.0 1000.0 120440000.0
15000.0 0.0 1.0 123.0 0.0 0.0 0.0 60220000.0 1078.0 2.0 1000.0 120440000.0
15100.0 0.0 1.0 120.0 0.0 0.0 0.0 60220000.0 1061.0 2.0 1000.0 120440000.0
15200.0 0.0 1.0 119.0 0.0 0.0 0.0 60220000.0 1047.0 2.0 1000.0 120440000.0
15300.0 0.0 1.0 116.0 0.0 0.0 0.0 60220000.0 1030.0 2.0 1000.0 120440000.0
15400.0 0.0 1.0 114.0 0.0 0.0 0.0 60220000.0 1015.0 2.0 1000.0 120440000.0
15500.0 0.0 1.0 113.0 0.0 0.0 0.0 60220000.0 998.0 2.0 1000.0 120440000.0
15600.0 0.0 1.0 109.0 0.0 0.0 0.0 60220000.0 981.0 2.0 1000.0 120440000.0
15700.0 0.0 1.0 107.0 0.0 0.0 0.0 60220000.0 964.0 2.0 1000.0 120440000.0
15800.0 0.0 1.0 106.0 0.0 0.0 0.0 60220000.0 954.0 2.0 1000.0 120440000.0
15900.0 0.0 1.0 104.0 0.0 0.0 0.0 60220000.0 935.0 2.0 1000.0 120440000.0
16000.0 0.0 1.0 102.0 0.0 0.0 0.0 60220000.0 911.0 2.0 1000.0 120440000.0
16100.0 0.0 1.0 100.0 0.0 0.0 0.0 60220000.0 890.0 2.0 1000.0 120440000.0
16200.0 0.0 1.0 97.0 0.0 0.0 0.0 60220000.0 877.0 2.0 1000.0 120440000.0
16300.0 0.0 1.0 95.0 0.0 0.0 0.0 60220000.0 859.0 2.0 1000.0 120440000.0
16400.0 0.0 1.0 93.0 0.0 0.0 0.0 60220000.0 845.0 2.0 1000.0 120440000.0
16500.0 0.0 3.0 96.0 0.0 0.0 0.0 60220000.0 861.0 2.0 1000.0 120440000.0
16600.0 0.0 3.0 93.0 0.0 0.0 0.0 60220000.0 842.0 2.0 1000.0 120440000.0
16700.0 0.0 3.0 92.0 0.0 0.0 0.0 60220000.0 831.0 2.0 1000.0 120440000.0
16800.0 0.0 3.0 90.0 0.0 0.0 0.0 60220000.0 817.0 2.0 1000.0 120440000.0
16900.0 0.0 3.0 88.0 0.0 0.0 0.0 60220000.0 804.0 2.0 1000.0 120440000.0
17000.0 0.0 3.0 87.0 0.0 0.0 0.0 60220000.0 790.0 2.0 1000.0 120440000.0
17100.0 0.0 3.0 87.0 0.0 0.0 0.0 60220000.0 777.0 2.0 1000.0 120440000.0
17200.0 0.0 3.0 86.0 0.0 0.0 0.0 60220000.0 765.0 2.0 1000.0 120440000.0
17300.0 0.0 3.0 86.0 0.0 0.0 0.0 60220000.0 753.0 2.0 1000.0 120440000.0
17400.0 0.0 3.0 84.0 0.0 0.0 0.0 60220000.0 739.0 2.0 1000.0 120440000.0
17500.0 0.0 3.0 84.0 0.0 0.0 0.0 60220000.0 727.0 2.0 1000.0 120440000.0
17600.0 0.0 3.0 84.0 0.0 0.0 0.0 60220000.0 718.0 2.0 1000.0 120440000.0
17700.0 0.0 3.0 83.0 0.0 0.0 0.0 60220000.0 709.0 2.0 1000.0 120440000.0
17800.0 0.0 3.0 82.0 0.0 0.0 0.0 60220000.0 697.0 2.0 1000.0 120440000.0
17900.0 0.0 3.0 81.0 0.0 0.0 0.0 60220000.0 690.0 2.0 1000.0 120440000.0
18000.0 0.0 3.0 80.0 0.0 0.0 0.0 60220000.0 684.0 2.0 1000.0 120440000.0
18100.0 0.0 3.0 78.0 0.0 0.0 0.0 60220000.0 672.0 2.0 1000.0 120440000.0
18200.0 0.0 3.0 77.0 0.0 0.0 0.0 60220000.0 661.0 2.0 1000.0 120440000.0
18300.0 0.0 3.0 76.0 0.0 0.0 0.0 60220000.0 645.0 2.0 1000.0 120440000.0
18400.0 0.0 3.0 76.0 0.0 0.0 0.0 60220000.0 641.0 2.0 1000.0 120440000.0
18500.0 0.0 3.0 73.0 0.0 0.0 0.0 60220000.0 626.0 2.0 1000.0 120440000.0
18600.0 0.0 3.0 71.0 0.0 0.0 0.0 60220000.0 617.0 2.0 1000.0 120440000.0
18700.0 0.0 3.0 71.0 0.0 0.0 0.0 60220000.0 604.0 2.0 1000.0 120440000.0
18800.0 0.0 3.0 70.0 0.0 0.0 0.0 60220000.0 591.0 2.0 1000.0 120440000.0
18900.0 0.0 3.0 70.0 0.0 0.0 0.0 60220000.0 585.0 2.0 1000.0 120440000.0
19000.0 0.0 3.0 68.0 0.0 0.0 0.0 60220000.0 575.0 2.0 1000.0 120440000.0
19100.0 1.0 0.0 68.0 0.0 0.0 0.0 60220000.0 573.0 2.0 1000.0 120440000.0
19200.0 0.0 0.0 69.0 0.0 0.0 0.0 60220000.0 576.0 2.0 1000.0 120440000.0
19300.0 0.0 0.0 69.0 0.0 0.0 0.0 60220000.0 567.0 2.0 1000.0 120440000.0
19400.0 0.0 0.0 66.0 0.0 0.0 0.0 60220000.0 558.0 2.0 1000.0 120440000.0
19500.0 0.0 0.0 63.0 0.0 0.0 0.0 60220000.0 552.0 2.0 1000.0 120440000.0
19600.0 0.0 0.0 62.0 0.0 0.0 0.0 60220000.0 544.0 2.0 1000.0 120440000.0
19700.0 0.0 0.0 62.0 0.0 0.0 0.0 60220000.0 535.0 2.0 1000.0 120440000.0
19800.0 0.0 0.0 61.0 0.0 0.0 0.0 60220000.0 526.0 2.0 1000.0 120440000.0
19900.0 0.0 0.0 60.0 0.0 0.0 0.0 60220000.0 520.0 2.0 1000.0 120440000.0
