time rna_M monomer_betaGal protein_betaGal Lactose_external Lactose_internal Glucose_external Glucose_internal protein_Lactose_Permease dna_Lac_Operon Biomass Lactose_consumed
0.0 0.0 0.0 0.0 120440000.0 0.0 60220000.0 0.0 0.0 2.0 1000.0 0.0
100.0 0.0 0.0 0.0 120440000.0 0.0 30124632.0 30095368.0 0.0 2.0 1000.0 0.0
200.0 0.0 0.0 0.0 120440000.0 0.0 76091.0 60143909.0 0.0 2.0 1000.0 0.0
300.0 0.0 0.0 0.0 120440000.0 0.0 0.0 60220000.0 0.0 2.0 1000.0 0.0
400.0 0.0 0.0 0.0 120440000.0 0.0 0.0 60220000.0 0.0 2.0 1000.0 0.0
500.0 0.0 0.0 0.0 120440000.0 0.0 0.0 60220000.0 0.0 2.0 1000.0 0.0
600.0 0.0 0.0 0.0 120440000.0 0.0 0.0 60220000.0 0.0 2.0 1000.0 0.0
700.0 0.0 0.0 0.0 120440000.0 0.0 0.0 60220000.0 0.0 2.0 1000.0 0.0
800.0 0.0 0.0 0.0 120440000.0 0.0 0.0 60220000.0 0.0 2.0 1000.0 0.0
900.0 0.0 0.0 0.0 120440000.0 0.0 0.0 60220000.0 0.0 2.0 1000.0 0.0
1000.0 0.0 0.0 0.0 120440000.0 0.0 0.0 60220000.0 0.0 2.0 1000.0 0.0
1100.0 0.0 0.0 0.0 120440000.0 0.0 0.0 60220000.0 0.0 2.0 1000.0 0.0
1200.0 0.0 0.0 0.0 120440000.0 0.0 0.0 60220000.0 0.0 2.0 1000.0 0.0
1300.0 0.0 0.0 0.0 120440000.0 0.0 0.0 60220000.0 0.0 2.0 1000.0 0.0
1400.0 0.0 0.0 0.0 120440000.0 0.0 0.0 60220000.0 0.0 2.0 1000.0 0.0
1500.0 0.0 0.0 0.0 120440000.0 0.0 0.0 60220000.0 0.0 2.0 1000.0 0.0
1600.0 0.0 0.0 0.0 120440000.0 0.0 0.0 60220000.0 0.0 2.0 1000.0 0.0
1700.0 0.0 0.0 0.0 120440000.0 0.0 0.0 60220000.0 0.0 2.0 1000.0 0.0
1800.0 0.0 0.0 0.0 120440000.0 0.0 0.0 60220000.0 0.0 2.0 1000.0 0.0
1900.0 0.0 0.0 0.0 120440000.0 0.0 0.0 60220000.0 0.0 2.0 1000.0 0.0
2000.0 0.0 0.0 0.0 120440000.0 0.0 0.0 60220000.0 0.0 2.0 1000.0 0.0
2100.0 0.0 0.0 0.0 120440000.0 0.0 0.0 60220000.0 0.0 2.0 1000.0 0.0
2200.0 0.0 0.0 0.0 120440000.0 0.0 0.0 60220000.0 0.0 2.0 1000.0 0.0
2300.0 0.0 0.0 0.0 120440000.0 0.0 0.0 60220000.0 0.0 2.0 1000.0 0.0
2400.0 0.0 0.0 0.0 120440000.0 0.0 0.0 60220000.0 0.0 2.0 1000.0 0.0
2500.0 0.0 0.0 0.0 120440000.0 0.0 0.0 60220000.0 0.0 2.0 1000.0 0.0
2600.0 0.0 0.0 0.0 120440000.0 0.0 0.0 60220000.0 0.0 2.0 1000.0 0.0
2700.0 0.0 0.0 0.0 120440000.0 0.0 0.0 60220000.0 0.0 2.0 1000.0 0.0
2800.0 0.0 0.0 0.0 120440000.0 0.0 0.0 60220000.0 0.0 2.0 1000.0 0.0
2900.0 0.0 0.0 0.0 120440000.0 0.0 0.0 60220000.0 0.0 2.0 1000.0 0.0
3000.0 0.0 0.0 0.0 120440000.0 0.0 0.0 60220000.0 0.0 2.0 1000.0 0.0
3100.0 0.0 0.0 0.0 120440000.0 0.0 0.0 60220000.0 0.0 2.0 1000.0 0.0
3200.0 0.0 0.0 0.0 120440000.0 0.0 0.0 60220000.0 0.0 2.0 1000.0 0.0
3300.0 0.0 0.0 0.0 120440000.0 0.0 0.0 60220000.0 0.0 2.0 1000.0 0.0
3400.0 0.0 0.0 0.0 120440000.0 0.0 0.0 60220000.0 0.0 2.0 1000.0 0.0
3500.0 0.0 0.0 0.0 120440000.0 0.0 0.0 60220000.0 0.0 2.0 1000.0 0.0
3600.0 0.0 0.0 0.0 120440000.0 0.0 0.0 60220000.0 0.0 2.0 1000.0 0.0
3700.0 0.0 0.0 0.0 120440000.0 0.0 0.0 60220000.0 0.0 2.0 1000.0 0.0
3800.0 0.0 0.0 0.0 120440000.0 0.0 0.0 60220000.0 0.0 2.0 1000.0 0.0
3900.0 0.0 0.0 0.0 120440000.0 0.0 0.0 60220000.0 0.0 2.0 1000.0 0.0
4000.0 0.0 0.0 0.0 120440000.0 0.0 0.0 60220000.0 0.0 2.0 1000.0 0.0
4100.0 0.0 0.0 0.0 120440000.0 0.0 0.0 60220000.0 0.0 2.0 1000.0 0.0
4200.0 0.0 0.0 0.0 120440000.0 0.0 0.0 60220000.0 0.0 2.0 1000.0 0.0
4300.0 0.0 0.0 0.0 120440000.0 0.0 0.0 60220000.0 0.0 2.0 1000.0 0.0
4400.0 0.0 0.0 0.0 120440000.0 0.0 0.0 60220000.0 0.0 2.0 1000.0 0.0
4500.0 0.0 0.0 0.0 120440000.0 0.0 0.0 60220000.0 0.0 2.0 1000.0 0.0
4600.0 0.0 0.0 0.0 120440000.0 0.0 0.0 60220000.0 0.0 2.0 1000.0 0.0
4700.0 0.0 0.0 0.0 120440000.0 0.0 0.0 60220000.0 0.0 2.0 1000.0 0.0
4800.0 0.0 0.0 0.0 120440000.0 0.0 0.0 60220000.0 0.0 2.0 1000.0 0.0
4900.0 0.0 0.0 0.0 120440000.0 0.0 0.0 60220000.0 0.0 2.0 1000.0 0.0
5000.0 0.0 0.0 0.0 120440000.0 0.0 0.0 60220000.0 0.0 2.0 1000.0 0.0
5100.0 0.0 0.0 0.0 120440000.0 0.0 0.0 60220000.0 0.0 2.0 1000.0 0.0
5200.0 0.0 0.0 0.0 120440000.0 0.0 0.0 60220000.0 0.0 2.0 1000.0 0.0
5300.0 0.0 0.0 0.0 120440000.0 0.0 0.0 60220000.0 0.0 2.0 1000.0 0.0
5400.0 0.0 0.0 0.0 120440000.0 0.0 0.0 60220000.0 0.0 2.0 1000.0 0.0
5500.0 0.0 0.0 0.0 120440000.0 0.0 0.0 60220000.0 0.0 2.0 1000.0 0.0
5600.0 0.0 0.0 0.0 120440000.0 0.0 0.0 60220000.0 0.0 2.0 1000.0 0.0
5700.0 0.0 0.0 0.0 120440000.0 0.0 0.0 60220000.0 0.0 2.0 1000.0 0.0
5800.0 0.0 0.0 0.0 120440000.0 0.0 0.0 60220000.0 0.0 2.0 1000.0 0.0
5900.0 0.0 0.0 0.0 120440000.0 0.0 0.0 60220000.0 0.0 2.0 1000.0 0.0
6000.0 0.0 0.0 0.0 120440000.0 0.0 0.0 60220000.0 0.0 2.0 1000.0 0.0
6100.0 0.0 0.0 0.0 120440000.0 0.0 0.0 60220000.0 0.0 2.0 1000.0 0.0
6200.0 0.0 0.0 0.0 120440000.0 0.0 0.0 60220000.0 0.0 2.0 1000.0 0.0
6300.0 0.0 0.0 0.0 120440000.0 0.0 0.0 60220000.0 0.0 2.0 1000.0 0.0
6400.0 1.0 0.0 1.0 120425581.0 13986.0 0.0 60220000.0 20.0 2.0 1000.0 433.0
6500.0 1.0 3.0 3.0 120283898.0 131979.0 0.0 60220000.0 57.0 2.0 1000.0 24123.0
6600.0 1.0 3.0 5.0 120048103.0 269867.0 0.0 60220000.0 81.0 2.0 1000.0 122030.0
6700.0 0.0 0.0 6.0 119752059.0 421454.0 0.0 60220000.0 83.0 2.0 1000.0 266487.0
6800.0 0.0 0.0 6.0 119458150.0 561997.0 0.0 60220000.0 82.0 2.0 1000.0 419853.0
6900.0 0.0 0.0 6.0 119166172.0 695064.0 0.0 60220000.0 81.0 2.0 1000.0 578764.0
7000.0 0.0 0.0 6.0 118877009.0 822072.0 0.0 60220000.0 81.0 2.0 1000.0 740919.0
7100.0 0.0 0.0 6.0 118589568.0 945132.0 0.0 60220000.0 81.0 2.0 1000.0 905300.0
7200.0 0.0 0.0 6.0 118300655.0 1068754.0 0.0 60220000.0 80.0 2.0 1000.0 1070591.0
7300.0 0.0 0.0 6.0 118015711.0 1186150.0 0.0 60220000.0 79.0 2.0 1000.0 1238139.0
7400.0 0.0 0.0 6.0 117733847.0 1298625.0 0.0 60220000.0 79.0 2.0 1000.0 1407528.0
7500.0 0.0 0.0 6.0 117455790.0 1406889.0 0.0 60220000.0 77.0 2.0 1000.0 1577321.0
7600.0 0.0 0.0 6.0 117185659.0 1506436.0 0.0 60220000.0 76.0 2.0 1000.0 1747905.0
7700.0 0.0 0.0 6.0 116918505.0 1602538.0 0.0 60220000.0 74.0 2.0 1000.0 1918957.0
7800.0 0.0 0.0 6.0 116661874.0 1688410.0 0.0 60220000.0 71.0 2.0 1000.0 2089716.0
7900.0 0.0 0.0 6.0 116409274.0 1769736.0 0.0 60220000.0 71.0 2.0 1000.0 2260990.0
8000.0 0.0 0.0 5.0 116166615.0 1846141.0 0.0 60220000.0 68.0 2.0 1000.0 2427244.0
8100.0 0.0 0.0 5.0 115925613.0 1943718.0 0.0 60220000.0 67.0 2.0 1000.0 2570669.0
8200.0 0.0 0.0 5.0 115688907.0 2036634.0 0.0 60220000.0 65.0 2.0 1000.0 2714459.0
8300.0 0.0 0.0 5.0 115461433.0 2119996.0 0.0 60220000.0 64.0 2.0 1000.0 2858571.0
8400.0 0.0 0.0 5.0 115235456.0 2202105.0 0.0 60220000.0 63.0 2.0 1000.0 3002439.0
8500.0 0.0 0.0 5.0 115012525.0 2280793.0 0.0 60220000.0 62.0 2.0 1000.0 3146682.0
8600.0 0.0 0.0 5.0 114794460.0 2354314.0 0.0 60220000.0 61.0 2.0 1000.0 3291226.0
8700.0 0.0 0.0 5.0 114581052.0 2422510.0 0.0 60220000.0 60.0 2.0 1000.0 3436438.0
8800.0 0.0 0.0 5.0 114372778.0 2485617.0 0.0 60220000.0 58.0 2.0 1000.0 3581605.0
8900.0 1.0 1.0 3.0 114165400.0 2575343.0 0.0 60220000.0 62.0 2.0 1000.0 3699257.0
9000.0 1.0 1.0 6.0 113893822.0 2716009.0 0.0 60220000.0 84.0 2.0 1000.0 3830169.0
9100.0 0.0 3.0 6.0 113598499.0 2836756.0 0.0 60220000.0 82.0 2.0 1000.0 4004745.0
9200.0 1.0 2.0 11.0 113263150.0 2937104.0 0.0 60220000.0 118.0 2.0 1000.0 4239746.0
9300.0 1.0 1.0 18.0 112767683.0 3008305.0 0.0 60220000.0 156.0 2.0 1000.0 4664012.0
9400.0 0.0 1.0 18.0 112211799.0 3039727.0 0.0 60220000.0 155.0 2.0 1000.0 5188474.0
9500.0 1.0 3.0 18.0 111662396.0 3063268.0 0.0 60220000.0 159.0 2.0 1000.0 5714336.0
9600.0 0.0 1.0 18.0 111068633.0 3118537.0 0.0 60220000.0 168.0 2.0 1000.0 6252830.0
9700.0 1.0 3.0 19.0 110475611.0 3179854.0 0.0 60220000.0 175.0 2.0 1000.0 6784535.0
9800.0 0.0 0.0 23.0 109788833.0 3225661.0 0.0 60220000.0 207.0 2.0 1000.0 7425506.0
9900.0 0.0 0.0 23.0 109059373.0 3281818.0 0.0 60220000.0 204.0 2.0 1000.0 8098809.0
10000.0 0.0 0.0 22.0 108345256.0 3339967.0 0.0 60220000.0 200.0 2.0 1000.0 8754777.0
10100.0 1.0 0.0 25.0 107607872.0 3407862.0 0.0 60220000.0 218.0 2.0 1000.0 9424266.0
10200.0 0.0 1.0 27.0 106788222.0 3456577.0 0.0 60220000.0 238.0 2.0 1000.0 10195201.0
10300.0 0.0 1.0 25.0 105945279.0 3527792.0 0.0 60220000.0 238.0 2.0 1000.0 10966929.0
10400.0 0.0 2.0 24.0 105109138.0 3640116.0 0.0 60220000.0 234.0 2.0 1000.0 11690746.0
10500.0 0.0 2.0 24.0 104284510.0 3760321.0 0.0 60220000.0 233.0 2.0 1000.0 12395169.0
10600.0 0.0 2.0 23.0 103465381.0 3879692.0 0.0 60220000.0 228.0 2.0 1000.0 13094927.0
10700.0 1.0 3.0 24.0 102665344.0 3999055.0 0.0 60220000.0 234.0 2.0 1000.0 13775601.0
10800.0 0.0 3.0 26.0 101812471.0 4101893.0 0.0 60220000.0 242.0 2.0 1000.0 14525636.0
10900.0 0.0 3.0 25.0 100961253.0 4203754.0 0.0 60220000.0 238.0 2.0 1000.0 15274993.0
11000.0 0.0 1.0 26.0 100112721.0 4301344.0 0.0 60220000.0 243.0 2.0 1000.0 16025935.0
11100.0 0.0 1.0 26.0 99261142.0 4386703.0 0.0 60220000.0 239.0 2.0 1000.0 16792155.0
11200.0 0.0 1.0 26.0 98423500.0 4458827.0 0.0 60220000.0 234.0 2.0 1000.0 17557673.0
11300.0 1.0 3.0 27.0 97595850.0 4512578.0 0.0 60220000.0 241.0 2.0 1000.0 18331572.0
11400.0 1.0 1.0 29.0 96742007.0 4529685.0 0.0 60220000.0 243.0 2.0 1000.0 19168308.0
11500.0 1.0 3.0 32.0 95852357.0 4527624.0 0.0 60220000.0 267.0 2.0 1000.0 20060019.0
11600.0 0.0 3.0 33.0 94898210.0 4509245.0 0.0 60220000.0 269.0 2.0 1000.0 21032545.0
11700.0 0.0 3.0 32.0 93961982.0 4492569.0 0.0 60220000.0 265.0 2.0 1000.0 21985449.0
11800.0 0.0 3.0 31.0 93031866.0 4492245.0 0.0 60220000.0 261.0 2.0 1000.0 22915889.0
11900.0 0.0 3.0 31.0 92110687.0 4500782.0 0.0 60220000.0 261.0 2.0 1000.0 23828531.0
12000.0 0.0 3.0 31.0 91192670.0 4504603.0 0.0 60220000.0 258.0 2.0 1000.0 24742727.0
12100.0 1.0 1.0 31.0 90280952.0 4526339.0 0.0 60220000.0 265.0 2.0 1000.0 25632709.0
12200.0 1.0 0.0 33.0 89347581.0 4539641.0 0.0 60220000.0 270.0 2.0 1000.0 26552778.0
12300.0 0.0 0.0 36.0 88370216.0 4504119.0 0.0 60220000.0 283.0 2.0 1000.0 27565665.0
12400.0 0.0 0.0 35.0 87373999.0 4442512.0 0.0 60220000.0 279.0 2.0 1000.0 28623489.0
12500.0 1.0 2.0 37.0 86386590.0 4384323.0 0.0 60220000.0 287.0 2.0 1000.0 29669087.0
12600.0 0.0 0.0 38.0 85331683.0 4307300.0 0.0 60220000.0 303.0 2.0 1000.0 30801017.0
12700.0 0.0 0.0 36.0 84263628.0 4292839.0 0.0 60220000.0 302.0 2.0 1000.0 31883533.0
12800.0 0.0 0.0 35.0 83203312.0 4302994.0 0.0 60220000.0 298.0 2.0 1000.0 32933694.0
12900.0 0.0 1.0 36.0 82139090.0 4326407.0 0.0 60220000.0 313.0 2.0 1000.0 33974503.0
13000.0 0.0 1.0 36.0 81036987.0 4367130.0 0.0 60220000.0 311.0 2.0 1000.0 35035883.0
13100.0 0.0 1.0 35.0 79958549.0 4403412.0 0.0 60220000.0 302.0 2.0 1000.0 36078039.0
13200.0 0.0 1.0 33.0 78896082.0 4488909.0 0.0 60220000.0 298.0 2.0 1000.0 37055009.0
13300.0 0.0 1.0 33.0 77853173.0 4560060.0 0.0 60220000.0 293.0 2.0 1000.0 38026767.0
13400.0 2.0 0.0 35.0 76806323.0 4642856.0 0.0 60220000.0 317.0 2.0 1000.0 38990821.0
13500.0 0.0 2.0 39.0 75619519.0 4709312.0 0.0 60220000.0 340.0 2.0 1000.0 40111169.0
13600.0 1.0 1.0 40.0 74393366.0 4776633.0 0.0 60220000.0 356.0 2.0 1000.0 41270001.0
13700.0 1.0 1.0 45.0 73097988.0 4817312.0 0.0 60220000.0 375.0 2.0 1000.0 42524700.0
13800.0 0.0 2.0 46.0 71717557.0 4848214.0 0.0 60220000.0 397.0 2.0 1000.0 43874229.0
13900.0 0.0 2.0 45.0 70330835.0 4898311.0 0.0 60220000.0 388.0 2.0 1000.0 45210854.0
14000.0 0.0 2.0 44.0 68970678.0 4944118.0 0.0 60220000.0 382.0 2.0 1000.0 46525204.0
14100.0 0.0 2.0 43.0 67632928.0 5007373.0 0.0 60220000.0 375.0 2.0 1000.0 47799699.0
14200.0 0.0 3.0 44.0 66309352.0 5053022.0 0.0 60220000.0 378.0 2.0 1000.0 49077626.0
14300.0 2.0 0.0 50.0 64925288.0 5074225.0 0.0 60220000.0 425.0 2.0 1000.0 50440487.0
14400.0 1.0 0.0 53.0 63357193.0 5149399.0 0.0 60220000.0 453.0 2.0 1000.0 51933408.0
14500.0 0.0 3.0 55.0 61721865.0 5164987.0 0.0 60220000.0 471.0 2.0 1000.0 53553148.0
14600.0 0.0 3.0 55.0 60066196.0 5197906.0 0.0 60220000.0 469.0 2.0 1000.0 55175898.0
14700.0 0.0 3.0 55.0 58425748.0 5215061.0 0.0 60220000.0 462.0 2.0 1000.0 56799191.0
14800.0 2.0 0.0 55.0 56784713.0 5253298.0 0.0 60220000.0 477.0 2.0 1000.0 58401989.0
14900.0 1.0 3.0 57.0 55030530.0 5336610.0 0.0 60220000.0 518.0 2.0 1000.0 60072860.0
15000.0 1.0 0.0 61.0 53178736.0 5462204.0 0.0 60220000.0 541.0 2.0 1000.0 61799060.0
15100.0 0.0 2.0 61.0 51296247.0 5542119.0 0.0 60220000.0 528.0 2.0 1000.0 63601634.0
15200.0 0.0 2.0 60.0 49451623.0 5585133.0 0.0 60220000.0 521.0 2.0 1000.0 65403244.0
15300.0 0.0 2.0 59.0 47622904.0 5659341.0 0.0 60220000.0 518.0 2.0 1000.0 67157755.0
15400.0 0.0 2.0 58.0 45814688.0 5748951.0 0.0 60220000.0 509.0 2.0 1000.0 68876361.0
15500.0 0.0 2.0 58.0 44038753.0 5811197.0 0.0 60220000.0 501.0 2.0 1000.0 70590050.0
15600.0 1.0 3.0 59.0 42262067.0 5862150.0 0.0 60220000.0 521.0 2.0 1000.0 72315783.0
15700.0 0.0 1.0 63.0 40390838.0 5911256.0 0.0 60220000.0 534.0 2.0 1000.0 74137906.0
15800.0 1.0 1.0 67.0 38510428.0 5882292.0 0.0 60220000.0 539.0 2.0 1000.0 76047280.0
15900.0 1.0 2.0 69.0 36570016.0 5822198.0 0.0 60220000.0 563.0 2.0 1000.0 78047786.0
16000.0 0.0 3.0 71.0 34563377.0 5774036.0 0.0 60220000.0 577.0 2.0 1000.0 80102587.0
16100.0 2.0 2.0 72.0 32564473.0 5674764.0 0.0 60220000.0 567.0 2.0 1000.0 82200763.0
16200.0 0.0 0.0 76.0 30468663.0 5568178.0 0.0 60220000.0 608.0 2.0 1000.0 84403159.0
16300.0 0.0 0.0 76.0 28354490.0 5436828.0 0.0 60220000.0 591.0 2.0 1000.0 86648682.0
16400.0 0.0 0.0 76.0 26299553.0 5248657.0 0.0 60220000.0 581.0 2.0 1000.0 88891790.0
16500.0 0.0 0.0 74.0 24268261.0 5071437.0 0.0 60220000.0 576.0 2.0 1000.0 91100302.0
16600.0 0.0 0.0 71.0 22270398.0 4916123.0 0.0 60220000.0 562.0 2.0 1000.0 93253479.0
16700.0 0.0 0.0 69.0 20311773.0 4795244.0 0.0 60220000.0 554.0 2.0 1000.0 95332983.0
16800.0 0.0 0.0 66.0 18378388.0 4752739.0 0.0 60220000.0 549.0 2.0 1000.0 97308873.0
16900.0 0.0 0.0 65.0 16475495.0 4726317.0 0.0 60220000.0 537.0 2.0 1000.0 99238188.0
17000.0 0.0 0.0 64.0 14604250.0 4688865.0 0.0 60220000.0 529.0 2.0 1000.0 101146885.0
17100.0 1.0 3.0 64.0 12755064.0 4686906.0 0.0 60220000.0 538.0 2.0 1000.0 102998030.0
17200.0 1.0 1.0 70.0 10831198.0 4668523.0 0.0 60220000.0 559.0 2.0 1000.0 104940279.0
17300.0 0.0 0.0 72.0 8866042.0 4526840.0 0.0 60220000.0 561.0 2.0 1000.0 107047118.0
17400.0 0.0 3.0 72.0 6899112.0 4368794.0 0.0 60220000.0 578.0 2.0 1000.0 109172094.0
17500.0 0.0 3.0 72.0 4917018.0 4231994.0 0.0 60220000.0 572.0 2.0 1000.0 111290988.0
17600.0 0.0 3.0 74.0 2943731.0 4029694.0 0.0 60220000.0 582.0 2.0 1000.0 113466575.0
17700.0 0.0 3.0 74.0 1073455.0 3727226.0 0.0 60220000.0 568.0 2.0 1000.0 115639319.0
17800.0 0.0 3.0 73.0 4553.0 2658214.0 0.0 60220000.0 557.0 2.0 1000.0 117777233.0
17900.0 0.0 3.0 73.0 441.0 600141.0 0.0 60220000.0 547.0 2.0 1000.0 119839418.0
18000.0 0.0 3.0 73.0 0.0 0.0 0.0 60220000.0 540.0 2.0 1000.0 120440000.0
18100.0 0.0 3.0 73.0 0.0 0.0 0.0 60220000.0 532.0 2.0 1000.0 120440000.0
18200.0 0.0 3.0 73.0 0.0 0.0 0.0 60220000.0 524.0 2.0 1000.0 120440000.0
18300.0 0.0 3.0 73.0 0.0 0.0 0.0 60220000.0 508.0 2.0 1000.0 120440000.0
18400.0 0.0 3.0 72.0 0.0 0.0 0.0 60220000.0 499.0 2.0 1000.0 120440000.0
18500.0 0.0 3.0 71.0 0.0 0.0 0.0 60220000.0 493.0 2.0 1000.0 120440000.0
18600.0 0.0 3.0 69.0 0.0 0.0 0.0 60220000.0 483.0 2.0 1000.0 120440000.0
18700.0 0.0 3.0 68.0 0.0 0.0 0.0 60220000.0 475.0 2.0 1000.0 120440000.0
18800.0 0.0 3.0 68.0 0.0 0.0 0.0 60220000.0 466.0 2.0 1000.0 120440000.0
18900.0 0.0 3.0 67.0 0.0 0.0 0.0 60220000.0 463.0 2.0 1000.0 120440000.0
19000.0 0.0 3.0 65.0 0.0 0.0 0.0 60220000.0 460.0 2.0 1000.0 120440000.0
19100.0 0.0 3.0 64.0 0.0 0.0 0.0 60220000.0 457.0 2.0 1000.0 120440000.0
19200.0 0.0 3.0 63.0 0.0 0.0 0.0 60220000.0 449.0 2.0 1000.0 120440000.0
19300.0 0.0 3.0 61.0 0.0 0.0 0.0 60220000.0 444.0 2.0 1000.0 120440000.0
19400.0 0.0 3.0 61.0 0.0 0.0 0.0 60220000.0 431.0 2.0 1000.0 120440000.0
19500.0 0.0 3.0 60.0 0.0 0.0 0.0 60220000.0 423.0 2.0 1000.0 120440000.0
19600.0 0.0 3.0 59.0 0.0 0.0 0.0 60220000.0 414.0 2.0 1000.0 120440000.0
19700.0 0.0 3.0 59.0 0.0 0.0 0.0 60220000.0 405.0 2.0 1000.0 120440000.0
19800.0 0.0 3.0 58.0 0.0 0.0 0.0 60220000.0 400.0 2.0 1000.0 120440000.0
19900.0 0.0 3.0 58.0 0.0 0.0 0.0 60220000.0 389.0 2.0 1000.0 120440000.0
