time rna_M monomer_betaGal protein_betaGal Lactose_external Lactose_internal Glucose_external Glucose_internal protein_Lactose_Permease dna_Lac_Operon Biomass Lactose_consumed
0.0 0.0 0.0 0.0 120440000.0 0.0 60220000.0 0.0 0.0 2.0 1000.0 0.0
100.0 0.0 0.0 0.0 120440000.0 0.0 30131037.0 30088963.0 0.0 2.0 1000.0 0.0
200.0 0.0 0.0 0.0 120440000.0 0.0 84350.0 60135650.0 0.0 2.0 1000.0 0.0
300.0 0.0 0.0 0.0 120440000.0 0.0 0.0 60220000.0 0.0 2.0 1000.0 0.0
400.0 0.0 0.0 0.0 120440000.0 0.0 0.0 60220000.0 0.0 2.0 1000.0 0.0
500.0 0.0 0.0 0.0 120440000.0 0.0 0.0 60220000.0 0.0 2.0 1000.0 0.0
600.0 0.0 0.0 0.0 120440000.0 0.0 0.0 60220000.0 0.0 2.0 1000.0 0.0
700.0 0.0 0.0 0.0 120440000.0 0.0 0.0 60220000.0 0.0 2.0 1000.0 0.0
800.0 0.0 0.0 0.0 120440000.0 0.0 0.0 60220000.0 0.0 2.0 1000.0 0.0
900.0 0.0 0.0 0.0 120440000.0 0.0 0.0 60220000.0 0.0 2.0 1000.0 0.0
1000.0 0.0 0.0 0.0 120440000.0 0.0 0.0 60220000.0 0.0 2.0 1000.0 0.0
1100.0 0.0 0.0 0.0 120440000.0 0.0 0.0 60220000.0 0.0 2.0 1000.0 0.0
1200.0 0.0 0.0 0.0 120440000.0 0.0 0.0 60220000.0 0.0 2.0 1000.0 0.0
1300.0 0.0 0.0 0.0 120440000.0 0.0 0.0 60220000.0 0.0 2.0 1000.0 0.0
1400.0 0.0 0.0 0.0 120440000.0 0.0 0.0 60220000.0 0.0 2.0 1000.0 0.0
1500.0 0.0 0.0 0.0 120440000.0 0.0 0.0 60220000.0 0.0 2.0 1000.0 0.0
1600.0 0.0 0.0 0.0 120440000.0 0.0 0.0 60220000.0 0.0 2.0 1000.0 0.0
1700.0 0.0 0.0 0.0 120440000.0 0.0 0.0 60220000.0 0.0 2.0 1000.0 0.0
1800.0 0.0 0.0 0.0 120440000.0 0.0 0.0 60220000.0 0.0 2.0 1000.0 0.0
1900.0 0.0 0.0 0.0 120440000.0 0.0 0.0 60220000.0 0.0 2.0 1000.0 0.0
2000.0 0.0 0.0 0.0 120440000.0 0.0 0.0 60220000.0 0.0 2.0 1000.0 0.0
2100.0 0.0 0.0 0.0 120440000.0 0.0 0.0 60220000.0 0.0 2.0 1000.0 0.0
2200.0 0.0 0.0 0.0 120440000.0 0.0 0.0 60220000.0 0.0 2.0 1000.0 0.0
2300.0 0.0 0.0 0.0 120440000.0 0.0 0.0 60220000.0 0.0 2.0 1000.0 0.0
2400.0 0.0 0.0 0.0 120440000.0 0.0 0.0 60220000.0 0.0 2.0 1000.0 0.0
2500.0 0.0 0.0 0.0 120440000.0 0.0 0.0 60220000.0 0.0 2.0 1000.0 0.0
2600.0 0.0 0.0 0.0 120440000.0 0.0 0.0 60220000.0 0.0 2.0 1000.0 0.0
2700.0 0.0 0.0 0.0 120440000.0 0.0 0.0 60220000.0 0.0 2.0 1000.0 0.0
2800.0 0.0 0.0 0.0 120440000.0 0.0 0.0 60220000.0 0.0 2.0 1000.0 0.0
2900.0 0.0 0.0 0.0 120440000.0 0.0 0.0 60220000.0 0.0 2.0 1000.0 0.0
3000.0 0.0 0.0 0.0 120440000.0 0.0 0.0 60220000.0 0.0 2.0 1000.0 0.0
3100.0 0.0 0.0 0.0 120440000.0 0.0 0.0 60220000.0 0.0 2.0 1000.0 0.0
3200.0 0.0 0.0 0.0 120440000.0 0.0 0.0 60220000.0 0.0 2.0 1000.0 0.0
3300.0 0.0 0.0 0.0 120440000.0 0.0 0.0 60220000.0 0.0 2.0 1000.0 0.0
3400.0 0.0 0.0 0.0 120440000.0 0.0 0.0 60220000.0 0.0 2.0 1000.0 0.0
3500.0 0.0 0.0 0.0 120440000.0 0.0 0.0 60220000.0 0.0 2.0 1000.0 0.0
3600.0 0.0 0.0 0.0 120440000.0 0.0 0.0 60220000.0 0.0 2.0 1000.0 0.0
3700.0 0.0 0.0 0.0 120440000.0 0.0 0.0 60220000.0 0.0 2.0 1000.0 0.0
3800.0 0.0 0.0 0.0 120440000.0 0.0 0.0 60220000.0 0.0 2.0 1000.0 0.0
3900.0 0.0 0.0 0.0 120440000.0 0.0 0.0 60220000.0 0.0 2.0 1000.0 0.0
4000.0 0.0 0.0 0.0 120440000.0 0.0 0.0 60220000.0 0.0 2.0 1000.0 0.0
4100.0 1.0 0.0 0.0 120439983.0 17.0 0.0 60220000.0 1.0 2.0 1000.0 0.0
4200.0 1.0 1.0 2.0 120378706.0 53723.0 0.0 60220000.0 33.0 2.0 1000.0 7571.0
4300.0 1.0 0.0 6.0 120227416.0 138994.0 0.0 60220000.0 50.0 2.0 1000.0 73590.0
4400.0 0.0 3.0 6.0 120019968.0 223832.0 0.0 60220000.0 60.0 2.0 1000.0 196200.0
4500.0 0.0 3.0 6.0 119807409.0 299578.0 0.0 60220000.0 59.0 2.0 1000.0 333013.0
4600.0 0.0 3.0 5.0 119598451.0 381200.0 0.0 60220000.0 57.0 2.0 1000.0 460349.0
4700.0 0.0 3.0 5.0 119396366.0 458489.0 0.0 60220000.0 56.0 2.0 1000.0 585145.0
4800.0 0.0 3.0 5.0 119195986.0 530522.0 0.0 60220000.0 56.0 2.0 1000.0 713492.0
4900.0 0.0 3.0 5.0 118995858.0 599656.0 0.0 60220000.0 56.0 2.0 1000.0 844486.0
5000.0 0.0 3.0 5.0 118797554.0 664573.0 0.0 60220000.0 55.0 2.0 1000.0 977873.0
5100.0 0.0 3.0 5.0 118602971.0 724836.0 0.0 60220000.0 54.0 2.0 1000.0 1112193.0
5200.0 0.0 3.0 5.0 118411106.0 782049.0 0.0 60220000.0 53.0 2.0 1000.0 1246845.0
5300.0 0.0 3.0 5.0 118222705.0 835002.0 0.0 60220000.0 52.0 2.0 1000.0 1382293.0
5400.0 0.0 3.0 5.0 118036960.0 884578.0 0.0 60220000.0 52.0 2.0 1000.0 1518462.0
5500.0 0.0 3.0 5.0 117859246.0 925021.0 0.0 60220000.0 49.0 2.0 1000.0 1655733.0
5600.0 0.0 3.0 5.0 117686660.0 959816.0 0.0 60220000.0 47.0 2.0 1000.0 1793524.0
5700.0 0.0 3.0 5.0 117519735.0 989772.0 0.0 60220000.0 47.0 2.0 1000.0 1930493.0
5800.0 0.0 3.0 5.0 117352176.0 1019044.0 0.0 60220000.0 47.0 2.0 1000.0 2068780.0
5900.0 0.0 3.0 4.0 117185858.0 1061232.0 0.0 60220000.0 46.0 2.0 1000.0 2192910.0
6000.0 0.0 3.0 4.0 117022756.0 1112880.0 0.0 60220000.0 45.0 2.0 1000.0 2304364.0
6100.0 0.0 3.0 4.0 116862778.0 1161369.0 0.0 60220000.0 45.0 2.0 1000.0 2415853.0
6200.0 0.0 3.0 4.0 116707681.0 1203922.0 0.0 60220000.0 42.0 2.0 1000.0 2528397.0
6300.0 0.0 3.0 4.0 116557747.0 1241698.0 0.0 60220000.0 41.0 2.0 1000.0 2640555.0
6400.0 0.0 3.0 4.0 116412367.0 1274134.0 0.0 60220000.0 39.0 2.0 1000.0 2753499.0
6500.0 0.0 3.0 4.0 116273311.0 1301008.0 0.0 60220000.0 39.0 2.0 1000.0 2865681.0
6600.0 0.0 3.0 4.0 116133804.0 1327695.0 0.0 60220000.0 39.0 2.0 1000.0 2978501.0
6700.0 0.0 3.0 4.0 115995900.0 1352948.0 0.0 60220000.0 38.0 2.0 1000.0 3091152.0
6800.0 0.0 3.0 3.0 115860169.0 1385714.0 0.0 60220000.0 38.0 2.0 1000.0 3194117.0
6900.0 0.0 3.0 3.0 115725005.0 1435863.0 0.0 60220000.0 38.0 2.0 1000.0 3279132.0
7000.0 0.0 3.0 3.0 115593247.0 1482426.0 0.0 60220000.0 37.0 2.0 1000.0 3364327.0
7100.0 0.0 3.0 3.0 115461514.0 1529185.0 0.0 60220000.0 37.0 2.0 1000.0 3449301.0
7200.0 0.0 3.0 3.0 115332371.0 1573109.0 0.0 60220000.0 36.0 2.0 1000.0 3534520.0
7300.0 1.0 1.0 6.0 115192940.0 1609149.0 0.0 60220000.0 50.0 2.0 1000.0 3637911.0
7400.0 0.0 0.0 7.0 114998743.0 1605115.0 0.0 60220000.0 55.0 2.0 1000.0 3836142.0
7500.0 0.0 0.0 7.0 114805318.0 1599728.0 0.0 60220000.0 54.0 2.0 1000.0 4034954.0
7600.0 0.0 0.0 7.0 114613443.0 1592149.0 0.0 60220000.0 54.0 2.0 1000.0 4234408.0
7700.0 0.0 0.0 7.0 114421839.0 1584767.0 0.0 60220000.0 53.0 2.0 1000.0 4433394.0
7800.0 0.0 0.0 7.0 114234386.0 1572978.0 0.0 60220000.0 52.0 2.0 1000.0 4632636.0
7900.0 0.0 0.0 7.0 114048677.0 1559645.0 0.0 60220000.0 52.0 2.0 1000.0 4831678.0
8000.0 0.0 0.0 7.0 113863429.0 1545589.0 0.0 60220000.0 52.0 2.0 1000.0 5030982.0
8100.0 0.0 0.0 7.0 113681276.0 1528634.0 0.0 60220000.0 51.0 2.0 1000.0 5230090.0
8200.0 0.0 0.0 7.0 113500100.0 1511414.0 0.0 60220000.0 51.0 2.0 1000.0 5428486.0
8300.0 0.0 0.0 6.0 113318038.0 1498626.0 0.0 60220000.0 51.0 2.0 1000.0 5623336.0
8400.0 0.0 0.0 6.0 113136342.0 1510004.0 0.0 60220000.0 51.0 2.0 1000.0 5793654.0
8500.0 0.0 0.0 6.0 112954059.0 1521719.0 0.0 60220000.0 51.0 2.0 1000.0 5964222.0
8600.0 0.0 0.0 6.0 112776628.0 1528706.0 0.0 60220000.0 47.0 2.0 1000.0 6134666.0
8700.0 0.0 0.0 6.0 112609406.0 1524967.0 0.0 60220000.0 47.0 2.0 1000.0 6305627.0
8800.0 0.0 0.0 6.0 112441818.0 1522225.0 0.0 60220000.0 47.0 2.0 1000.0 6475957.0
8900.0 0.0 0.0 6.0 112273856.0 1520188.0 0.0 60220000.0 47.0 2.0 1000.0 6645956.0
9000.0 0.0 0.0 6.0 112106541.0 1516750.0 0.0 60220000.0 47.0 2.0 1000.0 6816709.0
9100.0 0.0 0.0 6.0 111939808.0 1513463.0 0.0 60220000.0 47.0 2.0 1000.0 6986729.0
9200.0 0.0 0.0 5.0 111773578.0 1518203.0 0.0 60220000.0 46.0 2.0 1000.0 7148219.0
9300.0 0.0 0.0 5.0 111610228.0 1539557.0 0.0 60220000.0 46.0 2.0 1000.0 7290215.0
9400.0 0.0 0.0 5.0 111446731.0 1560585.0 0.0 60220000.0 46.0 2.0 1000.0 7432684.0
9500.0 0.0 0.0 5.0 111284075.0 1580958.0 0.0 60220000.0 46.0 2.0 1000.0 7574967.0
9600.0 0.0 0.0 5.0 111121211.0 1601714.0 0.0 60220000.0 45.0 2.0 1000.0 7717075.0
9700.0 0.0 0.0 5.0 110963211.0 1617271.0 0.0 60220000.0 43.0 2.0 1000.0 7859518.0
9800.0 0.0 0.0 5.0 110810660.0 1627517.0 0.0 60220000.0 43.0 2.0 1000.0 8001823.0
9900.0 0.0 0.0 5.0 110659016.0 1637322.0 0.0 60220000.0 42.0 2.0 1000.0 8143662.0
10000.0 0.0 0.0 5.0 110512730.0 1640783.0 0.0 60220000.0 40.0 2.0 1000.0 8286487.0
10100.0 0.0 0.0 5.0 110369906.0 1641204.0 0.0 60220000.0 40.0 2.0 1000.0 8428890.0
10200.0 0.0 0.0 5.0 110230936.0 1636888.0 0.0 60220000.0 39.0 2.0 1000.0 8572176.0
10300.0 0.0 0.0 5.0 110092270.0 1632424.0 0.0 60220000.0 39.0 2.0 1000.0 8715306.0
10400.0 0.0 0.0 5.0 109958892.0 1622386.0 0.0 60220000.0 36.0 2.0 1000.0 8858722.0
10500.0 0.0 0.0 5.0 109831519.0 1607101.0 0.0 60220000.0 36.0 2.0 1000.0 9001380.0
10600.0 0.0 0.0 5.0 109704049.0 1591933.0 0.0 60220000.0 35.0 2.0 1000.0 9144018.0
10700.0 0.0 0.0 5.0 109581043.0 1572796.0 0.0 60220000.0 34.0 2.0 1000.0 9286161.0
10800.0 0.0 0.0 5.0 109463965.0 1547582.0 0.0 60220000.0 32.0 2.0 1000.0 9428453.0
10900.0 0.0 0.0 5.0 109350264.0 1519939.0 0.0 60220000.0 32.0 2.0 1000.0 9569797.0
11000.0 0.0 0.0 5.0 109236594.0 1491457.0 0.0 60220000.0 32.0 2.0 1000.0 9711949.0
11100.0 0.0 0.0 5.0 109122521.0 1464001.0 0.0 60220000.0 32.0 2.0 1000.0 9853478.0
11200.0 0.0 0.0 4.0 109009448.0 1456502.0 0.0 60220000.0 31.0 2.0 1000.0 9974050.0
11300.0 0.0 0.0 4.0 108899471.0 1453662.0 0.0 60220000.0 31.0 2.0 1000.0 10086867.0
11400.0 0.0 0.0 4.0 108788799.0 1451288.0 0.0 60220000.0 31.0 2.0 1000.0 10199913.0
11500.0 0.0 0.0 4.0 108678679.0 1447896.0 0.0 60220000.0 31.0 2.0 1000.0 10313425.0
11600.0 0.0 0.0 4.0 108569194.0 1443644.0 0.0 60220000.0 31.0 2.0 1000.0 10427162.0
11700.0 0.0 0.0 4.0 108459444.0 1440173.0 0.0 60220000.0 30.0 2.0 1000.0 10540383.0
11800.0 0.0 0.0 4.0 108352157.0 1433714.0 0.0 60220000.0 30.0 2.0 1000.0 10654129.0
11900.0 0.0 0.0 4.0 108245466.0 1427010.0 0.0 60220000.0 30.0 2.0 1000.0 10767524.0
12000.0 0.0 0.0 4.0 108138768.0 1420479.0 0.0 60220000.0 30.0 2.0 1000.0 10880753.0
12100.0 0.0 0.0 4.0 108031783.0 1414409.0 0.0 60220000.0 30.0 2.0 1000.0 10993808.0
12200.0 0.0 0.0 3.0 107925174.0 1432831.0 0.0 60220000.0 30.0 2.0 1000.0 11081995.0
12300.0 0.0 0.0 3.0 107819132.0 1453704.0 0.0 60220000.0 29.0 2.0 1000.0 11167164.0
12400.0 0.0 0.0 3.0 107715968.0 1471673.0 0.0 60220000.0 29.0 2.0 1000.0 11252359.0
12500.0 0.0 0.0 3.0 107612620.0 1489936.0 0.0 60220000.0 29.0 2.0 1000.0 11337444.0
12600.0 0.0 0.0 3.0 107510017.0 1507161.0 0.0 60220000.0 29.0 2.0 1000.0 11422822.0
12700.0 0.0 0.0 4.0 107390598.0 1521308.0 0.0 60220000.0 35.0 2.0 1000.0 11528094.0
12800.0 0.0 0.0 4.0 107266329.0 1531589.0 0.0 60220000.0 35.0 2.0 1000.0 11642082.0
12900.0 0.0 0.0 4.0 107142184.0 1541707.0 0.0 60220000.0 35.0 2.0 1000.0 11756109.0
13000.0 0.0 0.0 4.0 107018862.0 1551180.0 0.0 60220000.0 34.0 2.0 1000.0 11869958.0
13100.0 0.0 0.0 4.0 106898673.0 1557612.0 0.0 60220000.0 33.0 2.0 1000.0 11983715.0
13200.0 0.0 0.0 4.0 106782394.0 1559767.0 0.0 60220000.0 32.0 2.0 1000.0 12097839.0
13300.0 0.0 0.0 4.0 106668858.0 1559776.0 0.0 60220000.0 32.0 2.0 1000.0 12211366.0
13400.0 0.0 0.0 4.0 106560109.0 1554376.0 0.0 60220000.0 29.0 2.0 1000.0 12325515.0
13500.0 0.0 1.0 4.0 106443971.0 1556956.0 0.0 60220000.0 37.0 2.0 1000.0 12439073.0
13600.0 0.0 1.0 4.0 106314430.0 1572674.0 0.0 60220000.0 36.0 2.0 1000.0 12552896.0
13700.0 0.0 1.0 3.0 106186670.0 1589161.0 0.0 60220000.0 36.0 2.0 1000.0 12664169.0
13800.0 0.0 1.0 3.0 106058643.0 1632084.0 0.0 60220000.0 36.0 2.0 1000.0 12749273.0
13900.0 0.0 1.0 3.0 105930591.0 1674796.0 0.0 60220000.0 36.0 2.0 1000.0 12834613.0
14000.0 0.0 1.0 2.0 105802612.0 1723245.0 0.0 60220000.0 36.0 2.0 1000.0 12914143.0
14100.0 0.0 1.0 2.0 105674886.0 1793486.0 0.0 60220000.0 36.0 2.0 1000.0 12971628.0
14200.0 0.0 1.0 2.0 105548461.0 1862478.0 0.0 60220000.0 35.0 2.0 1000.0 13029061.0
14300.0 0.0 1.0 2.0 105424137.0 1929350.0 0.0 60220000.0 35.0 2.0 1000.0 13086513.0
14400.0 1.0 3.0 2.0 105300946.0 1995193.0 0.0 60220000.0 38.0 2.0 1000.0 13143861.0
14500.0 1.0 0.0 7.0 105122661.0 2037940.0 0.0 60220000.0 61.0 2.0 1000.0 13279399.0
14600.0 1.0 1.0 9.0 104851077.0 2089379.0 0.0 60220000.0 95.0 2.0 1000.0 13499544.0
14700.0 0.0 2.0 10.0 104487812.0 2164820.0 0.0 60220000.0 104.0 2.0 1000.0 13787368.0
14800.0 0.0 2.0 10.0 104119298.0 2244548.0 0.0 60220000.0 103.0 2.0 1000.0 14076154.0
14900.0 0.0 2.0 9.0 103755135.0 2328079.0 0.0 60220000.0 100.0 2.0 1000.0 14356786.0
15000.0 0.0 2.0 8.0 103402665.0 2433425.0 0.0 60220000.0 98.0 2.0 1000.0 14603910.0
15100.0 0.0 2.0 8.0 103055701.0 2547374.0 0.0 60220000.0 97.0 2.0 1000.0 14836925.0
15200.0 0.0 2.0 8.0 102711083.0 2658983.0 0.0 60220000.0 97.0 2.0 1000.0 15069934.0
15300.0 0.0 2.0 8.0 102367584.0 2769452.0 0.0 60220000.0 97.0 2.0 1000.0 15302964.0
15400.0 0.0 2.0 8.0 102025962.0 2878628.0 0.0 60220000.0 95.0 2.0 1000.0 15535410.0
15500.0 1.0 0.0 10.0 101683002.0 2977131.0 0.0 60220000.0 104.0 2.0 1000.0 15779867.0
15600.0 0.0 1.0 13.0 101298055.0 3039741.0 0.0 60220000.0 115.0 2.0 1000.0 16102204.0
15700.0 2.0 3.0 16.0 100841753.0 3085992.0 0.0 60220000.0 153.0 2.0 1000.0 16512255.0
15800.0 3.0 3.0 24.0 100162598.0 3183226.0 0.0 60220000.0 236.0 2.0 1000.0 17094176.0
15900.0 2.0 3.0 32.0 99219818.0 3279788.0 0.0 60220000.0 295.0 2.0 1000.0 17940394.0
16000.0 3.0 0.0 44.0 98022793.0 3408587.0 0.0 60220000.0 383.0 2.0 1000.0 19008620.0
16100.0 1.0 2.0 51.0 96565401.0 3434527.0 0.0 60220000.0 423.0 2.0 1000.0 20440072.0
16200.0 0.0 0.0 51.0 95035892.0 3416772.0 0.0 60220000.0 434.0 2.0 1000.0 21987336.0
16300.0 0.0 0.0 50.0 93513441.0 3470592.0 0.0 60220000.0 425.0 2.0 1000.0 23455967.0
16400.0 0.0 0.0 49.0 92020496.0 3505474.0 0.0 60220000.0 418.0 2.0 1000.0 24914030.0
16500.0 0.0 0.0 49.0 90550794.0 3539792.0 0.0 60220000.0 408.0 2.0 1000.0 26349414.0
16600.0 0.0 0.0 49.0 89118135.0 3535959.0 0.0 60220000.0 398.0 2.0 1000.0 27785906.0
16700.0 0.0 0.0 47.0 87722595.0 3526188.0 0.0 60220000.0 391.0 2.0 1000.0 29191217.0
16800.0 0.0 0.0 46.0 86347647.0 3526047.0 0.0 60220000.0 387.0 2.0 1000.0 30566306.0
16900.0 0.0 0.0 45.0 84984891.0 3565131.0 0.0 60220000.0 383.0 2.0 1000.0 31889978.0
17000.0 1.0 1.0 45.0 83643918.0 3586188.0 0.0 60220000.0 381.0 2.0 1000.0 33209894.0
17100.0 1.0 3.0 52.0 82239011.0 3574436.0 0.0 60220000.0 417.0 2.0 1000.0 34626553.0
17200.0 0.0 3.0 52.0 80773836.0 3516697.0 0.0 60220000.0 410.0 2.0 1000.0 36149467.0
17300.0 0.0 3.0 52.0 79334676.0 3436089.0 0.0 60220000.0 402.0 2.0 1000.0 37669235.0
17400.0 0.0 3.0 52.0 77929228.0 3320771.0 0.0 60220000.0 393.0 2.0 1000.0 39190001.0
17500.0 0.0 3.0 50.0 76551641.0 3200896.0 0.0 60220000.0 387.0 2.0 1000.0 40687463.0
17600.0 0.0 3.0 50.0 75192018.0 3100021.0 0.0 60220000.0 380.0 2.0 1000.0 42147961.0
17700.0 1.0 3.0 50.0 73850136.0 2981516.0 0.0 60220000.0 377.0 2.0 1000.0 43608348.0
17800.0 0.0 0.0 50.0 72489041.0 2873746.0 0.0 60220000.0 385.0 2.0 1000.0 45077213.0
17900.0 0.0 0.0 50.0 71134284.0 2772025.0 0.0 60220000.0 381.0 2.0 1000.0 46533691.0
18000.0 0.0 0.0 49.0 69790082.0 2674842.0 0.0 60220000.0 376.0 2.0 1000.0 47975076.0
18100.0 0.0 0.0 51.0 68465802.0 2557291.0 0.0 60220000.0 377.0 2.0 1000.0 49416907.0
18200.0 0.0 0.0 50.0 67142834.0 2406088.0 0.0 60220000.0 369.0 2.0 1000.0 50891078.0
18300.0 1.0 2.0 49.0 65839916.0 2287861.0 0.0 60220000.0 365.0 2.0 1000.0 52312223.0
18400.0 0.0 3.0 50.0 64521337.0 2163674.0 0.0 60220000.0 372.0 2.0 1000.0 53754989.0
18500.0 0.0 3.0 50.0 63209345.0 2035330.0 0.0 60220000.0 368.0 2.0 1000.0 55195325.0
18600.0 0.0 3.0 48.0 61915790.0 1924511.0 0.0 60220000.0 363.0 2.0 1000.0 56599699.0
18700.0 0.0 3.0 47.0 60650274.0 1825732.0 0.0 60220000.0 352.0 2.0 1000.0 57963994.0
18800.0 0.0 3.0 47.0 59411772.0 1719772.0 0.0 60220000.0 346.0 2.0 1000.0 59308456.0
18900.0 0.0 3.0 46.0 58198711.0 1592930.0 0.0 60220000.0 339.0 2.0 1000.0 60648359.0
19000.0 0.0 3.0 45.0 56997048.0 1495187.0 0.0 60220000.0 336.0 2.0 1000.0 61947765.0
19100.0 0.0 3.0 45.0 55815891.0 1401285.0 0.0 60220000.0 327.0 2.0 1000.0 63222824.0
19200.0 0.0 3.0 45.0 54671514.0 1274951.0 0.0 60220000.0 319.0 2.0 1000.0 64493535.0
19300.0 0.0 3.0 44.0 53547523.0 1163599.0 0.0 60220000.0 316.0 2.0 1000.0 65728878.0
19400.0 0.0 3.0 43.0 52429560.0 1066058.0 0.0 60220000.0 314.0 2.0 1000.0 66944382.0
19500.0 0.0 3.0 40.0 51319905.0 1029786.0 0.0 60220000.0 310.0 2.0 1000.0 68090309.0
19600.0 0.0 3.0 40.0 50225156.0 1016637.0 0.0 60220000.0 305.0 2.0 1000.0 69198207.0
19700.0 0.0 3.0 39.0 49140596.0 1003246.0 0.0 60220000.0 304.0 2.0 1000.0 70296158.0
19800.0 0.0 3.0 39.0 48072660.0 991516.0 0.0 60220000.0 297.0 2.0 1000.0 71375824.0
19900.0 0.0 3.0 39.0 47031942.0 957087.0 0.0 60220000.0 290.0 2.0 1000.0 72450971.0
