time rna_M monomer_betaGal protein_betaGal Lactose_external Lactose_internal Glucose_external Glucose_internal protein_Lactose_Permease dna_Lac_Operon Biomass Lactose_consumed
0.0 0.0 0.0 0.0 120440000.0 0.0 60220000.0 0.0 0.0 2.0 1000.0 0.0
100.0 0.0 0.0 0.0 120440000.0 0.0 30128047.0 30091953.0 0.0 2.0 1000.0 0.0
200.0 0.0 0.0 0.0 120440000.0 0.0 86027.0 60133973.0 0.0 2.0 1000.0 0.0
300.0 0.0 0.0 0.0 120440000.0 0.0 0.0 60220000.0 0.0 2.0 1000.0 0.0
400.0 0.0 0.0 0.0 120440000.0 0.0 0.0 60220000.0 0.0 2.0 1000.0 0.0
500.0 0.0 0.0 0.0 120440000.0 0.0 0.0 60220000.0 0.0 2.0 1000.0 0.0
600.0 0.0 0.0 0.0 120440000.0 0.0 0.0 60220000.0 0.0 2.0 1000.0 0.0
700.0 0.0 0.0 0.0 120440000.0 0.0 0.0 60220000.0 0.0 2.0 1000.0 0.0
800.0 0.0 0.0 0.0 120440000.0 0.0 0.0 60220000.0 0.0 2.0 1000.0 0.0
900.0 0.0 0.0 0.0 120440000.0 0.0 0.0 60220000.0 0.0 2.0 1000.0 0.0
1000.0 0.0 0.0 0.0 120440000.0 0.0 0.0 60220000.0 0.0 2.0 1000.0 0.0
1100.0 0.0 0.0 0.0 120440000.0 0.0 0.0 60220000.0 0.0 2.0 1000.0 0.0
1200.0 0.0 0.0 0.0 120440000.0 0.0 0.0 60220000.0 0.0 2.0 1000.0 0.0
1300.0 0.0 0.0 0.0 120440000.0 0.0 0.0 60220000.0 0.0 2.0 1000.0 0.0
1400.0 0.0 0.0 0.0 120440000.0 0.0 0.0 60220000.0 0.0 2.0 1000.0 0.0
1500.0 0.0 0.0 0.0 120440000.0 0.0 0.0 60220000.0 0.0 2.0 1000.0 0.0
1600.0 0.0 0.0 0.0 120440000.0 0.0 0.0 60220000.0 0.0 2.0 1000.0 0.0
1700.0 0.0 0.0 0.0 120440000.0 0.0 0.0 60220000.0 0.0 2.0 1000.0 0.0
1800.0 0.0 0.0 0.0 120440000.0 0.0 0.0 60220000.0 0.0 2.0 1000.0 0.0
1900.0 0.0 0.0 0.0 120440000.0 0.0 0.0 60220000.0 0.0 2.0 1000.0 0.0
2000.0 0.0 0.0 0.0 120440000.0 0.0 0.0 60220000.0 0.0 2.0 1000.0 0.0
2100.0 0.0 0.0 0.0 120440000.0 0.0 0.0 60220000.0 0.0 2.0 1000.0 0.0
2200.0 0.0 0.0 0.0 120440000.0 0.0 0.0 60220000.0 0.0 2.0 1000.0 0.0
2300.0 0.0 0.0 0.0 120440000.0 0.0 0.0 60220000.0 0.0 2.0 1000.0 0.0
2400.0 0.0 0.0 0.0 120440000.0 0.0 0.0 60220000.0 0.0 2.0 1000.0 0.0
2500.0 0.0 0.0 0.0 120440000.0 0.0 0.0 60220000.0 0.0 2.0 1000.0 0.0
2600.0 0.0 0.0 0.0 120440000.0 0.0 0.0 60220000.0 0.0 2.0 1000.0 0.0
2700.0 0.0 0.0 0.0 120440000.0 0.0 0.0 60220000.0 0.0 2.0 1000.0 0.0
2800.0 0.0 0.0 0.0 120440000.0 0.0 0.0 60220000.0 0.0 2.0 1000.0 0.0
2900.0 0.0 0.0 0.0 120440000.0 0.0 0.0 60220000.0 0.0 2.0 1000.0 0.0
3000.0 0.0 0.0 0.0 120440000.0 0.0 0.0 60220000.0 0.0 2.0 1000.0 0.0
3100.0 0.0 0.0 0.0 120440000.0 0.0 0.0 60220000.0 0.0 2.0 1000.0 0.0
3200.0 0.0 0.0 0.0 120440000.0 0.0 0.0 60220000.0 0.0 2.0 1000.0 0.0
3300.0 0.0 0.0 0.0 120440000.0 0.0 0.0 60220000.0 0.0 2.0 1000.0 0.0
3400.0 0.0 0.0 0.0 120440000.0 0.0 0.0 60220000.0 0.0 2.0 1000.0 0.0
3500.0 0.0 0.0 0.0 120440000.0 0.0 0.0 60220000.0 0.0 2.0 1000.0 0.0
3600.0 0.0 0.0 0.0 120440000.0 0.0 0.0 60220000.0 0.0 2.0 1000.0 0.0
3700.0 0.0 0.0 0.0 120440000.0 0.0 0.0 60220000.0 0.0 2.0 1000.0 0.0
3800.0 0.0 0.0 0.0 120440000.0 0.0 0.0 60220000.0 0.0 2.0 1000.0 0.0
3900.0 0.0 0.0 0.0 120440000.0 0.0 0.0 60220000.0 0.0 2.0 1000.0 0.0
4000.0 0.0 0.0 0.0 120440000.0 0.0 0.0 60220000.0 0.0 2.0 1000.0 0.0
4100.0 0.0 0.0 0.0 120440000.0 0.0 0.0 60220000.0 0.0 2.0 1000.0 0.0
4200.0 0.0 0.0 0.0 120440000.0 0.0 0.0 60220000.0 0.0 2.0 1000.0 0.0
4300.0 0.0 0.0 0.0 120440000.0 0.0 0.0 60220000.0 0.0 2.0 1000.0 0.0
4400.0 0.0 0.0 0.0 120440000.0 0.0 0.0 60220000.0 0.0 2.0 1000.0 0.0
4500.0 0.0 0.0 0.0 120440000.0 0.0 0.0 60220000.0 0.0 2.0 1000.0 0.0
4600.0 0.0 0.0 0.0 120440000.0 0.0 0.0 60220000.0 0.0 2.0 1000.0 0.0
4700.0 0.0 0.0 0.0 120440000.0 0.0 0.0 60220000.0 0.0 2.0 1000.0 0.0
4800.0 0.0 1.0 0.0 120440000.0 0.0 0.0 60220000.0 0.0 2.0 1000.0 0.0
4900.0 0.0 1.0 0.0 120440000.0 0.0 0.0 60220000.0 0.0 2.0 1000.0 0.0
5000.0 0.0 1.0 0.0 120440000.0 0.0 0.0 60220000.0 0.0 2.0 1000.0 0.0
5100.0 0.0 1.0 0.0 120440000.0 0.0 0.0 60220000.0 0.0 2.0 1000.0 0.0
5200.0 0.0 1.0 0.0 120440000.0 0.0 0.0 60220000.0 0.0 2.0 1000.0 0.0
5300.0 1.0 0.0 1.0 120435615.0 4255.0 0.0 60220000.0 9.0 2.0 1000.0 130.0
5400.0 1.0 1.0 3.0 120345919.0 73813.0 0.0 60220000.0 37.0 2.0 1000.0 20268.0
5500.0 0.0 3.0 6.0 120185314.0 146645.0 0.0 60220000.0 51.0 2.0 1000.0 108041.0
5600.0 0.0 3.0 6.0 120005378.0 204529.0 0.0 60220000.0 50.0 2.0 1000.0 230093.0
5700.0 0.0 3.0 6.0 119828819.0 249771.0 0.0 60220000.0 49.0 2.0 1000.0 361410.0
5800.0 0.0 3.0 6.0 119654910.0 286735.0 0.0 60220000.0 48.0 2.0 1000.0 498355.0
5900.0 0.0 3.0 6.0 119484812.0 315872.0 0.0 60220000.0 46.0 2.0 1000.0 639316.0
6000.0 0.0 3.0 6.0 119321070.0 336991.0 0.0 60220000.0 46.0 2.0 1000.0 781939.0
6100.0 0.0 3.0 6.0 119157403.0 356158.0 0.0 60220000.0 46.0 2.0 1000.0 926439.0
6200.0 0.0 3.0 6.0 118994147.0 373676.0 0.0 60220000.0 44.0 2.0 1000.0 1072177.0
6300.0 0.0 3.0 5.0 118836958.0 393375.0 0.0 60220000.0 44.0 2.0 1000.0 1209667.0
6400.0 0.0 3.0 5.0 118679709.0 426555.0 0.0 60220000.0 44.0 2.0 1000.0 1333736.0
6500.0 0.0 3.0 5.0 118523076.0 457535.0 0.0 60220000.0 44.0 2.0 1000.0 1459389.0
6600.0 0.0 3.0 5.0 118368298.0 485034.0 0.0 60220000.0 43.0 2.0 1000.0 1586668.0
6700.0 0.0 3.0 5.0 118215231.0 509706.0 0.0 60220000.0 43.0 2.0 1000.0 1715063.0
6800.0 0.0 3.0 5.0 118061127.0 534949.0 0.0 60220000.0 43.0 2.0 1000.0 1843924.0
6900.0 0.0 3.0 5.0 117908129.0 558083.0 0.0 60220000.0 43.0 2.0 1000.0 1973788.0
7000.0 0.0 3.0 5.0 117758609.0 578098.0 0.0 60220000.0 42.0 2.0 1000.0 2103293.0
7100.0 0.0 3.0 4.0 117608697.0 621142.0 0.0 60220000.0 42.0 2.0 1000.0 2210161.0
7200.0 0.0 3.0 4.0 117461405.0 662414.0 0.0 60220000.0 40.0 2.0 1000.0 2316181.0
7300.0 1.0 0.0 5.0 117319723.0 696126.0 0.0 60220000.0 41.0 2.0 1000.0 2424151.0
7400.0 0.0 1.0 7.0 117139080.0 707356.0 0.0 60220000.0 54.0 2.0 1000.0 2593564.0
7500.0 0.0 1.0 7.0 116946985.0 711572.0 0.0 60220000.0 53.0 2.0 1000.0 2781443.0
7600.0 0.0 1.0 7.0 116761769.0 708972.0 0.0 60220000.0 49.0 2.0 1000.0 2969259.0
7700.0 0.0 1.0 6.0 116587216.0 708404.0 0.0 60220000.0 49.0 2.0 1000.0 3144380.0
7800.0 0.0 1.0 6.0 116413964.0 720691.0 0.0 60220000.0 48.0 2.0 1000.0 3305345.0
7900.0 0.0 1.0 6.0 116242694.0 730761.0 0.0 60220000.0 48.0 2.0 1000.0 3466545.0
8000.0 0.0 1.0 6.0 116070889.0 741972.0 0.0 60220000.0 48.0 2.0 1000.0 3627139.0
8100.0 0.0 1.0 6.0 115903327.0 748708.0 0.0 60220000.0 46.0 2.0 1000.0 3787965.0
8200.0 0.0 1.0 6.0 115742315.0 747598.0 0.0 60220000.0 43.0 2.0 1000.0 3950087.0
8300.0 0.0 1.0 6.0 115588837.0 739430.0 0.0 60220000.0 43.0 2.0 1000.0 4111733.0
8400.0 0.0 1.0 6.0 115435934.0 730763.0 0.0 60220000.0 43.0 2.0 1000.0 4273303.0
8500.0 0.0 1.0 6.0 115290030.0 715790.0 0.0 60220000.0 40.0 2.0 1000.0 4434180.0
8600.0 0.0 1.0 6.0 115150881.0 693514.0 0.0 60220000.0 39.0 2.0 1000.0 4595605.0
8700.0 0.0 1.0 6.0 115012477.0 671613.0 0.0 60220000.0 38.0 2.0 1000.0 4755910.0
8800.0 1.0 0.0 7.0 114875101.0 650209.0 0.0 60220000.0 42.0 2.0 1000.0 4914690.0
8900.0 0.0 0.0 8.0 114679139.0 632954.0 0.0 60220000.0 60.0 2.0 1000.0 5127907.0
9000.0 0.0 0.0 8.0 114466266.0 633833.0 0.0 60220000.0 58.0 2.0 1000.0 5339901.0
9100.0 0.0 0.0 8.0 114259614.0 628142.0 0.0 60220000.0 57.0 2.0 1000.0 5552244.0
9200.0 0.0 0.0 8.0 114057688.0 619085.0 0.0 60220000.0 56.0 2.0 1000.0 5763227.0
9300.0 0.0 0.0 8.0 113859752.0 605937.0 0.0 60220000.0 55.0 2.0 1000.0 5974311.0
9400.0 1.0 0.0 8.0 113663244.0 591592.0 0.0 60220000.0 55.0 2.0 1000.0 6185164.0
9500.0 1.0 2.0 11.0 113413469.0 598986.0 0.0 60220000.0 85.0 2.0 1000.0 6427545.0
9600.0 0.0 2.0 13.0 113055480.0 629807.0 0.0 60220000.0 104.0 2.0 1000.0 6754713.0
9700.0 0.0 2.0 12.0 112691720.0 666830.0 0.0 60220000.0 101.0 2.0 1000.0 7081450.0
9800.0 0.0 2.0 12.0 112333288.0 704106.0 0.0 60220000.0 100.0 2.0 1000.0 7402606.0
9900.0 0.0 2.0 12.0 111981063.0 734378.0 0.0 60220000.0 96.0 2.0 1000.0 7724559.0
10000.0 0.0 2.0 10.0 111640965.0 781657.0 0.0 60220000.0 95.0 2.0 1000.0 8017378.0
10100.0 0.0 2.0 10.0 111306866.0 844172.0 0.0 60220000.0 92.0 2.0 1000.0 8288962.0
10200.0 0.0 2.0 9.0 110980051.0 920495.0 0.0 60220000.0 91.0 2.0 1000.0 8539454.0
10300.0 0.0 2.0 9.0 110660405.0 992323.0 0.0 60220000.0 89.0 2.0 1000.0 8787272.0
10400.0 0.0 2.0 9.0 110343671.0 1059963.0 0.0 60220000.0 89.0 2.0 1000.0 9036366.0
10500.0 0.0 2.0 9.0 110027249.0 1125954.0 0.0 60220000.0 89.0 2.0 1000.0 9286797.0
10600.0 0.0 2.0 7.0 109711755.0 1214870.0 0.0 60220000.0 88.0 2.0 1000.0 9513375.0
10700.0 1.0 2.0 6.0 109403161.0 1342028.0 0.0 60220000.0 87.0 2.0 1000.0 9694811.0
10800.0 0.0 1.0 9.0 109039368.0 1480682.0 0.0 60220000.0 109.0 2.0 1000.0 9919950.0
10900.0 0.0 1.0 9.0 108653269.0 1611196.0 0.0 60220000.0 108.0 2.0 1000.0 10175535.0
11000.0 0.0 1.0 9.0 108276818.0 1730550.0 0.0 60220000.0 104.0 2.0 1000.0 10432632.0
11100.0 0.0 1.0 9.0 107910519.0 1839471.0 0.0 60220000.0 103.0 2.0 1000.0 10690010.0
11200.0 0.0 1.0 8.0 107544741.0 1966093.0 0.0 60220000.0 103.0 2.0 1000.0 10929166.0
11300.0 1.0 3.0 8.0 107179732.0 2101260.0 0.0 60220000.0 103.0 2.0 1000.0 11159008.0
11400.0 1.0 0.0 12.0 106767304.0 2217921.0 0.0 60220000.0 129.0 2.0 1000.0 11454775.0
11500.0 1.0 2.0 14.0 106255605.0 2360694.0 0.0 60220000.0 161.0 2.0 1000.0 11823701.0
11600.0 0.0 1.0 15.0 105642009.0 2520632.0 0.0 60220000.0 178.0 2.0 1000.0 12277359.0
11700.0 0.0 1.0 13.0 105012705.0 2742457.0 0.0 60220000.0 177.0 2.0 1000.0 12684838.0
11800.0 0.0 1.0 13.0 104392448.0 2983141.0 0.0 60220000.0 172.0 2.0 1000.0 13064411.0
11900.0 0.0 1.0 12.0 103787211.0 3220923.0 0.0 60220000.0 170.0 2.0 1000.0 13431866.0
12000.0 0.0 1.0 11.0 103191057.0 3475799.0 0.0 60220000.0 168.0 2.0 1000.0 13773144.0
12100.0 1.0 1.0 12.0 102597245.0 3743378.0 0.0 60220000.0 173.0 2.0 1000.0 14099377.0
12200.0 1.0 3.0 14.0 101924666.0 4034188.0 0.0 60220000.0 206.0 2.0 1000.0 14481146.0
12300.0 0.0 0.0 19.0 101152535.0 4316628.0 0.0 60220000.0 230.0 2.0 1000.0 14970837.0
12400.0 0.0 0.0 19.0 100348493.0 4562189.0 0.0 60220000.0 226.0 2.0 1000.0 15529318.0
12500.0 0.0 0.0 19.0 99551469.0 4798572.0 0.0 60220000.0 223.0 2.0 1000.0 16089959.0
12600.0 1.0 0.0 18.0 98763441.0 5041366.0 0.0 60220000.0 222.0 2.0 1000.0 16635193.0
12700.0 0.0 0.0 20.0 97932010.0 5311442.0 0.0 60220000.0 240.0 2.0 1000.0 17196548.0
12800.0 1.0 1.0 21.0 97086318.0 5565291.0 0.0 60220000.0 245.0 2.0 1000.0 17788391.0
12900.0 1.0 2.0 24.0 96162583.0 5829596.0 0.0 60220000.0 271.0 2.0 1000.0 18447821.0
13000.0 0.0 0.0 25.0 95207677.0 6047843.0 0.0 60220000.0 270.0 2.0 1000.0 19184480.0
13100.0 0.0 0.0 25.0 94262198.0 6252815.0 0.0 60220000.0 266.0 2.0 1000.0 19924987.0
13200.0 0.0 0.0 24.0 93326567.0 6460585.0 0.0 60220000.0 265.0 2.0 1000.0 20652848.0
13300.0 1.0 2.0 27.0 92348160.0 6694173.0 0.0 60220000.0 295.0 2.0 1000.0 21397667.0
13400.0 1.0 2.0 32.0 91243789.0 6913461.0 0.0 60220000.0 333.0 2.0 1000.0 22282750.0
13500.0 0.0 1.0 34.0 90062279.0 7099616.0 0.0 60220000.0 331.0 2.0 1000.0 23278105.0
13600.0 1.0 0.0 33.0 88906681.0 7283258.0 0.0 60220000.0 327.0 2.0 1000.0 24250061.0
13700.0 2.0 2.0 40.0 87688134.0 7448423.0 0.0 60220000.0 379.0 2.0 1000.0 25303443.0
13800.0 3.0 0.0 48.0 86234083.0 7619199.0 0.0 60220000.0 450.0 2.0 1000.0 26586718.0
13900.0 4.0 3.0 54.0 84517109.0 7837308.0 0.0 60220000.0 524.0 2.0 1000.0 28085583.0
14000.0 2.0 0.0 71.0 82419987.0 8091126.0 0.0 60220000.0 656.0 2.0 1000.0 29928887.0
14100.0 0.0 0.0 73.0 80062617.0 8341028.0 0.0 60220000.0 675.0 2.0 1000.0 32036355.0
14200.0 0.0 0.0 72.0 77707019.0 8546995.0 0.0 60220000.0 662.0 2.0 1000.0 34185986.0
14300.0 0.0 0.0 71.0 75391065.0 8745643.0 0.0 60220000.0 657.0 2.0 1000.0 36303292.0
14400.0 1.0 2.0 70.0 73110357.0 8935195.0 0.0 60220000.0 647.0 2.0 1000.0 38394448.0
14500.0 1.0 3.0 73.0 70786682.0 9135045.0 0.0 60220000.0 675.0 2.0 1000.0 40518273.0
14600.0 3.0 0.0 78.0 68362274.0 9341900.0 0.0 60220000.0 715.0 2.0 1000.0 42735826.0
14700.0 2.0 2.0 85.0 65676256.0 9586813.0 0.0 60220000.0 797.0 2.0 1000.0 45176931.0
14800.0 1.0 1.0 89.0 62808365.0 9876324.0 0.0 60220000.0 832.0 2.0 1000.0 47755311.0
14900.0 1.0 0.0 93.0 59810683.0 10155791.0 0.0 60220000.0 869.0 2.0 1000.0 50473526.0
15000.0 0.0 3.0 93.0 56719011.0 10463472.0 0.0 60220000.0 881.0 2.0 1000.0 53257517.0
15100.0 0.0 3.0 88.0 53656386.0 10825065.0 0.0 60220000.0 865.0 2.0 1000.0 55958549.0
15200.0 0.0 3.0 87.0 50651639.0 11229058.0 0.0 60220000.0 854.0 2.0 1000.0 58559303.0
15300.0 1.0 0.0 87.0 47680275.0 11627628.0 0.0 60220000.0 849.0 2.0 1000.0 61132097.0
15400.0 0.0 1.0 88.0 44688678.0 12019623.0 0.0 60220000.0 857.0 2.0 1000.0 63731699.0
15500.0 0.0 1.0 87.0 41718300.0 12368134.0 0.0 60220000.0 841.0 2.0 1000.0 66353566.0
15600.0 0.0 1.0 86.0 38798873.0 12708669.0 0.0 60220000.0 829.0 2.0 1000.0 68932458.0
15700.0 0.0 1.0 85.0 35928772.0 13031381.0 0.0 60220000.0 816.0 2.0 1000.0 71479847.0
15800.0 1.0 2.0 85.0 33092794.0 13361238.0 0.0 60220000.0 813.0 2.0 1000.0 73985968.0
15900.0 1.0 2.0 83.0 30228399.0 13727144.0 0.0 60220000.0 823.0 2.0 1000.0 76484457.0
16000.0 1.0 3.0 85.0 27329492.0 14106294.0 0.0 60220000.0 840.0 2.0 1000.0 79004214.0
16100.0 1.0 1.0 88.0 24370790.0 14478016.0 0.0 60220000.0 851.0 2.0 1000.0 81591194.0
16200.0 0.0 0.0 89.0 21367564.0 14830443.0 0.0 60220000.0 863.0 2.0 1000.0 84241993.0
16300.0 0.0 0.0 89.0 18387703.0 15157726.0 0.0 60220000.0 850.0 2.0 1000.0 86894571.0
16400.0 2.0 0.0 89.0 15456250.0 15461887.0 0.0 60220000.0 851.0 2.0 1000.0 89521863.0
16500.0 2.0 2.0 94.0 12437016.0 15796752.0 0.0 60220000.0 892.0 2.0 1000.0 92206232.0
16600.0 0.0 2.0 95.0 9336186.0 16053777.0 0.0 60220000.0 897.0 2.0 1000.0 95050037.0
16700.0 0.0 2.0 95.0 6263035.0 16289938.0 0.0 60220000.0 891.0 2.0 1000.0 97887027.0
16800.0 2.0 1.0 99.0 3244454.0 16459608.0 0.0 60220000.0 903.0 2.0 1000.0 100735938.0
16900.0 0.0 3.0 96.0 393126.0 16378844.0 0.0 60220000.0 908.0 2.0 1000.0 103668030.0
17000.0 0.0 3.0 95.0 3366.0 13907428.0 0.0 60220000.0 893.0 2.0 1000.0 106529206.0
17100.0 1.0 0.0 99.0 2938.0 11016676.0 0.0 60220000.0 900.0 2.0 1000.0 109420386.0
17200.0 3.0 3.0 104.0 2446.0 8019480.0 0.0 60220000.0 938.0 2.0 1000.0 112418074.0
17300.0 2.0 3.0 114.0 1905.0 4764114.0 0.0 60220000.0 1016.0 2.0 1000.0 115673981.0
17400.0 1.0 2.0 117.0 772.0 1390708.0 0.0 60220000.0 1044.0 2.0 1000.0 119048520.0
17500.0 1.0 1.0 118.0 0.0 0.0 0.0 60220000.0 1054.0 2.0 1000.0 120440000.0
17600.0 1.0 3.0 121.0 0.0 0.0 0.0 60220000.0 1067.0 2.0 1000.0 120440000.0
17700.0 1.0 2.0 122.0 0.0 0.0 0.0 60220000.0 1080.0 2.0 1000.0 120440000.0
17800.0 1.0 0.0 122.0 0.0 0.0 0.0 60220000.0 1092.0 2.0 1000.0 120440000.0
17900.0 0.0 2.0 120.0 0.0 0.0 0.0 60220000.0 1074.0 2.0 1000.0 120440000.0
18000.0 0.0 2.0 120.0 0.0 0.0 0.0 60220000.0 1063.0 2.0 1000.0 120440000.0
18100.0 0.0 2.0 116.0 0.0 0.0 0.0 60220000.0 1048.0 2.0 1000.0 120440000.0
18200.0 0.0 2.0 113.0 0.0 0.0 0.0 60220000.0 1027.0 2.0 1000.0 120440000.0
18300.0 0.0 2.0 112.0 0.0 0.0 0.0 60220000.0 1011.0 2.0 1000.0 120440000.0
18400.0 0.0 2.0 110.0 0.0 0.0 0.0 60220000.0 996.0 2.0 1000.0 120440000.0
18500.0 0.0 2.0 108.0 0.0 0.0 0.0 60220000.0 982.0 2.0 1000.0 120440000.0
18600.0 0.0 2.0 108.0 0.0 0.0 0.0 60220000.0 964.0 2.0 1000.0 120440000.0
18700.0 0.0 2.0 107.0 0.0 0.0 0.0 60220000.0 949.0 2.0 1000.0 120440000.0
18800.0 0.0 2.0 103.0 0.0 0.0 0.0 60220000.0 931.0 2.0 1000.0 120440000.0
18900.0 0.0 2.0 100.0 0.0 0.0 0.0 60220000.0 914.0 2.0 1000.0 120440000.0
19000.0 0.0 2.0 99.0 0.0 0.0 0.0 60220000.0 897.0 2.0 1000.0 120440000.0
19100.0 0.0 2.0 98.0 0.0 0.0 0.0 60220000.0 882.0 2.0 1000.0 120440000.0
19200.0 0.0 2.0 98.0 0.0 0.0 0.0 60220000.0 868.0 2.0 1000.0 120440000.0
19300.0 0.0 2.0 95.0 0.0 0.0 0.0 60220000.0 857.0 2.0 1000.0 120440000.0
19400.0 0.0 2.0 95.0 0.0 0.0 0.0 60220000.0 842.0 2.0 1000.0 120440000.0
19500.0 0.0 2.0 93.0 0.0 0.0 0.0 60220000.0 830.0 2.0 1000.0 120440000.0
19600.0 0.0 2.0 92.0 0.0 0.0 0.0 60220000.0 815.0 2.0 1000.0 120440000.0
19700.0 0.0 2.0 89.0 0.0 0.0 0.0 60220000.0 799.0 2.0 1000.0 120440000.0
19800.0 0.0 2.0 89.0 0.0 0.0 0.0 60220000.0 787.0 2.0 1000.0 120440000.0
19900.0 0.0 2.0 86.0 0.0 0.0 0.0 60220000.0 772.0 2.0 1000.0 120440000.0
