time rna_M monomer_betaGal protein_betaGal Lactose_external Lactose_internal Glucose_external Glucose_internal protein_Lactose_Permease dna_Lac_Operon Biomass Lactose_consumed
0.0 0.0 0.0 0.0 120440000.0 0.0 60220000.0 0.0 0.0 2.0 1000.0 0.0
100.0 0.0 0.0 0.0 120440000.0 0.0 30118613.0 30101387.0 0.0 2.0 1000.0 0.0
200.0 0.0 0.0 0.0 120440000.0 0.0 70069.0 60149931.0 0.0 2.0 1000.0 0.0
300.0 0.0 0.0 0.0 120440000.0 0.0 0.0 60220000.0 0.0 2.0 1000.0 0.0
400.0 0.0 0.0 0.0 120440000.0 0.0 0.0 60220000.0 0.0 2.0 1000.0 0.0
500.0 0.0 0.0 0.0 120440000.0 0.0 0.0 60220000.0 0.0 2.0 1000.0 0.0
600.0 0.0 0.0 0.0 120440000.0 0.0 0.0 60220000.0 0.0 2.0 1000.0 0.0
700.0 0.0 0.0 0.0 120440000.0 0.0 0.0 60220000.0 0.0 2.0 1000.0 0.0
800.0 0.0 0.0 0.0 120440000.0 0.0 0.0 60220000.0 0.0 2.0 1000.0 0.0
900.0 0.0 0.0 0.0 120440000.0 0.0 0.0 60220000.0 0.0 2.0 1000.0 0.0
1000.0 0.0 0.0 0.0 120440000.0 0.0 0.0 60220000.0 0.0 2.0 1000.0 0.0
1100.0 0.0 0.0 0.0 120440000.0 0.0 0.0 60220000.0 0.0 2.0 1000.0 0.0
1200.0 0.0 0.0 0.0 120440000.0 0.0 0.0 60220000.0 0.0 2.0 1000.0 0.0
1300.0 0.0 0.0 1.0 120425364.0 13243.0 0.0 60220000.0 6.0 2.0 1000.0 1393.0
1400.0 0.0 0.0 1.0 120403978.0 28789.0 0.0 60220000.0 6.0 2.0 1000.0 7233.0
1500.0 0.0 0.0 1.0 120382494.0 41347.0 0.0 60220000.0 6.0 2.0 1000.0 16159.0
1600.0 0.0 0.0 1.0 120360900.0 52200.0 0.0 60220000.0 6.0 2.0 1000.0 26900.0
1700.0 0.0 0.0 1.0 120339505.0 61700.0 0.0 60220000.0 6.0 2.0 1000.0 38795.0
1800.0 0.0 0.0 1.0 120320269.0 67672.0 0.0 60220000.0 5.0 2.0 1000.0 52059.0
1900.0 0.0 0.0 1.0 120302414.0 71897.0 0.0 60220000.0 5.0 2.0 1000.0 65689.0
2000.0 0.0 0.0 1.0 120284608.0 75665.0 0.0 60220000.0 5.0 2.0 1000.0 79727.0
2100.0 0.0 0.0 1.0 120267039.0 78843.0 0.0 60220000.0 5.0 2.0 1000.0 94118.0
2200.0 0.0 0.0 1.0 120249125.0 82188.0 0.0 60220000.0 5.0 2.0 1000.0 108687.0
2300.0 0.0 0.0 1.0 120231213.0 85150.0 0.0 60220000.0 5.0 2.0 1000.0 123637.0
2400.0 0.0 0.0 1.0 120213212.0 88120.0 0.0 60220000.0 5.0 2.0 1000.0 138668.0
2500.0 0.0 0.0 1.0 120195370.0 90603.0 0.0 60220000.0 5.0 2.0 1000.0 154027.0
2600.0 0.0 0.0 1.0 120177415.0 92887.0 0.0 60220000.0 5.0 2.0 1000.0 169698.0
2700.0 0.0 0.0 1.0 120159344.0 95080.0 0.0 60220000.0 5.0 2.0 1000.0 185576.0
2800.0 0.0 0.0 1.0 120141458.0 97112.0 0.0 60220000.0 5.0 2.0 1000.0 201430.0
2900.0 0.0 0.0 1.0 120123717.0 98683.0 0.0 60220000.0 5.0 2.0 1000.0 217600.0
3000.0 0.0 0.0 1.0 120105892.0 100212.0 0.0 60220000.0 5.0 2.0 1000.0 233896.0
3100.0 0.0 0.0 1.0 120087977.0 101458.0 0.0 60220000.0 5.0 2.0 1000.0 250565.0
3200.0 0.0 0.0 1.0 120070248.0 102871.0 0.0 60220000.0 5.0 2.0 1000.0 266881.0
3300.0 0.0 0.0 1.0 120052570.0 103828.0 0.0 60220000.0 5.0 2.0 1000.0 283602.0
3400.0 0.0 0.0 1.0 120034560.0 105211.0 0.0 60220000.0 5.0 2.0 1000.0 300229.0
3500.0 0.0 0.0 1.0 120016639.0 106424.0 0.0 60220000.0 5.0 2.0 1000.0 316937.0
3600.0 0.0 0.0 1.0 120001625.0 104714.0 0.0 60220000.0 4.0 2.0 1000.0 333661.0
3700.0 0.0 0.0 1.0 119987463.0 102503.0 0.0 60220000.0 4.0 2.0 1000.0 350034.0
3800.0 0.0 0.0 1.0 119973274.0 100301.0 0.0 60220000.0 4.0 2.0 1000.0 366425.0
3900.0 0.0 0.0 1.0 119959011.0 98245.0 0.0 60220000.0 4.0 2.0 1000.0 382744.0
4000.0 0.0 0.0 1.0 119944865.0 96348.0 0.0 60220000.0 4.0 2.0 1000.0 398787.0
4100.0 0.0 0.0 1.0 119930467.0 94815.0 0.0 60220000.0 4.0 2.0 1000.0 414718.0
4200.0 0.0 0.0 1.0 119916092.0 93471.0 0.0 60220000.0 4.0 2.0 1000.0 430437.0
4300.0 0.0 0.0 1.0 119901862.0 92064.0 0.0 60220000.0 4.0 2.0 1000.0 446074.0
4400.0 0.0 0.0 1.0 119887470.0 90820.0 0.0 60220000.0 4.0 2.0 1000.0 461710.0
4500.0 0.0 0.0 1.0 119873244.0 89502.0 0.0 60220000.0 4.0 2.0 1000.0 477254.0
4600.0 0.0 0.0 1.0 119859176.0 88074.0 0.0 60220000.0 4.0 2.0 1000.0 492750.0
4700.0 0.0 0.0 1.0 119844947.0 86833.0 0.0 60220000.0 4.0 2.0 1000.0 508220.0
4800.0 0.0 0.0 1.0 119830530.0 85976.0 0.0 60220000.0 4.0 2.0 1000.0 523494.0
4900.0 0.0 0.0 1.0 119816216.0 85178.0 0.0 60220000.0 4.0 2.0 1000.0 538606.0
5000.0 0.0 0.0 1.0 119801834.0 84624.0 0.0 60220000.0 4.0 2.0 1000.0 553542.0
5100.0 0.0 0.0 1.0 119787479.0 83999.0 0.0 60220000.0 4.0 2.0 1000.0 568522.0
5200.0 0.0 0.0 1.0 119773290.0 83275.0 0.0 60220000.0 4.0 2.0 1000.0 583435.0
5300.0 0.0 0.0 1.0 119758906.0 82755.0 0.0 60220000.0 4.0 2.0 1000.0 598339.0
5400.0 0.0 0.0 1.0 119744685.0 82071.0 0.0 60220000.0 4.0 2.0 1000.0 613244.0
5500.0 0.0 0.0 1.0 119730502.0 81586.0 0.0 60220000.0 4.0 2.0 1000.0 627912.0
5600.0 0.0 0.0 1.0 119716171.0 81090.0 0.0 60220000.0 4.0 2.0 1000.0 642739.0
5700.0 0.0 0.0 1.0 119701814.0 80786.0 0.0 60220000.0 4.0 2.0 1000.0 657400.0
5800.0 0.0 0.0 1.0 119687464.0 80528.0 0.0 60220000.0 4.0 2.0 1000.0 672008.0
5900.0 0.0 0.0 1.0 119676170.0 77446.0 0.0 60220000.0 3.0 2.0 1000.0 686384.0
6000.0 0.0 0.0 1.0 119665442.0 73980.0 0.0 60220000.0 3.0 2.0 1000.0 700578.0
6100.0 0.0 0.0 1.0 119654801.0 70751.0 0.0 60220000.0 3.0 2.0 1000.0 714448.0
6200.0 0.0 0.0 1.0 119643996.0 67751.0 0.0 60220000.0 3.0 2.0 1000.0 728253.0
6300.0 0.0 0.0 1.0 119633187.0 65373.0 0.0 60220000.0 3.0 2.0 1000.0 741440.0
6400.0 0.0 0.0 1.0 119622544.0 63030.0 0.0 60220000.0 3.0 2.0 1000.0 754426.0
6500.0 0.0 0.0 1.0 119613563.0 59250.0 0.0 60220000.0 2.0 2.0 1000.0 767187.0
6600.0 0.0 0.0 1.0 119606209.0 54579.0 0.0 60220000.0 2.0 2.0 1000.0 779212.0
6700.0 0.0 0.0 1.0 119599106.0 50210.0 0.0 60220000.0 2.0 2.0 1000.0 790684.0
6800.0 0.0 3.0 2.0 119562548.0 69691.0 0.0 60220000.0 21.0 2.0 1000.0 807761.0
6900.0 0.0 3.0 2.0 119490792.0 110285.0 0.0 60220000.0 19.0 2.0 1000.0 838923.0
7000.0 0.0 3.0 2.0 119423067.0 141954.0 0.0 60220000.0 19.0 2.0 1000.0 874979.0
7100.0 0.0 3.0 2.0 119354692.0 171420.0 0.0 60220000.0 19.0 2.0 1000.0 913888.0
7200.0 0.0 3.0 2.0 119290793.0 193916.0 0.0 60220000.0 17.0 2.0 1000.0 955291.0
7300.0 0.0 3.0 2.0 119229922.0 212270.0 0.0 60220000.0 17.0 2.0 1000.0 997808.0
7400.0 0.0 3.0 2.0 119169424.0 229165.0 0.0 60220000.0 16.0 2.0 1000.0 1041411.0
7500.0 0.0 3.0 2.0 119112084.0 242602.0 0.0 60220000.0 15.0 2.0 1000.0 1085314.0
7600.0 0.0 3.0 2.0 119058553.0 250868.0 0.0 60220000.0 15.0 2.0 1000.0 1130579.0
7700.0 0.0 3.0 2.0 119007338.0 256842.0 0.0 60220000.0 13.0 2.0 1000.0 1175820.0
7800.0 0.0 3.0 2.0 118967211.0 251939.0 0.0 60220000.0 11.0 2.0 1000.0 1220850.0
7900.0 0.0 3.0 2.0 118928208.0 246176.0 0.0 60220000.0 11.0 2.0 1000.0 1265616.0
8000.0 0.0 3.0 2.0 118891265.0 238789.0 0.0 60220000.0 10.0 2.0 1000.0 1309946.0
8100.0 0.0 3.0 2.0 118855726.0 230149.0 0.0 60220000.0 10.0 2.0 1000.0 1354125.0
8200.0 0.0 3.0 2.0 118820387.0 221877.0 0.0 60220000.0 10.0 2.0 1000.0 1397736.0
8300.0 0.0 3.0 2.0 118784812.0 214440.0 0.0 60220000.0 10.0 2.0 1000.0 1440748.0
8400.0 0.0 3.0 2.0 118749252.0 207122.0 0.0 60220000.0 10.0 2.0 1000.0 1483626.0
8500.0 0.0 3.0 2.0 118713382.0 200591.0 0.0 60220000.0 10.0 2.0 1000.0 1526027.0
8600.0 0.0 3.0 2.0 118677722.0 194096.0 0.0 60220000.0 10.0 2.0 1000.0 1568182.0
8700.0 0.0 3.0 2.0 118641932.0 187958.0 0.0 60220000.0 10.0 2.0 1000.0 1610110.0
8800.0 0.0 3.0 2.0 118605945.0 182723.0 0.0 60220000.0 10.0 2.0 1000.0 1651332.0
8900.0 0.0 3.0 2.0 118569818.0 177971.0 0.0 60220000.0 10.0 2.0 1000.0 1692211.0
9000.0 0.0 3.0 2.0 118533894.0 173150.0 0.0 60220000.0 10.0 2.0 1000.0 1732956.0
9100.0 0.0 3.0 2.0 118498019.0 168754.0 0.0 60220000.0 10.0 2.0 1000.0 1773227.0
9200.0 0.0 3.0 2.0 118464249.0 162676.0 0.0 60220000.0 9.0 2.0 1000.0 1813075.0
9300.0 0.0 3.0 2.0 118432128.0 155693.0 0.0 60220000.0 9.0 2.0 1000.0 1852179.0
9400.0 0.0 3.0 2.0 118399881.0 149390.0 0.0 60220000.0 9.0 2.0 1000.0 1890729.0
9500.0 0.0 3.0 2.0 118367632.0 143482.0 0.0 60220000.0 9.0 2.0 1000.0 1928886.0
9600.0 0.0 3.0 2.0 118335608.0 138068.0 0.0 60220000.0 9.0 2.0 1000.0 1966324.0
9700.0 0.0 3.0 2.0 118303417.0 133337.0 0.0 60220000.0 9.0 2.0 1000.0 2003246.0
9800.0 0.0 3.0 2.0 118271343.0 128649.0 0.0 60220000.0 9.0 2.0 1000.0 2040008.0
9900.0 0.0 3.0 2.0 118239123.0 125229.0 0.0 60220000.0 9.0 2.0 1000.0 2075648.0
10000.0 0.0 3.0 2.0 118206864.0 121759.0 0.0 60220000.0 9.0 2.0 1000.0 2111377.0
10100.0 0.0 3.0 2.0 118174955.0 118382.0 0.0 60220000.0 9.0 2.0 1000.0 2146663.0
10200.0 0.0 3.0 2.0 118143028.0 115586.0 0.0 60220000.0 9.0 2.0 1000.0 2181386.0
10300.0 0.0 3.0 2.0 118110897.0 113115.0 0.0 60220000.0 9.0 2.0 1000.0 2215988.0
10400.0 0.0 3.0 2.0 118078608.0 111119.0 0.0 60220000.0 9.0 2.0 1000.0 2250273.0
10500.0 0.0 3.0 2.0 118046673.0 109132.0 0.0 60220000.0 9.0 2.0 1000.0 2284195.0
10600.0 0.0 3.0 2.0 118014471.0 107829.0 0.0 60220000.0 9.0 2.0 1000.0 2317700.0
10700.0 0.0 3.0 2.0 117984979.0 103898.0 0.0 60220000.0 8.0 2.0 1000.0 2351123.0
10800.0 0.0 3.0 2.0 117956336.0 100060.0 0.0 60220000.0 8.0 2.0 1000.0 2383604.0
10900.0 0.0 3.0 2.0 117927864.0 96246.0 0.0 60220000.0 8.0 2.0 1000.0 2415890.0
11000.0 0.0 3.0 2.0 117899353.0 92985.0 0.0 60220000.0 8.0 2.0 1000.0 2447662.0
11100.0 1.0 0.0 3.0 117870463.0 90146.0 0.0 60220000.0 11.0 2.0 1000.0 2479391.0
11200.0 1.0 3.0 6.0 117790701.0 100501.0 0.0 60220000.0 35.0 2.0 1000.0 2548798.0
11300.0 0.0 1.0 9.0 117601438.0 154130.0 0.0 60220000.0 65.0 2.0 1000.0 2684432.0
11400.0 0.0 1.0 9.0 117369839.0 202358.0 0.0 60220000.0 64.0 2.0 1000.0 2867803.0
11500.0 0.0 1.0 8.0 117145141.0 234289.0 0.0 60220000.0 63.0 2.0 1000.0 3060570.0
11600.0 0.0 1.0 8.0 116920058.0 278962.0 0.0 60220000.0 63.0 2.0 1000.0 3240980.0
11700.0 0.0 1.0 8.0 116697841.0 313391.0 0.0 60220000.0 60.0 2.0 1000.0 3428768.0
11800.0 0.0 1.0 8.0 116489207.0 331478.0 0.0 60220000.0 58.0 2.0 1000.0 3619315.0
11900.0 0.0 1.0 8.0 116282302.0 346118.0 0.0 60220000.0 58.0 2.0 1000.0 3811580.0
12000.0 0.0 1.0 8.0 116077791.0 357145.0 0.0 60220000.0 57.0 2.0 1000.0 4005064.0
12100.0 0.0 1.0 8.0 115873954.0 365858.0 0.0 60220000.0 57.0 2.0 1000.0 4200188.0
12200.0 0.0 1.0 8.0 115671788.0 372599.0 0.0 60220000.0 56.0 2.0 1000.0 4395613.0
12300.0 0.0 1.0 8.0 115471952.0 376476.0 0.0 60220000.0 56.0 2.0 1000.0 4591572.0
12400.0 0.0 1.0 7.0 115274612.0 396389.0 0.0 60220000.0 55.0 2.0 1000.0 4768999.0
12500.0 0.0 1.0 7.0 115078215.0 418498.0 0.0 60220000.0 55.0 2.0 1000.0 4943287.0
12600.0 0.0 1.0 7.0 114882717.0 438400.0 0.0 60220000.0 55.0 2.0 1000.0 5118883.0
12700.0 0.0 1.0 7.0 114689387.0 454918.0 0.0 60220000.0 54.0 2.0 1000.0 5295695.0
12800.0 0.0 1.0 7.0 114496805.0 469315.0 0.0 60220000.0 54.0 2.0 1000.0 5473880.0
12900.0 0.0 1.0 7.0 114303526.0 484819.0 0.0 60220000.0 54.0 2.0 1000.0 5651655.0
13000.0 0.0 1.0 7.0 114114062.0 496090.0 0.0 60220000.0 53.0 2.0 1000.0 5829848.0
13100.0 0.0 1.0 7.0 113925156.0 504800.0 0.0 60220000.0 53.0 2.0 1000.0 6010044.0
13200.0 0.0 1.0 7.0 113736383.0 514079.0 0.0 60220000.0 53.0 2.0 1000.0 6189538.0
13300.0 0.0 1.0 7.0 113549690.0 520041.0 0.0 60220000.0 52.0 2.0 1000.0 6370269.0
13400.0 0.0 1.0 7.0 113365191.0 523566.0 0.0 60220000.0 51.0 2.0 1000.0 6551243.0
13500.0 0.0 1.0 6.0 113183218.0 530590.0 0.0 60220000.0 51.0 2.0 1000.0 6726192.0
13600.0 0.0 1.0 6.0 113004380.0 554137.0 0.0 60220000.0 50.0 2.0 1000.0 6881483.0
13700.0 0.0 1.0 6.0 112826626.0 574716.0 0.0 60220000.0 49.0 2.0 1000.0 7038658.0
13800.0 0.0 1.0 6.0 112654541.0 590541.0 0.0 60220000.0 48.0 2.0 1000.0 7194918.0
13900.0 0.0 1.0 6.0 112483210.0 604260.0 0.0 60220000.0 48.0 2.0 1000.0 7352530.0
14000.0 0.0 1.0 6.0 112312905.0 616454.0 0.0 60220000.0 47.0 2.0 1000.0 7510641.0
14100.0 0.0 1.0 6.0 112147827.0 622371.0 0.0 60220000.0 46.0 2.0 1000.0 7669802.0
14200.0 0.0 1.0 6.0 111988649.0 623696.0 0.0 60220000.0 44.0 2.0 1000.0 7827655.0
14300.0 0.0 1.0 6.0 111831567.0 622818.0 0.0 60220000.0 44.0 2.0 1000.0 7985615.0
14400.0 0.0 1.0 6.0 111674792.0 620479.0 0.0 60220000.0 44.0 2.0 1000.0 8144729.0
14500.0 0.0 1.0 6.0 111518084.0 618268.0 0.0 60220000.0 44.0 2.0 1000.0 8303648.0
14600.0 0.0 1.0 6.0 111361661.0 615643.0 0.0 60220000.0 44.0 2.0 1000.0 8462696.0
14700.0 0.0 1.0 5.0 111207382.0 612842.0 0.0 60220000.0 43.0 2.0 1000.0 8619776.0
14800.0 0.0 1.0 5.0 111056565.0 631330.0 0.0 60220000.0 42.0 2.0 1000.0 8752105.0
14900.0 0.0 1.0 5.0 110906938.0 648102.0 0.0 60220000.0 42.0 2.0 1000.0 8884960.0
15000.0 0.0 1.0 5.0 110758611.0 663064.0 0.0 60220000.0 41.0 2.0 1000.0 9018325.0
15100.0 0.0 1.0 5.0 110612614.0 675947.0 0.0 60220000.0 41.0 2.0 1000.0 9151439.0
15200.0 0.0 1.0 5.0 110465934.0 689339.0 0.0 60220000.0 41.0 2.0 1000.0 9284727.0
15300.0 0.0 1.0 5.0 110319349.0 702770.0 0.0 60220000.0 41.0 2.0 1000.0 9417881.0
15400.0 0.0 1.0 5.0 110173545.0 714420.0 0.0 60220000.0 40.0 2.0 1000.0 9552035.0
15500.0 0.0 1.0 5.0 110032834.0 720625.0 0.0 60220000.0 39.0 2.0 1000.0 9686541.0
15600.0 0.0 1.0 5.0 109899755.0 718729.0 0.0 60220000.0 37.0 2.0 1000.0 9821516.0
15700.0 0.0 1.0 5.0 109768151.0 715837.0 0.0 60220000.0 37.0 2.0 1000.0 9956012.0
15800.0 0.0 1.0 4.0 109636031.0 736725.0 0.0 60220000.0 37.0 2.0 1000.0 10067244.0
15900.0 0.0 1.0 4.0 109513005.0 751545.0 0.0 60220000.0 34.0 2.0 1000.0 10175450.0
16000.0 0.0 1.0 4.0 109391713.0 764492.0 0.0 60220000.0 34.0 2.0 1000.0 10283795.0
16100.0 0.0 1.0 4.0 109270799.0 777270.0 0.0 60220000.0 34.0 2.0 1000.0 10391931.0
16200.0 0.0 1.0 4.0 109149621.0 790503.0 0.0 60220000.0 34.0 2.0 1000.0 10499876.0
16300.0 0.0 1.0 4.0 109028249.0 802841.0 0.0 60220000.0 34.0 2.0 1000.0 10608910.0
16400.0 0.0 1.0 4.0 108912956.0 809635.0 0.0 60220000.0 32.0 2.0 1000.0 10717409.0
16500.0 1.0 2.0 5.0 108791301.0 819068.0 0.0 60220000.0 42.0 2.0 1000.0 10829631.0
16600.0 0.0 2.0 7.0 108613088.0 816635.0 0.0 60220000.0 51.0 2.0 1000.0 11010277.0
16700.0 0.0 2.0 6.0 108432809.0 824208.0 0.0 60220000.0 50.0 2.0 1000.0 11182983.0
16800.0 0.0 2.0 6.0 108259124.0 834417.0 0.0 60220000.0 48.0 2.0 1000.0 11346459.0
16900.0 0.0 2.0 6.0 108089276.0 841154.0 0.0 60220000.0 47.0 2.0 1000.0 11509570.0
17000.0 0.0 2.0 6.0 107923152.0 843812.0 0.0 60220000.0 46.0 2.0 1000.0 11673036.0
17100.0 0.0 2.0 6.0 107759511.0 844053.0 0.0 60220000.0 46.0 2.0 1000.0 11836436.0
17200.0 0.0 2.0 6.0 107598357.0 841296.0 0.0 60220000.0 45.0 2.0 1000.0 12000347.0
17300.0 0.0 2.0 6.0 107440246.0 835701.0 0.0 60220000.0 44.0 2.0 1000.0 12164053.0
17400.0 0.0 2.0 6.0 107285292.0 827559.0 0.0 60220000.0 43.0 2.0 1000.0 12327149.0
17500.0 0.0 2.0 6.0 107131847.0 818046.0 0.0 60220000.0 43.0 2.0 1000.0 12490107.0
17600.0 0.0 2.0 6.0 106978702.0 808427.0 0.0 60220000.0 43.0 2.0 1000.0 12652871.0
17700.0 0.0 2.0 6.0 106833045.0 791001.0 0.0 60220000.0 40.0 2.0 1000.0 12815954.0
17800.0 0.0 2.0 5.0 106693568.0 777891.0 0.0 60220000.0 39.0 2.0 1000.0 12968541.0
17900.0 0.0 2.0 5.0 106553934.0 782595.0 0.0 60220000.0 39.0 2.0 1000.0 13103471.0
18000.0 0.0 2.0 5.0 106421807.0 778683.0 0.0 60220000.0 35.0 2.0 1000.0 13239510.0
18100.0 0.0 2.0 5.0 106297080.0 767930.0 0.0 60220000.0 35.0 2.0 1000.0 13374990.0
18200.0 0.0 2.0 4.0 106172306.0 773955.0 0.0 60220000.0 35.0 2.0 1000.0 13493739.0
18300.0 0.0 2.0 4.0 106046607.0 790783.0 0.0 60220000.0 35.0 2.0 1000.0 13602610.0
18400.0 0.0 2.0 4.0 105922865.0 805938.0 0.0 60220000.0 34.0 2.0 1000.0 13711197.0
18500.0 0.0 2.0 4.0 105804569.0 815545.0 0.0 60220000.0 32.0 2.0 1000.0 13819886.0
18600.0 0.0 2.0 4.0 105693336.0 818078.0 0.0 60220000.0 31.0 2.0 1000.0 13928586.0
18700.0 0.0 2.0 4.0 105583235.0 819866.0 0.0 60220000.0 30.0 2.0 1000.0 14036899.0
18800.0 0.0 2.0 4.0 105476511.0 817779.0 0.0 60220000.0 30.0 2.0 1000.0 14145710.0
18900.0 1.0 3.0 8.0 105316958.0 812307.0 0.0 60220000.0 66.0 2.0 1000.0 14310735.0
19000.0 1.0 3.0 11.0 105006322.0 865171.0 0.0 60220000.0 105.0 2.0 1000.0 14568507.0
19100.0 1.0 2.0 14.0 104558278.0 959477.0 0.0 60220000.0 141.0 2.0 1000.0 14922245.0
19200.0 0.0 1.0 18.0 104017133.0 1039087.0 0.0 60220000.0 157.0 2.0 1000.0 15383780.0
19300.0 0.0 1.0 18.0 103460987.0 1095068.0 0.0 60220000.0 155.0 2.0 1000.0 15883945.0
19400.0 0.0 1.0 18.0 102919606.0 1134236.0 0.0 60220000.0 150.0 2.0 1000.0 16386158.0
19500.0 0.0 1.0 18.0 102391064.0 1159309.0 0.0 60220000.0 148.0 2.0 1000.0 16889627.0
19600.0 0.0 1.0 18.0 101869015.0 1177378.0 0.0 60220000.0 146.0 2.0 1000.0 17393607.0
19700.0 0.0 1.0 18.0 101352235.0 1190646.0 0.0 60220000.0 145.0 2.0 1000.0 17897119.0
19800.0 0.0 1.0 18.0 100839333.0 1199503.0 0.0 60220000.0 144.0 2.0 1000.0 18401164.0
19900.0 0.0 1.0 18.0 100328081.0 1206245.0 0.0 60220000.0 143.0 2.0 1000.0 18905674.0
