time rna_M monomer_betaGal protein_betaGal Lactose_external Lactose_internal Glucose_external Glucose_internal protein_Lactose_Permease dna_Lac_Operon Biomass Lactose_consumed
0.0 0.0 0.0 0.0 120440000.0 0.0 60220000.0 0.0 0.0 2.0 1000.0 0.0
100.0 0.0 0.0 0.0 120440000.0 0.0 30121830.0 30098170.0 0.0 2.0 1000.0 0.0
200.0 0.0 0.0 0.0 120440000.0 0.0 64286.0 60155714.0 0.0 2.0 1000.0 0.0
300.0 0.0 0.0 0.0 120440000.0 0.0 0.0 60220000.0 0.0 2.0 1000.0 0.0
400.0 0.0 0.0 0.0 120440000.0 0.0 0.0 60220000.0 0.0 2.0 1000.0 0.0
500.0 0.0 0.0 0.0 120440000.0 0.0 0.0 60220000.0 0.0 2.0 1000.0 0.0
600.0 0.0 0.0 0.0 120440000.0 0.0 0.0 60220000.0 0.0 2.0 1000.0 0.0
700.0 0.0 0.0 0.0 120440000.0 0.0 0.0 60220000.0 0.0 2.0 1000.0 0.0
800.0 0.0 0.0 0.0 120440000.0 0.0 0.0 60220000.0 0.0 2.0 1000.0 0.0
900.0 0.0 0.0 0.0 120440000.0 0.0 0.0 60220000.0 0.0 2.0 1000.0 0.0
1000.0 0.0 0.0 0.0 120440000.0 0.0 0.0 60220000.0 0.0 2.0 1000.0 0.0
1100.0 0.0 0.0 0.0 120440000.0 0.0 0.0 60220000.0 0.0 2.0 1000.0 0.0
1200.0 0.0 0.0 0.0 120440000.0 0.0 0.0 60220000.0 0.0 2.0 1000.0 0.0
1300.0 0.0 0.0 0.0 120440000.0 0.0 0.0 60220000.0 0.0 2.0 1000.0 0.0
1400.0 0.0 0.0 0.0 120440000.0 0.0 0.0 60220000.0 0.0 2.0 1000.0 0.0
1500.0 0.0 1.0 0.0 120438581.0 1419.0 0.0 60220000.0 1.0 2.0 1000.0 0.0
1600.0 0.0 1.0 0.0 120435079.0 4921.0 0.0 60220000.0 1.0 2.0 1000.0 0.0
1700.0 0.0 1.0 0.0 120431588.0 8412.0 0.0 60220000.0 1.0 2.0 1000.0 0.0
1800.0 0.0 1.0 0.0 120428081.0 11919.0 0.0 60220000.0 1.0 2.0 1000.0 0.0
1900.0 0.0 1.0 0.0 120426019.0 13981.0 0.0 60220000.0 0.0 2.0 1000.0 0.0
2000.0 0.0 1.0 0.0 120426019.0 13981.0 0.0 60220000.0 0.0 2.0 1000.0 0.0
2100.0 0.0 1.0 0.0 120426019.0 13981.0 0.0 60220000.0 0.0 2.0 1000.0 0.0
2200.0 0.0 1.0 0.0 120426019.0 13981.0 0.0 60220000.0 0.0 2.0 1000.0 0.0
2300.0 0.0 1.0 0.0 120426019.0 13981.0 0.0 60220000.0 0.0 2.0 1000.0 0.0
2400.0 0.0 1.0 0.0 120426019.0 13981.0 0.0 60220000.0 0.0 2.0 1000.0 0.0
2500.0 0.0 1.0 0.0 120426019.0 13981.0 0.0 60220000.0 0.0 2.0 1000.0 0.0
2600.0 0.0 1.0 0.0 120426019.0 13981.0 0.0 60220000.0 0.0 2.0 1000.0 0.0
2700.0 0.0 1.0 0.0 120426019.0 13981.0 0.0 60220000.0 0.0 2.0 1000.0 0.0
2800.0 0.0 1.0 0.0 120426019.0 13981.0 0.0 60220000.0 0.0 2.0 1000.0 0.0
2900.0 0.0 1.0 0.0 120426019.0 13981.0 0.0 60220000.0 0.0 2.0 1000.0 0.0
3000.0 0.0 1.0 0.0 120426019.0 13981.0 0.0 60220000.0 0.0 2.0 1000.0 0.0
3100.0 0.0 1.0 0.0 120426019.0 13981.0 0.0 60220000.0 0.0 2.0 1000.0 0.0
3200.0 0.0 1.0 0.0 120426019.0 13981.0 0.0 60220000.0 0.0 2.0 1000.0 0.0
3300.0 0.0 1.0 0.0 120426019.0 13981.0 0.0 60220000.0 0.0 2.0 1000.0 0.0
3400.0 0.0 1.0 0.0 120426019.0 13981.0 0.0 60220000.0 0.0 2.0 1000.0 0.0
3500.0 0.0 1.0 0.0 120426019.0 13981.0 0.0 60220000.0 0.0 2.0 1000.0 0.0
3600.0 0.0 1.0 0.0 120426019.0 13981.0 0.0 60220000.0 0.0 2.0 1000.0 0.0
3700.0 0.0 1.0 0.0 120426019.0 13981.0 0.0 60220000.0 0.0 2.0 1000.0 0.0
3800.0 0.0 1.0 0.0 120426019.0 13981.0 0.0 60220000.0 0.0 2.0 1000.0 0.0
3900.0 0.0 1.0 0.0 120426019.0 13981.0 0.0 60220000.0 0.0 2.0 1000.0 0.0
4000.0 0.0 1.0 0.0 120426019.0 13981.0 0.0 60220000.0 0.0 2.0 1000.0 0.0
4100.0 0.0 1.0 0.0 120426019.0 13981.0 0.0 60220000.0 0.0 2.0 1000.0 0.0
4200.0 0.0 1.0 0.0 120426019.0 13981.0 0.0 60220000.0 0.0 2.0 1000.0 0.0
4300.0 0.0 1.0 0.0 120426019.0 13981.0 0.0 60220000.0 0.0 2.0 1000.0 0.0
4400.0 0.0 1.0 0.0 120426019.0 13981.0 0.0 60220000.0 0.0 2.0 1000.0 0.0
4500.0 0.0 1.0 0.0 120426019.0 13981.0 0.0 60220000.0 0.0 2.0 1000.0 0.0
4600.0 0.0 1.0 0.0 120426019.0 13981.0 0.0 60220000.0 0.0 2.0 1000.0 0.0
4700.0 0.0 1.0 0.0 120426019.0 13981.0 0.0 60220000.0 0.0 2.0 1000.0 0.0
4800.0 0.0 1.0 0.0 120426019.0 13981.0 0.0 60220000.0 0.0 2.0 1000.0 0.0
4900.0 0.0 1.0 0.0 120426019.0 13981.0 0.0 60220000.0 0.0 2.0 1000.0 0.0
5000.0 0.0 1.0 0.0 120426019.0 13981.0 0.0 60220000.0 0.0 2.0 1000.0 0.0
5100.0 0.0 1.0 0.0 120426019.0 13981.0 0.0 60220000.0 0.0 2.0 1000.0 0.0
5200.0 0.0 1.0 0.0 120426019.0 13981.0 0.0 60220000.0 0.0 2.0 1000.0 0.0
5300.0 0.0 1.0 0.0 120426019.0 13981.0 0.0 60220000.0 0.0 2.0 1000.0 0.0
5400.0 0.0 1.0 0.0 120426019.0 13981.0 0.0 60220000.0 0.0 2.0 1000.0 0.0
5500.0 0.0 1.0 0.0 120426019.0 13981.0 0.0 60220000.0 0.0 2.0 1000.0 0.0
5600.0 0.0 1.0 0.0 120426019.0 13981.0 0.0 60220000.0 0.0 2.0 1000.0 0.0
5700.0 0.0 1.0 0.0 120426019.0 13981.0 0.0 60220000.0 0.0 2.0 1000.0 0.0
5800.0 0.0 1.0 0.0 120426019.0 13981.0 0.0 60220000.0 0.0 2.0 1000.0 0.0
5900.0 0.0 1.0 0.0 120426019.0 13981.0 0.0 60220000.0 0.0 2.0 1000.0 0.0
6000.0 0.0 1.0 0.0 120426019.0 13981.0 0.0 60220000.0 0.0 2.0 1000.0 0.0
6100.0 0.0 1.0 0.0 120426019.0 13981.0 0.0 60220000.0 0.0 2.0 1000.0 0.0
6200.0 0.0 1.0 0.0 120426019.0 13981.0 0.0 60220000.0 0.0 2.0 1000.0 0.0
6300.0 0.0 1.0 0.0 120426019.0 13981.0 0.0 60220000.0 0.0 2.0 1000.0 0.0
6400.0 0.0 1.0 0.0 120426019.0 13981.0 0.0 60220000.0 0.0 2.0 1000.0 0.0
6500.0 0.0 1.0 0.0 120426019.0 13981.0 0.0 60220000.0 0.0 2.0 1000.0 0.0
6600.0 0.0 1.0 0.0 120426019.0 13981.0 0.0 60220000.0 0.0 2.0 1000.0 0.0
6700.0 0.0 1.0 0.0 120426019.0 13981.0 0.0 60220000.0 0.0 2.0 1000.0 0.0
6800.0 0.0 1.0 0.0 120426019.0 13981.0 0.0 60220000.0 0.0 2.0 1000.0 0.0
6900.0 0.0 1.0 0.0 120426019.0 13981.0 0.0 60220000.0 0.0 2.0 1000.0 0.0
7000.0 0.0 1.0 0.0 120426019.0 13981.0 0.0 60220000.0 0.0 2.0 1000.0 0.0
7100.0 0.0 1.0 0.0 120426019.0 13981.0 0.0 60220000.0 0.0 2.0 1000.0 0.0
7200.0 0.0 1.0 0.0 120426019.0 13981.0 0.0 60220000.0 0.0 2.0 1000.0 0.0
7300.0 0.0 1.0 0.0 120426019.0 13981.0 0.0 60220000.0 0.0 2.0 1000.0 0.0
7400.0 0.0 1.0 0.0 120426019.0 13981.0 0.0 60220000.0 0.0 2.0 1000.0 0.0
7500.0 0.0 1.0 0.0 120426019.0 13981.0 0.0 60220000.0 0.0 2.0 1000.0 0.0
7600.0 0.0 1.0 0.0 120426019.0 13981.0 0.0 60220000.0 0.0 2.0 1000.0 0.0
7700.0 0.0 1.0 0.0 120426019.0 13981.0 0.0 60220000.0 0.0 2.0 1000.0 0.0
7800.0 0.0 1.0 0.0 120426019.0 13981.0 0.0 60220000.0 0.0 2.0 1000.0 0.0
7900.0 0.0 1.0 0.0 120426019.0 13981.0 0.0 60220000.0 0.0 2.0 1000.0 0.0
8000.0 0.0 1.0 0.0 120426019.0 13981.0 0.0 60220000.0 0.0 2.0 1000.0 0.0
8100.0 0.0 1.0 0.0 120426019.0 13981.0 0.0 60220000.0 0.0 2.0 1000.0 0.0
8200.0 0.0 1.0 0.0 120426019.0 13981.0 0.0 60220000.0 0.0 2.0 1000.0 0.0
8300.0 0.0 1.0 0.0 120426019.0 13981.0 0.0 60220000.0 0.0 2.0 1000.0 0.0
8400.0 0.0 1.0 0.0 120426019.0 13981.0 0.0 60220000.0 0.0 2.0 1000.0 0.0
8500.0 0.0 1.0 0.0 120426019.0 13981.0 0.0 60220000.0 0.0 2.0 1000.0 0.0
8600.0 0.0 1.0 0.0 120426019.0 13981.0 0.0 60220000.0 0.0 2.0 1000.0 0.0
8700.0 0.0 1.0 0.0 120426019.0 13981.0 0.0 60220000.0 0.0 2.0 1000.0 0.0
8800.0 0.0 1.0 0.0 120426019.0 13981.0 0.0 60220000.0 0.0 2.0 1000.0 0.0
8900.0 0.0 1.0 0.0 120426019.0 13981.0 0.0 60220000.0 0.0 2.0 1000.0 0.0
9000.0 0.0 1.0 0.0 120426019.0 13981.0 0.0 60220000.0 0.0 2.0 1000.0 0.0
9100.0 0.0 1.0 0.0 120426019.0 13981.0 0.0 60220000.0 0.0 2.0 1000.0 0.0
9200.0 0.0 1.0 0.0 120426019.0 13981.0 0.0 60220000.0 0.0 2.0 1000.0 0.0
9300.0 0.0 1.0 0.0 120426019.0 13981.0 0.0 60220000.0 0.0 2.0 1000.0 0.0
9400.0 0.0 1.0 0.0 120426019.0 13981.0 0.0 60220000.0 0.0 2.0 1000.0 0.0
9500.0 0.0 1.0 0.0 120426019.0 13981.0 0.0 60220000.0 0.0 2.0 1000.0 0.0
9600.0 0.0 1.0 0.0 120426019.0 13981.0 0.0 60220000.0 0.0 2.0 1000.0 0.0
9700.0 0.0 1.0 0.0 120426019.0 13981.0 0.0 60220000.0 0.0 2.0 1000.0 0.0
9800.0 0.0 1.0 0.0 120426019.0 13981.0 0.0 60220000.0 0.0 2.0 1000.0 0.0
9900.0 0.0 1.0 0.0 120426019.0 13981.0 0.0 60220000.0 0.0 2.0 1000.0 0.0
10000.0 0.0 1.0 0.0 120426019.0 13981.0 0.0 60220000.0 0.0 2.0 1000.0 0.0
10100.0 0.0 1.0 0.0 120426019.0 13981.0 0.0 60220000.0 0.0 2.0 1000.0 0.0
10200.0 0.0 1.0 0.0 120426019.0 13981.0 0.0 60220000.0 0.0 2.0 1000.0 0.0
10300.0 0.0 1.0 0.0 120426019.0 13981.0 0.0 60220000.0 0.0 2.0 1000.0 0.0
10400.0 0.0 1.0 0.0 120426019.0 13981.0 0.0 60220000.0 0.0 2.0 1000.0 0.0
10500.0 0.0 1.0 0.0 120426019.0 13981.0 0.0 60220000.0 0.0 2.0 1000.0 0.0
10600.0 0.0 1.0 0.0 120426019.0 13981.0 0.0 60220000.0 0.0 2.0 1000.0 0.0
10700.0 0.0 1.0 0.0 120426019.0 13981.0 0.0 60220000.0 0.0 2.0 1000.0 0.0
10800.0 0.0 1.0 0.0 120426019.0 13981.0 0.0 60220000.0 0.0 2.0 1000.0 0.0
10900.0 0.0 1.0 0.0 120426019.0 13981.0 0.0 60220000.0 0.0 2.0 1000.0 0.0
11000.0 0.0 1.0 0.0 120426019.0 13981.0 0.0 60220000.0 0.0 2.0 1000.0 0.0
11100.0 0.0 1.0 0.0 120426019.0 13981.0 0.0 60220000.0 0.0 2.0 1000.0 0.0
11200.0 0.0 1.0 0.0 120426019.0 13981.0 0.0 60220000.0 0.0 2.0 1000.0 0.0
11300.0 0.0 1.0 0.0 120426019.0 13981.0 0.0 60220000.0 0.0 2.0 1000.0 0.0
11400.0 0.0 1.0 0.0 120426019.0 13981.0 0.0 60220000.0 0.0 2.0 1000.0 0.0
11500.0 0.0 1.0 0.0 120426019.0 13981.0 0.0 60220000.0 0.0 2.0 1000.0 0.0
11600.0 0.0 1.0 0.0 120426019.0 13981.0 0.0 60220000.0 0.0 2.0 1000.0 0.0
11700.0 0.0 1.0 0.0 120426019.0 13981.0 0.0 60220000.0 0.0 2.0 1000.0 0.0
11800.0 0.0 1.0 0.0 120426019.0 13981.0 0.0 60220000.0 0.0 2.0 1000.0 0.0
11900.0 0.0 1.0 0.0 120426019.0 13981.0 0.0 60220000.0 0.0 2.0 1000.0 0.0
12000.0 0.0 1.0 0.0 120426019.0 13981.0 0.0 60220000.0 0.0 2.0 1000.0 0.0
12100.0 0.0 1.0 0.0 120426019.0 13981.0 0.0 60220000.0 0.0 2.0 1000.0 0.0
12200.0 0.0 1.0 0.0 120426019.0 13981.0 0.0 60220000.0 0.0 2.0 1000.0 0.0
12300.0 0.0 1.0 0.0 120426019.0 13981.0 0.0 60220000.0 0.0 2.0 1000.0 0.0
12400.0 0.0 1.0 0.0 120426019.0 13981.0 0.0 60220000.0 0.0 2.0 1000.0 0.0
12500.0 0.0 1.0 0.0 120426019.0 13981.0 0.0 60220000.0 0.0 2.0 1000.0 0.0
12600.0 0.0 1.0 0.0 120426019.0 13981.0 0.0 60220000.0 0.0 2.0 1000.0 0.0
12700.0 0.0 1.0 0.0 120426019.0 13981.0 0.0 60220000.0 0.0 2.0 1000.0 0.0
12800.0 0.0 1.0 0.0 120426019.0 13981.0 0.0 60220000.0 0.0 2.0 1000.0 0.0
12900.0 0.0 1.0 0.0 120426019.0 13981.0 0.0 60220000.0 0.0 2.0 1000.0 0.0
13000.0 0.0 1.0 0.0 120426019.0 13981.0 0.0 60220000.0 0.0 2.0 1000.0 0.0
13100.0 0.0 1.0 0.0 120426019.0 13981.0 0.0 60220000.0 0.0 2.0 1000.0 0.0
13200.0 0.0 1.0 0.0 120426019.0 13981.0 0.0 60220000.0 0.0 2.0 1000.0 0.0
13300.0 0.0 1.0 0.0 120426019.0 13981.0 0.0 60220000.0 0.0 2.0 1000.0 0.0
13400.0 0.0 1.0 0.0 120426019.0 13981.0 0.0 60220000.0 0.0 2.0 1000.0 0.0
13500.0 0.0 1.0 0.0 120426019.0 13981.0 0.0 60220000.0 0.0 2.0 1000.0 0.0
13600.0 0.0 1.0 0.0 120426019.0 13981.0 0.0 60220000.0 0.0 2.0 1000.0 0.0
13700.0 0.0 1.0 0.0 120426019.0 13981.0 0.0 60220000.0 0.0 2.0 1000.0 0.0
13800.0 0.0 1.0 0.0 120426019.0 13981.0 0.0 60220000.0 0.0 2.0 1000.0 0.0
13900.0 0.0 1.0 0.0 120426019.0 13981.0 0.0 60220000.0 0.0 2.0 1000.0 0.0
14000.0 0.0 1.0 0.0 120426019.0 13981.0 0.0 60220000.0 0.0 2.0 1000.0 0.0
14100.0 0.0 1.0 0.0 120426019.0 13981.0 0.0 60220000.0 0.0 2.0 1000.0 0.0
14200.0 0.0 1.0 0.0 120426019.0 13981.0 0.0 60220000.0 0.0 2.0 1000.0 0.0
14300.0 0.0 1.0 0.0 120426019.0 13981.0 0.0 60220000.0 0.0 2.0 1000.0 0.0
14400.0 0.0 1.0 0.0 120426019.0 13981.0 0.0 60220000.0 0.0 2.0 1000.0 0.0
14500.0 0.0 1.0 0.0 120426019.0 13981.0 0.0 60220000.0 0.0 2.0 1000.0 0.0
14600.0 0.0 1.0 0.0 120426019.0 13981.0 0.0 60220000.0 0.0 2.0 1000.0 0.0
14700.0 0.0 1.0 0.0 120426019.0 13981.0 0.0 60220000.0 0.0 2.0 1000.0 0.0
14800.0 0.0 1.0 0.0 120426019.0 13981.0 0.0 60220000.0 0.0 2.0 1000.0 0.0
14900.0 0.0 1.0 0.0 120426019.0 13981.0 0.0 60220000.0 0.0 2.0 1000.0 0.0
15000.0 0.0 1.0 0.0 120426019.0 13981.0 0.0 60220000.0 0.0 2.0 1000.0 0.0
15100.0 0.0 1.0 0.0 120426019.0 13981.0 0.0 60220000.0 0.0 2.0 1000.0 0.0
15200.0 0.0 1.0 0.0 120426019.0 13981.0 0.0 60220000.0 0.0 2.0 1000.0 0.0
15300.0 0.0 1.0 0.0 120426019.0 13981.0 0.0 60220000.0 0.0 2.0 1000.0 0.0
15400.0 0.0 1.0 0.0 120426019.0 13981.0 0.0 60220000.0 0.0 2.0 1000.0 0.0
15500.0 0.0 1.0 0.0 120426019.0 13981.0 0.0 60220000.0 0.0 2.0 1000.0 0.0
15600.0 0.0 1.0 0.0 120426019.0 13981.0 0.0 60220000.0 0.0 2.0 1000.0 0.0
15700.0 0.0 1.0 0.0 120426019.0 13981.0 0.0 60220000.0 0.0 2.0 1000.0 0.0
15800.0 0.0 1.0 0.0 120426019.0 13981.0 0.0 60220000.0 0.0 2.0 1000.0 0.0
15900.0 0.0 1.0 0.0 120426019.0 13981.0 0.0 60220000.0 0.0 2.0 1000.0 0.0
16000.0 0.0 1.0 0.0 120426019.0 13981.0 0.0 60220000.0 0.0 2.0 1000.0 0.0
16100.0 0.0 1.0 0.0 120426019.0 13981.0 0.0 60220000.0 0.0 2.0 1000.0 0.0
16200.0 0.0 0.0 1.0 120414738.0 23481.0 0.0 60220000.0 9.0 2.0 1000.0 1781.0
16300.0 0.0 0.0 1.0 120382417.0 47037.0 0.0 60220000.0 9.0 2.0 1000.0 10546.0
16400.0 0.0 0.0 1.0 120349722.0 67729.0 0.0 60220000.0 9.0 2.0 1000.0 22549.0
16500.0 0.0 0.0 1.0 120317347.0 85668.0 0.0 60220000.0 9.0 2.0 1000.0 36985.0
16600.0 0.0 0.0 1.0 120285344.0 101822.0 0.0 60220000.0 9.0 2.0 1000.0 52834.0
16700.0 0.0 0.0 1.0 120253333.0 117013.0 0.0 60220000.0 9.0 2.0 1000.0 69654.0
16800.0 0.0 0.0 1.0 120221302.0 130986.0 0.0 60220000.0 9.0 2.0 1000.0 87712.0
16900.0 0.0 0.0 1.0 120189097.0 144524.0 0.0 60220000.0 9.0 2.0 1000.0 106379.0
17000.0 0.0 0.0 1.0 120156987.0 157425.0 0.0 60220000.0 9.0 2.0 1000.0 125588.0
17100.0 0.0 0.0 1.0 120124829.0 169856.0 0.0 60220000.0 9.0 2.0 1000.0 145315.0
17200.0 0.0 0.0 1.0 120092564.0 181670.0 0.0 60220000.0 9.0 2.0 1000.0 165766.0
17300.0 0.0 0.0 1.0 120060443.0 193055.0 0.0 60220000.0 9.0 2.0 1000.0 186502.0
17400.0 0.0 0.0 1.0 120028136.0 204295.0 0.0 60220000.0 9.0 2.0 1000.0 207569.0
17500.0 0.0 0.0 1.0 119996285.0 215032.0 0.0 60220000.0 9.0 2.0 1000.0 228683.0
17600.0 0.0 1.0 1.0 119963612.0 226010.0 0.0 60220000.0 9.0 2.0 1000.0 250378.0
17700.0 0.0 1.0 1.0 119934072.0 233568.0 0.0 60220000.0 8.0 2.0 1000.0 272360.0
17800.0 0.0 1.0 1.0 119905633.0 239939.0 0.0 60220000.0 8.0 2.0 1000.0 294428.0
17900.0 0.0 1.0 1.0 119877162.0 246068.0 0.0 60220000.0 8.0 2.0 1000.0 316770.0
18000.0 0.0 1.0 1.0 119851683.0 248997.0 0.0 60220000.0 7.0 2.0 1000.0 339320.0
18100.0 0.0 1.0 1.0 119826833.0 251548.0 0.0 60220000.0 7.0 2.0 1000.0 361619.0
18200.0 0.0 1.0 1.0 119801843.0 253983.0 0.0 60220000.0 7.0 2.0 1000.0 384174.0
18300.0 0.0 1.0 1.0 119777826.0 255266.0 0.0 60220000.0 6.0 2.0 1000.0 406908.0
18400.0 0.0 1.0 1.0 119756312.0 254155.0 0.0 60220000.0 6.0 2.0 1000.0 429533.0
18500.0 0.0 1.0 1.0 119734689.0 253456.0 0.0 60220000.0 6.0 2.0 1000.0 451855.0
18600.0 0.0 1.0 1.0 119713202.0 252335.0 0.0 60220000.0 6.0 2.0 1000.0 474463.0
18700.0 0.0 1.0 1.0 119691470.0 251753.0 0.0 60220000.0 6.0 2.0 1000.0 496777.0
18800.0 0.0 1.0 1.0 119670084.0 250701.0 0.0 60220000.0 6.0 2.0 1000.0 519215.0
18900.0 0.0 1.0 1.0 119648608.0 249951.0 0.0 60220000.0 6.0 2.0 1000.0 541441.0
19000.0 0.0 1.0 1.0 119627115.0 248903.0 0.0 60220000.0 6.0 2.0 1000.0 563982.0
19100.0 0.0 1.0 1.0 119605352.0 248291.0 0.0 60220000.0 6.0 2.0 1000.0 586357.0
19200.0 0.0 1.0 1.0 119584120.0 247320.0 0.0 60220000.0 6.0 2.0 1000.0 608560.0
19300.0 0.0 1.0 1.0 119562517.0 246403.0 0.0 60220000.0 6.0 2.0 1000.0 631080.0
19400.0 0.0 1.0 1.0 119541224.0 245185.0 0.0 60220000.0 6.0 2.0 1000.0 653591.0
19500.0 0.0 1.0 1.0 119519781.0 244202.0 0.0 60220000.0 6.0 2.0 1000.0 676017.0
19600.0 0.0 1.0 1.0 119498251.0 243522.0 0.0 60220000.0 6.0 2.0 1000.0 698227.0
19700.0 0.0 1.0 1.0 119476868.0 242721.0 0.0 60220000.0 6.0 2.0 1000.0 720411.0
19800.0 0.0 1.0 1.0 119455429.0 241963.0 0.0 60220000.0 6.0 2.0 1000.0 742608.0
19900.0 0.0 1.0 1.0 119434432.0 240786.0 0.0 60220000.0 5.0 2.0 1000.0 764782.0
