time rna_M monomer_betaGal protein_betaGal Lactose_external Lactose_internal Glucose_external Glucose_internal protein_Lactose_Permease dna_Lac_Operon Biomass Lactose_consumed
0.0 0.0 0.0 0.0 120440000.0 0.0 60220000.0 0.0 0.0 2.0 1000.0 0.0
100.0 0.0 0.0 0.0 120440000.0 0.0 30121760.0 30098240.0 0.0 2.0 1000.0 0.0
200.0 0.0 0.0 0.0 120440000.0 0.0 82915.0 60137085.0 0.0 2.0 1000.0 0.0
300.0 0.0 0.0 0.0 120440000.0 0.0 0.0 60220000.0 0.0 2.0 1000.0 0.0
400.0 0.0 0.0 0.0 120440000.0 0.0 0.0 60220000.0 0.0 2.0 1000.0 0.0
500.0 0.0 0.0 0.0 120440000.0 0.0 0.0 60220000.0 0.0 2.0 1000.0 0.0
600.0 0.0 0.0 0.0 120440000.0 0.0 0.0 60220000.0 0.0 2.0 1000.0 0.0
700.0 0.0 0.0 0.0 120440000.0 0.0 0.0 60220000.0 0.0 2.0 1000.0 0.0
800.0 0.0 0.0 0.0 120440000.0 0.0 0.0 60220000.0 0.0 2.0 1000.0 0.0
900.0 0.0 0.0 0.0 120440000.0 0.0 0.0 60220000.0 0.0 2.0 1000.0 0.0
1000.0 0.0 0.0 0.0 120440000.0 0.0 0.0 60220000.0 0.0 2.0 1000.0 0.0
1100.0 0.0 0.0 0.0 120440000.0 0.0 0.0 60220000.0 0.0 2.0 1000.0 0.0
1200.0 0.0 0.0 0.0 120440000.0 0.0 0.0 60220000.0 0.0 2.0 1000.0 0.0
1300.0 0.0 0.0 0.0 120440000.0 0.0 0.0 60220000.0 0.0 2.0 1000.0 0.0
1400.0 0.0 0.0 0.0 120440000.0 0.0 0.0 60220000.0 0.0 2.0 1000.0 0.0
1500.0 0.0 0.0 0.0 120440000.0 0.0 0.0 60220000.0 0.0 2.0 1000.0 0.0
1600.0 0.0 0.0 0.0 120440000.0 0.0 0.0 60220000.0 0.0 2.0 1000.0 0.0
1700.0 0.0 0.0 0.0 120440000.0 0.0 0.0 60220000.0 0.0 2.0 1000.0 0.0
1800.0 0.0 0.0 0.0 120440000.0 0.0 0.0 60220000.0 0.0 2.0 1000.0 0.0
1900.0 0.0 0.0 0.0 120440000.0 0.0 0.0 60220000.0 0.0 2.0 1000.0 0.0
2000.0 0.0 0.0 0.0 120440000.0 0.0 0.0 60220000.0 0.0 2.0 1000.0 0.0
2100.0 1.0 2.0 0.0 120438894.0 1106.0 0.0 60220000.0 6.0 2.0 1000.0 0.0
2200.0 1.0 2.0 5.0 120346261.0 71478.0 0.0 60220000.0 39.0 2.0 1000.0 22261.0
2300.0 1.0 3.0 7.0 120163017.0 151596.0 0.0 60220000.0 59.0 2.0 1000.0 125387.0
2400.0 1.0 3.0 10.0 119907302.0 207355.0 0.0 60220000.0 87.0 2.0 1000.0 325343.0
2500.0 0.0 3.0 13.0 119527988.0 311231.0 0.0 60220000.0 114.0 2.0 1000.0 600781.0
2600.0 1.0 0.0 15.0 119119577.0 393052.0 0.0 60220000.0 119.0 2.0 1000.0 927371.0
2700.0 0.0 2.0 15.0 118674043.0 453305.0 0.0 60220000.0 125.0 2.0 1000.0 1312652.0
2800.0 0.0 2.0 15.0 118227734.0 516567.0 0.0 60220000.0 125.0 2.0 1000.0 1695699.0
2900.0 0.0 2.0 13.0 117786777.0 605681.0 0.0 60220000.0 123.0 2.0 1000.0 2047542.0
3000.0 0.0 2.0 11.0 117353248.0 724244.0 0.0 60220000.0 120.0 2.0 1000.0 2362508.0
3100.0 0.0 2.0 11.0 116927339.0 851894.0 0.0 60220000.0 119.0 2.0 1000.0 2660767.0
3200.0 0.0 2.0 11.0 116511053.0 966362.0 0.0 60220000.0 115.0 2.0 1000.0 2962585.0
3300.0 0.0 2.0 11.0 116104779.0 1068552.0 0.0 60220000.0 113.0 2.0 1000.0 3266669.0
3400.0 0.0 2.0 11.0 115702704.0 1163829.0 0.0 60220000.0 112.0 2.0 1000.0 3573467.0
3500.0 0.0 2.0 10.0 115305961.0 1274667.0 0.0 60220000.0 111.0 2.0 1000.0 3859372.0
3600.0 0.0 2.0 10.0 114922000.0 1376210.0 0.0 60220000.0 107.0 2.0 1000.0 4141790.0
3700.0 0.0 2.0 10.0 114541403.0 1473517.0 0.0 60220000.0 106.0 2.0 1000.0 4425080.0
3800.0 0.0 2.0 10.0 114169278.0 1561439.0 0.0 60220000.0 104.0 2.0 1000.0 4709283.0
3900.0 0.0 2.0 10.0 113799926.0 1646113.0 0.0 60220000.0 103.0 2.0 1000.0 4993961.0
4000.0 0.0 3.0 10.0 113427449.0 1732722.0 0.0 60220000.0 105.0 2.0 1000.0 5279829.0
4100.0 0.0 3.0 10.0 113057003.0 1816049.0 0.0 60220000.0 103.0 2.0 1000.0 5566948.0
4200.0 0.0 3.0 10.0 112693125.0 1892897.0 0.0 60220000.0 102.0 2.0 1000.0 5853978.0
4300.0 0.0 3.0 10.0 112331521.0 1967310.0 0.0 60220000.0 101.0 2.0 1000.0 6141169.0
4400.0 0.0 3.0 10.0 111972661.0 2038861.0 0.0 60220000.0 101.0 2.0 1000.0 6428478.0
4500.0 0.0 3.0 10.0 111616737.0 2106779.0 0.0 60220000.0 99.0 2.0 1000.0 6716484.0
4600.0 0.0 3.0 10.0 111267945.0 2167163.0 0.0 60220000.0 97.0 2.0 1000.0 7004892.0
4700.0 0.0 3.0 10.0 110927819.0 2218169.0 0.0 60220000.0 94.0 2.0 1000.0 7294012.0
4800.0 0.0 3.0 10.0 110597612.0 2258757.0 0.0 60220000.0 91.0 2.0 1000.0 7583631.0
4900.0 1.0 1.0 11.0 110273800.0 2290963.0 0.0 60220000.0 98.0 2.0 1000.0 7875237.0
5000.0 0.0 2.0 12.0 109885565.0 2337039.0 0.0 60220000.0 111.0 2.0 1000.0 8217396.0
5100.0 0.0 2.0 11.0 109495179.0 2382480.0 0.0 60220000.0 110.0 2.0 1000.0 8562341.0
5200.0 0.0 2.0 10.0 109105694.0 2462324.0 0.0 60220000.0 109.0 2.0 1000.0 8871982.0
5300.0 0.0 2.0 10.0 108721770.0 2556449.0 0.0 60220000.0 107.0 2.0 1000.0 9161781.0
5400.0 0.0 2.0 10.0 108340761.0 2647464.0 0.0 60220000.0 107.0 2.0 1000.0 9451775.0
5500.0 0.0 2.0 10.0 107961746.0 2735115.0 0.0 60220000.0 107.0 2.0 1000.0 9743139.0
5600.0 0.0 2.0 10.0 107581923.0 2823550.0 0.0 60220000.0 107.0 2.0 1000.0 10034527.0
5700.0 0.0 2.0 10.0 107205201.0 2909208.0 0.0 60220000.0 106.0 2.0 1000.0 10325591.0
5800.0 0.0 2.0 10.0 106828193.0 2993899.0 0.0 60220000.0 108.0 2.0 1000.0 10617908.0
5900.0 0.0 2.0 10.0 106453505.0 3077441.0 0.0 60220000.0 105.0 2.0 1000.0 10909054.0
6000.0 0.0 2.0 10.0 106085936.0 3152877.0 0.0 60220000.0 103.0 2.0 1000.0 11201187.0
6100.0 0.0 2.0 10.0 105720940.0 3225268.0 0.0 60220000.0 103.0 2.0 1000.0 11493792.0
6200.0 0.0 2.0 10.0 105360455.0 3292446.0 0.0 60220000.0 101.0 2.0 1000.0 11787099.0
6300.0 1.0 1.0 12.0 104975710.0 3362491.0 0.0 60220000.0 127.0 2.0 1000.0 12101799.0
6400.0 0.0 1.0 12.0 104530406.0 3457080.0 0.0 60220000.0 123.0 2.0 1000.0 12452514.0
6500.0 0.0 2.0 12.0 104081097.0 3553793.0 0.0 60220000.0 129.0 2.0 1000.0 12805110.0
6600.0 0.0 1.0 12.0 103612124.0 3673539.0 0.0 60220000.0 148.0 2.0 1000.0 13154337.0
6700.0 0.0 1.0 11.0 103090292.0 3849343.0 0.0 60220000.0 145.0 2.0 1000.0 13500365.0
6800.0 0.0 1.0 10.0 102583959.0 4035355.0 0.0 60220000.0 140.0 2.0 1000.0 13820686.0
6900.0 0.0 1.0 9.0 102093456.0 4252577.0 0.0 60220000.0 137.0 2.0 1000.0 14093967.0
7000.0 0.0 1.0 10.0 101596794.0 4460901.0 0.0 60220000.0 141.0 2.0 1000.0 14382305.0
7100.0 2.0 2.0 11.0 101089866.0 4666525.0 0.0 60220000.0 153.0 2.0 1000.0 14683609.0
7200.0 0.0 2.0 14.0 100482785.0 4882163.0 0.0 60220000.0 176.0 2.0 1000.0 15075052.0
7300.0 1.0 0.0 15.0 99864621.0 5086366.0 0.0 60220000.0 174.0 2.0 1000.0 15489013.0
7400.0 1.0 3.0 19.0 99208924.0 5242792.0 0.0 60220000.0 201.0 2.0 1000.0 15988284.0
7500.0 1.0 1.0 25.0 98408140.0 5385487.0 0.0 60220000.0 252.0 2.0 1000.0 16646373.0
7600.0 1.0 3.0 26.0 97471964.0 5545821.0 0.0 60220000.0 277.0 2.0 1000.0 17422215.0
7700.0 1.0 1.0 32.0 96462727.0 5675430.0 0.0 60220000.0 296.0 2.0 1000.0 18301843.0
7800.0 0.0 1.0 37.0 95379790.0 5733622.0 0.0 60220000.0 315.0 2.0 1000.0 19326588.0
7900.0 1.0 0.0 40.0 94268396.0 5726781.0 0.0 60220000.0 320.0 2.0 1000.0 20444823.0
8000.0 2.0 1.0 45.0 93092517.0 5668969.0 0.0 60220000.0 354.0 2.0 1000.0 21678514.0
8100.0 1.0 1.0 48.0 91795707.0 5585105.0 0.0 60220000.0 378.0 2.0 1000.0 23059188.0
8200.0 1.0 1.0 54.0 90352528.0 5523990.0 0.0 60220000.0 440.0 2.0 1000.0 24563482.0
8300.0 2.0 3.0 58.0 88750498.0 5485147.0 0.0 60220000.0 472.0 2.0 1000.0 26204355.0
8400.0 1.0 2.0 65.0 86995205.0 5402797.0 0.0 60220000.0 521.0 2.0 1000.0 28041998.0
8500.0 0.0 0.0 63.0 85169162.0 5337406.0 0.0 60220000.0 512.0 2.0 1000.0 29933432.0
8600.0 0.0 0.0 62.0 83366774.0 5291508.0 0.0 60220000.0 507.0 2.0 1000.0 31781718.0
8700.0 0.0 0.0 64.0 81569663.0 5251427.0 0.0 60220000.0 515.0 2.0 1000.0 33618910.0
8800.0 0.0 0.0 64.0 79765480.0 5166649.0 0.0 60220000.0 506.0 2.0 1000.0 35507871.0
8900.0 0.0 0.0 64.0 77992567.0 5048940.0 0.0 60220000.0 498.0 2.0 1000.0 37398493.0
9000.0 0.0 0.0 63.0 76255455.0 4907422.0 0.0 60220000.0 487.0 2.0 1000.0 39277123.0
9100.0 0.0 0.0 60.0 74544455.0 4813886.0 0.0 60220000.0 480.0 2.0 1000.0 41081659.0
9200.0 0.0 0.0 59.0 72871983.0 4729440.0 0.0 60220000.0 470.0 2.0 1000.0 42838577.0
9300.0 0.0 0.0 57.0 71218708.0 4666198.0 0.0 60220000.0 467.0 2.0 1000.0 44555094.0
9400.0 1.0 3.0 58.0 69523187.0 4693559.0 0.0 60220000.0 491.0 2.0 1000.0 46223254.0
9500.0 1.0 3.0 62.0 67731018.0 4709569.0 0.0 60220000.0 526.0 2.0 1000.0 47999413.0
9600.0 1.0 3.0 64.0 65820257.0 4745658.0 0.0 60220000.0 554.0 2.0 1000.0 49874085.0
9700.0 1.0 1.0 67.0 63853535.0 4747709.0 0.0 60220000.0 558.0 2.0 1000.0 51838756.0
9800.0 0.0 1.0 73.0 61846154.0 4712276.0 0.0 60220000.0 581.0 2.0 1000.0 53881570.0
9900.0 0.0 1.0 72.0 59798262.0 4640438.0 0.0 60220000.0 579.0 2.0 1000.0 56001300.0
10000.0 0.0 1.0 72.0 57771778.0 4547535.0 0.0 60220000.0 570.0 2.0 1000.0 58120687.0
10100.0 0.0 1.0 70.0 55791385.0 4439866.0 0.0 60220000.0 553.0 2.0 1000.0 60208749.0
10200.0 0.0 1.0 67.0 53851451.0 4379303.0 0.0 60220000.0 541.0 2.0 1000.0 62209246.0
10300.0 0.0 1.0 67.0 51960687.0 4301301.0 0.0 60220000.0 531.0 2.0 1000.0 64178012.0
10400.0 0.0 1.0 66.0 50092840.0 4200384.0 0.0 60220000.0 527.0 2.0 1000.0 66146776.0
10500.0 0.0 1.0 65.0 48242611.0 4114242.0 0.0 60220000.0 522.0 2.0 1000.0 68083147.0
10600.0 0.0 1.0 65.0 46403406.0 4041434.0 0.0 60220000.0 518.0 2.0 1000.0 69995160.0
10700.0 0.0 1.0 64.0 44587636.0 3950951.0 0.0 60220000.0 507.0 2.0 1000.0 71901413.0
10800.0 1.0 0.0 64.0 42807182.0 3857963.0 0.0 60220000.0 513.0 2.0 1000.0 73774855.0
10900.0 1.0 2.0 66.0 40930245.0 3825436.0 0.0 60220000.0 543.0 2.0 1000.0 75684319.0
11000.0 2.0 1.0 72.0 38945301.0 3766773.0 0.0 60220000.0 589.0 2.0 1000.0 77727926.0
11100.0 1.0 0.0 77.0 36798006.0 3733155.0 0.0 60220000.0 621.0 2.0 1000.0 79908839.0
11200.0 0.0 1.0 80.0 34571583.0 3666579.0 0.0 60220000.0 640.0 2.0 1000.0 82201838.0
11300.0 0.0 1.0 76.0 32336453.0 3611855.0 0.0 60220000.0 629.0 2.0 1000.0 84491692.0
11400.0 0.0 0.0 76.0 30134120.0 3576468.0 0.0 60220000.0 620.0 2.0 1000.0 86729412.0
11500.0 0.0 0.0 76.0 27966023.0 3518512.0 0.0 60220000.0 607.0 2.0 1000.0 88955465.0
11600.0 2.0 3.0 77.0 25824872.0 3425573.0 0.0 60220000.0 624.0 2.0 1000.0 91189555.0
11700.0 1.0 2.0 82.0 23590792.0 3290557.0 0.0 60220000.0 635.0 2.0 1000.0 93558651.0
11800.0 0.0 2.0 82.0 21359180.0 3125214.0 0.0 60220000.0 630.0 2.0 1000.0 95955606.0
11900.0 0.0 2.0 82.0 19153906.0 2936263.0 0.0 60220000.0 623.0 2.0 1000.0 98349831.0
12000.0 0.0 1.0 85.0 16932907.0 2721725.0 0.0 60220000.0 635.0 2.0 1000.0 100785368.0
12100.0 0.0 1.0 83.0 14732675.0 2472263.0 0.0 60220000.0 619.0 2.0 1000.0 103235062.0
12200.0 0.0 1.0 80.0 12577016.0 2284913.0 0.0 60220000.0 608.0 2.0 1000.0 105578071.0
12300.0 0.0 1.0 80.0 10460773.0 2091153.0 0.0 60220000.0 598.0 2.0 1000.0 107888074.0
12400.0 1.0 1.0 78.0 8390415.0 1877535.0 0.0 60220000.0 587.0 2.0 1000.0 110172050.0
12500.0 0.0 2.0 79.0 6303515.0 1674946.0 0.0 60220000.0 604.0 2.0 1000.0 112461539.0
12600.0 0.0 2.0 79.0 4235289.0 1494028.0 0.0 60220000.0 591.0 2.0 1000.0 114710683.0
12700.0 0.0 2.0 75.0 2245488.0 1292121.0 0.0 60220000.0 582.0 2.0 1000.0 116902391.0
12800.0 0.0 2.0 73.0 436984.0 1042399.0 0.0 60220000.0 575.0 2.0 1000.0 118960617.0
12900.0 0.0 2.0 73.0 25.0 407.0 0.0 60220000.0 569.0 2.0 1000.0 120439568.0
13000.0 0.0 2.0 71.0 0.0 0.0 0.0 60220000.0 561.0 2.0 1000.0 120440000.0
13100.0 0.0 2.0 69.0 0.0 0.0 0.0 60220000.0 554.0 2.0 1000.0 120440000.0
13200.0 0.0 0.0 69.0 0.0 0.0 0.0 60220000.0 541.0 2.0 1000.0 120440000.0
13300.0 0.0 0.0 69.0 0.0 0.0 0.0 60220000.0 532.0 2.0 1000.0 120440000.0
13400.0 0.0 0.0 68.0 0.0 0.0 0.0 60220000.0 521.0 2.0 1000.0 120440000.0
13500.0 0.0 0.0 66.0 0.0 0.0 0.0 60220000.0 511.0 2.0 1000.0 120440000.0
13600.0 0.0 0.0 66.0 0.0 0.0 0.0 60220000.0 506.0 2.0 1000.0 120440000.0
13700.0 0.0 0.0 66.0 0.0 0.0 0.0 60220000.0 501.0 2.0 1000.0 120440000.0
13800.0 0.0 0.0 66.0 0.0 0.0 0.0 60220000.0 491.0 2.0 1000.0 120440000.0
13900.0 0.0 0.0 64.0 0.0 0.0 0.0 60220000.0 486.0 2.0 1000.0 120440000.0
14000.0 0.0 0.0 60.0 0.0 0.0 0.0 60220000.0 479.0 2.0 1000.0 120440000.0
14100.0 0.0 0.0 60.0 0.0 0.0 0.0 60220000.0 475.0 2.0 1000.0 120440000.0
14200.0 0.0 0.0 59.0 0.0 0.0 0.0 60220000.0 467.0 2.0 1000.0 120440000.0
14300.0 0.0 0.0 56.0 0.0 0.0 0.0 60220000.0 457.0 2.0 1000.0 120440000.0
14400.0 0.0 0.0 55.0 0.0 0.0 0.0 60220000.0 450.0 2.0 1000.0 120440000.0
14500.0 0.0 0.0 55.0 0.0 0.0 0.0 60220000.0 444.0 2.0 1000.0 120440000.0
14600.0 0.0 0.0 55.0 0.0 0.0 0.0 60220000.0 436.0 2.0 1000.0 120440000.0
14700.0 0.0 0.0 54.0 0.0 0.0 0.0 60220000.0 431.0 2.0 1000.0 120440000.0
14800.0 0.0 0.0 54.0 0.0 0.0 0.0 60220000.0 425.0 2.0 1000.0 120440000.0
14900.0 0.0 0.0 54.0 0.0 0.0 0.0 60220000.0 418.0 2.0 1000.0 120440000.0
15000.0 0.0 0.0 53.0 0.0 0.0 0.0 60220000.0 411.0 2.0 1000.0 120440000.0
15100.0 0.0 0.0 53.0 0.0 0.0 0.0 60220000.0 405.0 2.0 1000.0 120440000.0
15200.0 0.0 0.0 52.0 0.0 0.0 0.0 60220000.0 396.0 2.0 1000.0 120440000.0
15300.0 0.0 0.0 50.0 0.0 0.0 0.0 60220000.0 391.0 2.0 1000.0 120440000.0
15400.0 0.0 0.0 48.0 0.0 0.0 0.0 60220000.0 388.0 2.0 1000.0 120440000.0
15500.0 0.0 0.0 47.0 0.0 0.0 0.0 60220000.0 381.0 2.0 1000.0 120440000.0
15600.0 0.0 0.0 47.0 0.0 0.0 0.0 60220000.0 375.0 2.0 1000.0 120440000.0
15700.0 0.0 0.0 46.0 0.0 0.0 0.0 60220000.0 367.0 2.0 1000.0 120440000.0
15800.0 0.0 0.0 45.0 0.0 0.0 0.0 60220000.0 363.0 2.0 1000.0 120440000.0
15900.0 0.0 0.0 43.0 0.0 0.0 0.0 60220000.0 359.0 2.0 1000.0 120440000.0
16000.0 0.0 0.0 43.0 0.0 0.0 0.0 60220000.0 351.0 2.0 1000.0 120440000.0
16100.0 0.0 0.0 43.0 0.0 0.0 0.0 60220000.0 346.0 2.0 1000.0 120440000.0
16200.0 0.0 0.0 42.0 0.0 0.0 0.0 60220000.0 338.0 2.0 1000.0 120440000.0
16300.0 0.0 0.0 40.0 0.0 0.0 0.0 60220000.0 330.0 2.0 1000.0 120440000.0
16400.0 0.0 0.0 40.0 0.0 0.0 0.0 60220000.0 322.0 2.0 1000.0 120440000.0
16500.0 0.0 0.0 40.0 0.0 0.0 0.0 60220000.0 316.0 2.0 1000.0 120440000.0
16600.0 0.0 0.0 40.0 0.0 0.0 0.0 60220000.0 309.0 2.0 1000.0 120440000.0
16700.0 0.0 0.0 40.0 0.0 0.0 0.0 60220000.0 305.0 2.0 1000.0 120440000.0
16800.0 0.0 1.0 40.0 0.0 0.0 0.0 60220000.0 318.0 2.0 1000.0 120440000.0
16900.0 0.0 1.0 40.0 0.0 0.0 0.0 60220000.0 310.0 2.0 1000.0 120440000.0
17000.0 0.0 1.0 40.0 0.0 0.0 0.0 60220000.0 303.0 2.0 1000.0 120440000.0
17100.0 0.0 1.0 40.0 0.0 0.0 0.0 60220000.0 297.0 2.0 1000.0 120440000.0
17200.0 0.0 1.0 39.0 0.0 0.0 0.0 60220000.0 293.0 2.0 1000.0 120440000.0
17300.0 0.0 1.0 39.0 0.0 0.0 0.0 60220000.0 290.0 2.0 1000.0 120440000.0
17400.0 0.0 1.0 38.0 0.0 0.0 0.0 60220000.0 285.0 2.0 1000.0 120440000.0
17500.0 0.0 1.0 38.0 0.0 0.0 0.0 60220000.0 280.0 2.0 1000.0 120440000.0
17600.0 0.0 1.0 37.0 0.0 0.0 0.0 60220000.0 275.0 2.0 1000.0 120440000.0
17700.0 0.0 1.0 37.0 0.0 0.0 0.0 60220000.0 269.0 2.0 1000.0 120440000.0
17800.0 0.0 1.0 37.0 0.0 0.0 0.0 60220000.0 266.0 2.0 1000.0 120440000.0
17900.0 0.0 1.0 37.0 0.0 0.0 0.0 60220000.0 265.0 2.0 1000.0 120440000.0
18000.0 0.0 1.0 37.0 0.0 0.0 0.0 60220000.0 264.0 2.0 1000.0 120440000.0
18100.0 0.0 1.0 37.0 0.0 0.0 0.0 60220000.0 261.0 2.0 1000.0 120440000.0
18200.0 0.0 1.0 37.0 0.0 0.0 0.0 60220000.0 259.0 2.0 1000.0 120440000.0
18300.0 0.0 1.0 36.0 0.0 0.0 0.0 60220000.0 253.0 2.0 1000.0 120440000.0
18400.0 0.0 1.0 36.0 0.0 0.0 0.0 60220000.0 251.0 2.0 1000.0 120440000.0
18500.0 0.0 1.0 36.0 0.0 0.0 0.0 60220000.0 244.0 2.0 1000.0 120440000.0
18600.0 0.0 1.0 36.0 0.0 0.0 0.0 60220000.0 239.0 2.0 1000.0 120440000.0
18700.0 0.0 1.0 35.0 0.0 0.0 0.0 60220000.0 236.0 2.0 1000.0 120440000.0
18800.0 0.0 1.0 35.0 0.0 0.0 0.0 60220000.0 234.0 2.0 1000.0 120440000.0
18900.0 0.0 1.0 35.0 0.0 0.0 0.0 60220000.0 231.0 2.0 1000.0 120440000.0
19000.0 0.0 1.0 34.0 0.0 0.0 0.0 60220000.0 227.0 2.0 1000.0 120440000.0
19100.0 0.0 1.0 34.0 0.0 0.0 0.0 60220000.0 223.0 2.0 1000.0 120440000.0
19200.0 0.0 1.0 32.0 0.0 0.0 0.0 60220000.0 220.0 2.0 1000.0 120440000.0
19300.0 0.0 1.0 32.0 0.0 0.0 0.0 60220000.0 217.0 2.0 1000.0 120440000.0
19400.0 0.0 1.0 31.0 0.0 0.0 0.0 60220000.0 211.0 2.0 1000.0 120440000.0
19500.0 0.0 1.0 30.0 0.0 0.0 0.0 60220000.0 207.0 2.0 1000.0 120440000.0
19600.0 0.0 1.0 29.0 0.0 0.0 0.0 60220000.0 204.0 2.0 1000.0 120440000.0
19700.0 0.0 1.0 29.0 0.0 0.0 0.0 60220000.0 202.0 2.0 1000.0 120440000.0
19800.0 0.0 1.0 29.0 0.0 0.0 0.0 60220000.0 199.0 2.0 1000.0 120440000.0
19900.0 0.0 1.0 28.0 0.0 0.0 0.0 60220000.0 196.0 2.0 1000.0 120440000.0
