time rna_M monomer_betaGal protein_betaGal Lactose_external Lactose_internal Glucose_external Glucose_internal protein_Lactose_Permease dna_Lac_Operon Biomass Lactose_consumed
0.0 0.0 0.0 0.0 120440000.0 0.0 60220000.0 0.0 0.0 2.0 1000.0 0.0
100.0 0.0 0.0 0.0 120440000.0 0.0 30132423.0 30087577.0 0.0 2.0 1000.0 0.0
200.0 0.0 0.0 0.0 120440000.0 0.0 85796.0 60134204.0 0.0 2.0 1000.0 0.0
300.0 0.0 0.0 0.0 120440000.0 0.0 0.0 60220000.0 0.0 2.0 1000.0 0.0
400.0 0.0 0.0 0.0 120440000.0 0.0 0.0 60220000.0 0.0 2.0 1000.0 0.0
500.0 0.0 0.0 0.0 120440000.0 0.0 0.0 60220000.0 0.0 2.0 1000.0 0.0
600.0 0.0 0.0 0.0 120440000.0 0.0 0.0 60220000.0 0.0 2.0 1000.0 0.0
700.0 0.0 0.0 0.0 120440000.0 0.0 0.0 60220000.0 0.0 2.0 1000.0 0.0
800.0 0.0 0.0 0.0 120440000.0 0.0 0.0 60220000.0 0.0 2.0 1000.0 0.0
900.0 0.0 0.0 0.0 120440000.0 0.0 0.0 60220000.0 0.0 2.0 1000.0 0.0
1000.0 0.0 0.0 0.0 120440000.0 0.0 0.0 60220000.0 0.0 2.0 1000.0 0.0
1100.0 0.0 0.0 0.0 120440000.0 0.0 0.0 60220000.0 0.0 2.0 1000.0 0.0
1200.0 0.0 0.0 0.0 120440000.0 0.0 0.0 60220000.0 0.0 2.0 1000.0 0.0
1300.0 0.0 0.0 0.0 120440000.0 0.0 0.0 60220000.0 0.0 2.0 1000.0 0.0
1400.0 0.0 0.0 0.0 120440000.0 0.0 0.0 60220000.0 0.0 2.0 1000.0 0.0
1500.0 0.0 0.0 0.0 120440000.0 0.0 0.0 60220000.0 0.0 2.0 1000.0 0.0
1600.0 0.0 0.0 0.0 120440000.0 0.0 0.0 60220000.0 0.0 2.0 1000.0 0.0
1700.0 0.0 2.0 1.0 120395265.0 40514.0 0.0 60220000.0 16.0 2.0 1000.0 4221.0
1800.0 0.0 2.0 1.0 120337772.0 85292.0 0.0 60220000.0 16.0 2.0 1000.0 16936.0
1900.0 0.0 2.0 1.0 120286046.0 120332.0 0.0 60220000.0 14.0 2.0 1000.0 33622.0
2000.0 0.0 2.0 1.0 120235905.0 152015.0 0.0 60220000.0 14.0 2.0 1000.0 52080.0
2100.0 0.0 2.0 1.0 120188085.0 180054.0 0.0 60220000.0 13.0 2.0 1000.0 71861.0
2200.0 0.0 2.0 1.0 120145030.0 202142.0 0.0 60220000.0 12.0 2.0 1000.0 92828.0
2300.0 0.0 2.0 1.0 120102183.0 223473.0 0.0 60220000.0 12.0 2.0 1000.0 114344.0
2400.0 0.0 2.0 1.0 120059816.0 243621.0 0.0 60220000.0 12.0 2.0 1000.0 136563.0
2500.0 0.0 2.0 1.0 120018265.0 262479.0 0.0 60220000.0 11.0 2.0 1000.0 159256.0
2600.0 0.0 2.0 1.0 119978893.0 279063.0 0.0 60220000.0 11.0 2.0 1000.0 182044.0
2700.0 0.0 2.0 1.0 119939396.0 295499.0 0.0 60220000.0 11.0 2.0 1000.0 205105.0
2800.0 0.0 2.0 1.0 119900120.0 311456.0 0.0 60220000.0 11.0 2.0 1000.0 228424.0
2900.0 0.0 2.0 1.0 119861111.0 326809.0 0.0 60220000.0 11.0 2.0 1000.0 252080.0
3000.0 0.0 2.0 1.0 119821791.0 342223.0 0.0 60220000.0 11.0 2.0 1000.0 275986.0
3100.0 0.0 2.0 1.0 119782494.0 357437.0 0.0 60220000.0 11.0 2.0 1000.0 300069.0
3200.0 0.0 2.0 1.0 119743088.0 372393.0 0.0 60220000.0 11.0 2.0 1000.0 324519.0
3300.0 0.0 2.0 1.0 119703840.0 387197.0 0.0 60220000.0 11.0 2.0 1000.0 348963.0
3400.0 0.0 2.0 1.0 119664945.0 401349.0 0.0 60220000.0 11.0 2.0 1000.0 373706.0
3500.0 0.0 2.0 1.0 119625278.0 416203.0 0.0 60220000.0 11.0 2.0 1000.0 398519.0
3600.0 0.0 2.0 1.0 119586283.0 430043.0 0.0 60220000.0 11.0 2.0 1000.0 423674.0
3700.0 0.0 2.0 1.0 119547246.0 443771.0 0.0 60220000.0 11.0 2.0 1000.0 448983.0
3800.0 0.0 2.0 1.0 119508182.0 457458.0 0.0 60220000.0 11.0 2.0 1000.0 474360.0
3900.0 0.0 2.0 1.0 119468965.0 471125.0 0.0 60220000.0 11.0 2.0 1000.0 499910.0
4000.0 0.0 2.0 1.0 119430882.0 483654.0 0.0 60220000.0 10.0 2.0 1000.0 525464.0
4100.0 0.0 2.0 1.0 119395192.0 493909.0 0.0 60220000.0 10.0 2.0 1000.0 550899.0
4200.0 0.0 2.0 0.0 119359359.0 522609.0 0.0 60220000.0 10.0 2.0 1000.0 558032.0
4300.0 0.0 2.0 0.0 119323515.0 558453.0 0.0 60220000.0 10.0 2.0 1000.0 558032.0
4400.0 0.0 2.0 0.0 119287954.0 594014.0 0.0 60220000.0 10.0 2.0 1000.0 558032.0
4500.0 0.0 2.0 0.0 119252399.0 629569.0 0.0 60220000.0 10.0 2.0 1000.0 558032.0
4600.0 0.0 2.0 0.0 119216767.0 665201.0 0.0 60220000.0 10.0 2.0 1000.0 558032.0
4700.0 0.0 2.0 0.0 119180835.0 701133.0 0.0 60220000.0 10.0 2.0 1000.0 558032.0
4800.0 0.0 2.0 0.0 119145312.0 736656.0 0.0 60220000.0 10.0 2.0 1000.0 558032.0
4900.0 0.0 2.0 0.0 119109675.0 772293.0 0.0 60220000.0 10.0 2.0 1000.0 558032.0
5000.0 0.0 2.0 0.0 119073778.0 808190.0 0.0 60220000.0 10.0 2.0 1000.0 558032.0
5100.0 0.0 2.0 0.0 119038170.0 843798.0 0.0 60220000.0 10.0 2.0 1000.0 558032.0
5200.0 0.0 2.0 0.0 119002527.0 879441.0 0.0 60220000.0 10.0 2.0 1000.0 558032.0
5300.0 0.0 2.0 0.0 118966682.0 915286.0 0.0 60220000.0 10.0 2.0 1000.0 558032.0
5400.0 0.0 2.0 0.0 118931032.0 950936.0 0.0 60220000.0 10.0 2.0 1000.0 558032.0
5500.0 0.0 2.0 0.0 118895526.0 986442.0 0.0 60220000.0 10.0 2.0 1000.0 558032.0
5600.0 0.0 2.0 0.0 118860081.0 1021887.0 0.0 60220000.0 10.0 2.0 1000.0 558032.0
5700.0 0.0 2.0 0.0 118824114.0 1057854.0 0.0 60220000.0 10.0 2.0 1000.0 558032.0
5800.0 0.0 2.0 0.0 118788832.0 1093136.0 0.0 60220000.0 10.0 2.0 1000.0 558032.0
5900.0 0.0 2.0 0.0 118752954.0 1129014.0 0.0 60220000.0 10.0 2.0 1000.0 558032.0
6000.0 0.0 2.0 0.0 118717343.0 1164625.0 0.0 60220000.0 10.0 2.0 1000.0 558032.0
6100.0 0.0 2.0 0.0 118682861.0 1199107.0 0.0 60220000.0 9.0 2.0 1000.0 558032.0
6200.0 0.0 2.0 0.0 118650676.0 1231292.0 0.0 60220000.0 9.0 2.0 1000.0 558032.0
6300.0 0.0 2.0 0.0 118618552.0 1263416.0 0.0 60220000.0 9.0 2.0 1000.0 558032.0
6400.0 0.0 2.0 0.0 118586228.0 1295740.0 0.0 60220000.0 9.0 2.0 1000.0 558032.0
6500.0 0.0 2.0 0.0 118554146.0 1327822.0 0.0 60220000.0 9.0 2.0 1000.0 558032.0
6600.0 0.0 2.0 0.0 118522056.0 1359912.0 0.0 60220000.0 9.0 2.0 1000.0 558032.0
6700.0 0.0 2.0 0.0 118492393.0 1389575.0 0.0 60220000.0 8.0 2.0 1000.0 558032.0
6800.0 0.0 2.0 0.0 118463915.0 1418053.0 0.0 60220000.0 8.0 2.0 1000.0 558032.0
6900.0 0.0 2.0 0.0 118435198.0 1446770.0 0.0 60220000.0 8.0 2.0 1000.0 558032.0
7000.0 0.0 2.0 0.0 118406869.0 1475099.0 0.0 60220000.0 8.0 2.0 1000.0 558032.0
7100.0 0.0 2.0 0.0 118378593.0 1503375.0 0.0 60220000.0 8.0 2.0 1000.0 558032.0
7200.0 0.0 2.0 0.0 118350057.0 1531911.0 0.0 60220000.0 8.0 2.0 1000.0 558032.0
7300.0 0.0 2.0 0.0 118321688.0 1560280.0 0.0 60220000.0 8.0 2.0 1000.0 558032.0
7400.0 0.0 2.0 0.0 118293331.0 1588637.0 0.0 60220000.0 8.0 2.0 1000.0 558032.0
7500.0 0.0 2.0 0.0 118265170.0 1616798.0 0.0 60220000.0 8.0 2.0 1000.0 558032.0
7600.0 0.0 2.0 0.0 118238549.0 1643419.0 0.0 60220000.0 7.0 2.0 1000.0 558032.0
7700.0 0.0 2.0 0.0 118213663.0 1668305.0 0.0 60220000.0 7.0 2.0 1000.0 558032.0
7800.0 0.0 2.0 0.0 118188837.0 1693131.0 0.0 60220000.0 7.0 2.0 1000.0 558032.0
7900.0 0.0 2.0 0.0 118164080.0 1717888.0 0.0 60220000.0 7.0 2.0 1000.0 558032.0
8000.0 0.0 2.0 0.0 118139332.0 1742636.0 0.0 60220000.0 7.0 2.0 1000.0 558032.0
8100.0 0.0 2.0 0.0 118114538.0 1767430.0 0.0 60220000.0 7.0 2.0 1000.0 558032.0
8200.0 0.0 2.0 0.0 118089472.0 1792496.0 0.0 60220000.0 7.0 2.0 1000.0 558032.0
8300.0 0.0 2.0 0.0 118064496.0 1817472.0 0.0 60220000.0 7.0 2.0 1000.0 558032.0
8400.0 0.0 2.0 0.0 118039503.0 1842465.0 0.0 60220000.0 7.0 2.0 1000.0 558032.0
8500.0 0.0 2.0 0.0 118014836.0 1867132.0 0.0 60220000.0 7.0 2.0 1000.0 558032.0
8600.0 0.0 2.0 0.0 117990112.0 1891856.0 0.0 60220000.0 7.0 2.0 1000.0 558032.0
8700.0 0.0 2.0 0.0 117965420.0 1916548.0 0.0 60220000.0 7.0 2.0 1000.0 558032.0
8800.0 0.0 2.0 0.0 117940431.0 1941537.0 0.0 60220000.0 7.0 2.0 1000.0 558032.0
8900.0 0.0 2.0 0.0 117915571.0 1966397.0 0.0 60220000.0 7.0 2.0 1000.0 558032.0
9000.0 0.0 2.0 0.0 117891333.0 1990635.0 0.0 60220000.0 6.0 2.0 1000.0 558032.0
9100.0 0.0 2.0 0.0 117870173.0 2011795.0 0.0 60220000.0 6.0 2.0 1000.0 558032.0
9200.0 0.0 2.0 0.0 117848788.0 2033180.0 0.0 60220000.0 6.0 2.0 1000.0 558032.0
9300.0 0.0 2.0 0.0 117827629.0 2054339.0 0.0 60220000.0 6.0 2.0 1000.0 558032.0
9400.0 0.0 2.0 0.0 117807581.0 2074387.0 0.0 60220000.0 5.0 2.0 1000.0 558032.0
9500.0 0.0 2.0 0.0 117789964.0 2092004.0 0.0 60220000.0 5.0 2.0 1000.0 558032.0
9600.0 1.0 3.0 0.0 117772179.0 2109789.0 0.0 60220000.0 5.0 2.0 1000.0 558032.0
9700.0 1.0 0.0 3.0 117691301.0 2153441.0 0.0 60220000.0 36.0 2.0 1000.0 595258.0
9800.0 0.0 1.0 5.0 117496725.0 2213532.0 0.0 60220000.0 63.0 2.0 1000.0 729743.0
9900.0 0.0 1.0 5.0 117273377.0 2292803.0 0.0 60220000.0 63.0 2.0 1000.0 873820.0
10000.0 0.0 1.0 5.0 117050179.0 2370903.0 0.0 60220000.0 63.0 2.0 1000.0 1018918.0
10100.0 1.0 1.0 7.0 116805820.0 2448047.0 0.0 60220000.0 77.0 2.0 1000.0 1186133.0
10200.0 1.0 3.0 12.0 116486692.0 2480564.0 0.0 60220000.0 103.0 2.0 1000.0 1472744.0
10300.0 0.0 1.0 13.0 116115808.0 2474362.0 0.0 60220000.0 102.0 2.0 1000.0 1849830.0
10400.0 0.0 1.0 12.0 115761296.0 2461543.0 0.0 60220000.0 99.0 2.0 1000.0 2217161.0
10500.0 1.0 3.0 13.0 115374243.0 2490713.0 0.0 60220000.0 125.0 2.0 1000.0 2575044.0
10600.0 1.0 3.0 17.0 114866073.0 2559787.0 0.0 60220000.0 161.0 2.0 1000.0 3014140.0
10700.0 1.0 0.0 22.0 114252375.0 2605609.0 0.0 60220000.0 186.0 2.0 1000.0 3582016.0
10800.0 2.0 1.0 26.0 113518094.0 2649280.0 0.0 60220000.0 231.0 2.0 1000.0 4272626.0
10900.0 2.0 1.0 37.0 112561637.0 2705675.0 0.0 60220000.0 315.0 2.0 1000.0 5172688.0
11000.0 1.0 2.0 40.0 111361465.0 2766980.0 0.0 60220000.0 350.0 2.0 1000.0 6311555.0
11100.0 0.0 1.0 44.0 110081498.0 2820463.0 0.0 60220000.0 370.0 2.0 1000.0 7538039.0
11200.0 0.0 1.0 44.0 108775263.0 2844383.0 0.0 60220000.0 366.0 2.0 1000.0 8820354.0
11300.0 0.0 1.0 44.0 107491428.0 2844428.0 0.0 60220000.0 359.0 2.0 1000.0 10104144.0
11400.0 0.0 1.0 44.0 106225723.0 2829201.0 0.0 60220000.0 351.0 2.0 1000.0 11385076.0
11500.0 0.0 1.0 44.0 104990435.0 2783872.0 0.0 60220000.0 346.0 2.0 1000.0 12665693.0
11600.0 0.0 1.0 41.0 103773226.0 2791288.0 0.0 60220000.0 341.0 2.0 1000.0 13875486.0
11700.0 1.0 3.0 41.0 102572478.0 2799933.0 0.0 60220000.0 337.0 2.0 1000.0 15067589.0
11800.0 0.0 2.0 45.0 101328077.0 2787782.0 0.0 60220000.0 365.0 2.0 1000.0 16324141.0
11900.0 0.0 2.0 45.0 100047858.0 2758596.0 0.0 60220000.0 359.0 2.0 1000.0 17633546.0
12000.0 0.0 2.0 44.0 98783218.0 2714224.0 0.0 60220000.0 354.0 2.0 1000.0 18942558.0
12100.0 0.0 2.0 44.0 97536716.0 2680911.0 0.0 60220000.0 349.0 2.0 1000.0 20222373.0
12200.0 0.0 2.0 44.0 96304983.0 2631654.0 0.0 60220000.0 345.0 2.0 1000.0 21503363.0
12300.0 0.0 2.0 43.0 95097198.0 2578433.0 0.0 60220000.0 338.0 2.0 1000.0 22764369.0
12400.0 0.0 2.0 43.0 93904377.0 2522471.0 0.0 60220000.0 336.0 2.0 1000.0 24013152.0
12500.0 0.0 2.0 42.0 92719867.0 2481230.0 0.0 60220000.0 331.0 2.0 1000.0 25238903.0
12600.0 0.0 2.0 41.0 91551550.0 2449127.0 0.0 60220000.0 326.0 2.0 1000.0 26439323.0
12700.0 0.0 2.0 41.0 90402176.0 2409639.0 0.0 60220000.0 322.0 2.0 1000.0 27628185.0
12800.0 0.0 2.0 41.0 89267751.0 2355981.0 0.0 60220000.0 317.0 2.0 1000.0 28816268.0
12900.0 0.0 2.0 41.0 88147264.0 2288800.0 0.0 60220000.0 314.0 2.0 1000.0 30003936.0
13000.0 0.0 1.0 43.0 87026646.0 2178214.0 0.0 60220000.0 313.0 2.0 1000.0 31235140.0
13100.0 0.0 1.0 42.0 85923183.0 2057444.0 0.0 60220000.0 309.0 2.0 1000.0 32459373.0
13200.0 0.0 1.0 42.0 84836918.0 1933729.0 0.0 60220000.0 302.0 2.0 1000.0 33669353.0
13300.0 0.0 2.0 44.0 83738579.0 1787445.0 0.0 60220000.0 314.0 2.0 1000.0 34913976.0
13400.0 0.0 2.0 43.0 82633559.0 1651853.0 0.0 60220000.0 306.0 2.0 1000.0 36154588.0
13500.0 0.0 2.0 42.0 81550702.0 1528488.0 0.0 60220000.0 302.0 2.0 1000.0 37360810.0
13600.0 0.0 2.0 42.0 80481083.0 1407787.0 0.0 60220000.0 299.0 2.0 1000.0 38551130.0
13700.0 0.0 2.0 42.0 79424549.0 1278720.0 0.0 60220000.0 292.0 2.0 1000.0 39736731.0
13800.0 0.0 2.0 42.0 78394634.0 1131750.0 0.0 60220000.0 287.0 2.0 1000.0 40913616.0
13900.0 0.0 2.0 42.0 77373972.0 986538.0 0.0 60220000.0 286.0 2.0 1000.0 42079490.0
14000.0 0.0 2.0 41.0 76355124.0 854579.0 0.0 60220000.0 285.0 2.0 1000.0 43230297.0
14100.0 0.0 2.0 41.0 75343851.0 751750.0 0.0 60220000.0 281.0 2.0 1000.0 44344399.0
14200.0 0.0 2.0 40.0 74350734.0 653082.0 0.0 60220000.0 276.0 2.0 1000.0 45436184.0
14300.0 0.0 2.0 39.0 73368445.0 579975.0 0.0 60220000.0 275.0 2.0 1000.0 46491580.0
14400.0 0.0 2.0 37.0 72398517.0 561171.0 0.0 60220000.0 270.0 2.0 1000.0 47480312.0
14500.0 0.0 2.0 37.0 71444805.0 550793.0 0.0 60220000.0 264.0 2.0 1000.0 48444402.0
14600.0 0.0 2.0 35.0 70508693.0 568621.0 0.0 60220000.0 260.0 2.0 1000.0 49362686.0
14700.0 0.0 2.0 34.0 69595094.0 578593.0 0.0 60220000.0 254.0 2.0 1000.0 50266313.0
14800.0 0.0 2.0 34.0 68697292.0 586003.0 0.0 60220000.0 249.0 2.0 1000.0 51156705.0
14900.0 0.0 2.0 34.0 67825281.0 569372.0 0.0 60220000.0 240.0 2.0 1000.0 52045347.0
15000.0 0.0 2.0 34.0 66974848.0 534812.0 0.0 60220000.0 236.0 2.0 1000.0 52930340.0
15100.0 0.0 2.0 33.0 66140079.0 506732.0 0.0 60220000.0 233.0 2.0 1000.0 53793189.0
15200.0 0.0 2.0 33.0 65319233.0 480832.0 0.0 60220000.0 225.0 2.0 1000.0 54639935.0
15300.0 0.0 2.0 32.0 64519972.0 451371.0 0.0 60220000.0 223.0 2.0 1000.0 55468657.0
15400.0 0.0 2.0 31.0 63733740.0 431711.0 0.0 60220000.0 216.0 2.0 1000.0 56274549.0
15500.0 0.0 2.0 31.0 62971098.0 417905.0 0.0 60220000.0 211.0 2.0 1000.0 57050997.0
15600.0 0.0 2.0 31.0 62232115.0 387534.0 0.0 60220000.0 205.0 2.0 1000.0 57820351.0
15700.0 0.0 2.0 31.0 61509887.0 352648.0 0.0 60220000.0 202.0 2.0 1000.0 58577465.0
15800.0 0.0 2.0 31.0 60798309.0 320393.0 0.0 60220000.0 197.0 2.0 1000.0 59321298.0
15900.0 0.0 2.0 31.0 60099004.0 292009.0 0.0 60220000.0 195.0 2.0 1000.0 60048987.0
16000.0 0.0 2.0 31.0 59404092.0 271474.0 0.0 60220000.0 194.0 2.0 1000.0 60764434.0
16100.0 0.0 2.0 30.0 58716262.0 264486.0 0.0 60220000.0 193.0 2.0 1000.0 61459252.0
16200.0 0.0 2.0 30.0 58040508.0 257807.0 0.0 60220000.0 187.0 2.0 1000.0 62141685.0
16300.0 0.0 2.0 30.0 57376394.0 246755.0 0.0 60220000.0 186.0 2.0 1000.0 62816851.0
16400.0 0.0 2.0 30.0 56715088.0 239812.0 0.0 60220000.0 184.0 2.0 1000.0 63485100.0
16500.0 0.0 2.0 30.0 56059537.0 232964.0 0.0 60220000.0 184.0 2.0 1000.0 64147499.0
16600.0 0.0 2.0 28.0 55407494.0 240790.0 0.0 60220000.0 182.0 2.0 1000.0 64791716.0
16700.0 0.0 2.0 26.0 54763497.0 271021.0 0.0 60220000.0 180.0 2.0 1000.0 65405482.0
16800.0 0.0 2.0 26.0 54122529.0 307968.0 0.0 60220000.0 178.0 2.0 1000.0 66009503.0
16900.0 0.0 2.0 26.0 53489810.0 324426.0 0.0 60220000.0 174.0 2.0 1000.0 66625764.0
17000.0 0.0 2.0 26.0 52876915.0 319242.0 0.0 60220000.0 171.0 2.0 1000.0 67243843.0
17100.0 0.0 2.0 26.0 52270227.0 310629.0 0.0 60220000.0 170.0 2.0 1000.0 67859144.0
17200.0 0.0 2.0 25.0 51672306.0 298578.0 0.0 60220000.0 166.0 2.0 1000.0 68469116.0
17300.0 0.0 2.0 25.0 51080109.0 303674.0 0.0 60220000.0 166.0 2.0 1000.0 69056217.0
17400.0 0.0 2.0 25.0 50490315.0 306337.0 0.0 60220000.0 164.0 2.0 1000.0 69643348.0
17500.0 0.0 2.0 25.0 49907153.0 301710.0 0.0 60220000.0 163.0 2.0 1000.0 70231137.0
17600.0 0.0 2.0 25.0 49332314.0 291592.0 0.0 60220000.0 160.0 2.0 1000.0 70816094.0
17700.0 0.0 2.0 25.0 48762913.0 281785.0 0.0 60220000.0 158.0 2.0 1000.0 71395302.0
17800.0 0.0 2.0 25.0 48205155.0 266417.0 0.0 60220000.0 154.0 2.0 1000.0 71968428.0
17900.0 0.0 2.0 24.0 47666070.0 246526.0 0.0 60220000.0 149.0 2.0 1000.0 72527404.0
18000.0 0.0 2.0 24.0 47146516.0 232529.0 0.0 60220000.0 143.0 2.0 1000.0 73060955.0
18100.0 0.0 2.0 24.0 46646215.0 210698.0 0.0 60220000.0 138.0 2.0 1000.0 73583087.0
18200.0 0.0 2.0 22.0 46156662.0 219156.0 0.0 60220000.0 136.0 2.0 1000.0 74064182.0
18300.0 0.0 2.0 22.0 45677821.0 220659.0 0.0 60220000.0 133.0 2.0 1000.0 74541520.0
18400.0 0.0 2.0 22.0 45209634.0 213007.0 0.0 60220000.0 130.0 2.0 1000.0 75017359.0
18500.0 0.0 2.0 21.0 44747908.0 219037.0 0.0 60220000.0 128.0 2.0 1000.0 75473055.0
18600.0 0.0 2.0 21.0 44295035.0 216817.0 0.0 60220000.0 125.0 2.0 1000.0 75928148.0
18700.0 0.0 2.0 20.0 43851574.0 217338.0 0.0 60220000.0 124.0 2.0 1000.0 76371088.0
18800.0 0.0 2.0 20.0 43410568.0 224165.0 0.0 60220000.0 123.0 2.0 1000.0 76805267.0
18900.0 0.0 2.0 20.0 42973723.0 224263.0 0.0 60220000.0 123.0 2.0 1000.0 77242014.0
19000.0 0.0 2.0 19.0 42539995.0 231955.0 0.0 60220000.0 120.0 2.0 1000.0 77668050.0
19100.0 0.0 2.0 19.0 42113015.0 238401.0 0.0 60220000.0 120.0 2.0 1000.0 78088584.0
19200.0 0.0 2.0 19.0 41685792.0 242550.0 0.0 60220000.0 119.0 2.0 1000.0 78511658.0
19300.0 0.0 2.0 18.0 41264517.0 258721.0 0.0 60220000.0 116.0 2.0 1000.0 78916762.0
19400.0 0.0 2.0 18.0 40852757.0 261714.0 0.0 60220000.0 115.0 2.0 1000.0 79325529.0
19500.0 1.0 3.0 18.0 40442381.0 263267.0 0.0 60220000.0 118.0 2.0 1000.0 79734352.0
19600.0 0.0 3.0 18.0 40018613.0 275659.0 0.0 60220000.0 118.0 2.0 1000.0 80145728.0
19700.0 1.0 2.0 18.0 39605254.0 287079.0 0.0 60220000.0 119.0 2.0 1000.0 80547667.0
19800.0 1.0 0.0 21.0 39145324.0 283847.0 0.0 60220000.0 143.0 2.0 1000.0 81010829.0
19900.0 1.0 2.0 25.0 38574970.0 323394.0 0.0 60220000.0 175.0 2.0 1000.0 81541636.0
