time rna_M monomer_betaGal protein_betaGal Lactose_external Lactose_internal Glucose_external Glucose_internal protein_Lactose_Permease dna_Lac_Operon Biomass Lactose_consumed
0.0 0.0 0.0 0.0 120440000.0 0.0 60220000.0 0.0 0.0 2.0 1000.0 0.0
100.0 0.0 0.0 0.0 120440000.0 0.0 30123700.0 30096300.0 0.0 2.0 1000.0 0.0
200.0 0.0 0.0 0.0 120440000.0 0.0 82762.0 60137238.0 0.0 2.0 1000.0 0.0
300.0 0.0 0.0 0.0 120440000.0 0.0 0.0 60220000.0 0.0 2.0 1000.0 0.0
400.0 0.0 0.0 0.0 120440000.0 0.0 0.0 60220000.0 0.0 2.0 1000.0 0.0
500.0 0.0 0.0 0.0 120440000.0 0.0 0.0 60220000.0 0.0 2.0 1000.0 0.0
600.0 0.0 0.0 0.0 120440000.0 0.0 0.0 60220000.0 0.0 2.0 1000.0 0.0
700.0 0.0 0.0 0.0 120440000.0 0.0 0.0 60220000.0 0.0 2.0 1000.0 0.0
800.0 0.0 0.0 0.0 120440000.0 0.0 0.0 60220000.0 0.0 2.0 1000.0 0.0
900.0 0.0 0.0 0.0 120440000.0 0.0 0.0 60220000.0 0.0 2.0 1000.0 0.0
1000.0 0.0 0.0 0.0 120440000.0 0.0 0.0 60220000.0 0.0 2.0 1000.0 0.0
1100.0 0.0 0.0 0.0 120440000.0 0.0 0.0 60220000.0 0.0 2.0 1000.0 0.0
1200.0 0.0 0.0 0.0 120440000.0 0.0 0.0 60220000.0 0.0 2.0 1000.0 0.0
1300.0 0.0 0.0 0.0 120440000.0 0.0 0.0 60220000.0 0.0 2.0 1000.0 0.0
1400.0 0.0 0.0 0.0 120440000.0 0.0 0.0 60220000.0 0.0 2.0 1000.0 0.0
1500.0 0.0 0.0 0.0 120440000.0 0.0 0.0 60220000.0 0.0 2.0 1000.0 0.0
1600.0 1.0 1.0 1.0 120436401.0 3561.0 0.0 60220000.0 9.0 2.0 1000.0 38.0
1700.0 0.0 2.0 2.0 120361924.0 62838.0 0.0 60220000.0 24.0 2.0 1000.0 15238.0
1800.0 0.0 2.0 2.0 120275642.0 118293.0 0.0 60220000.0 24.0 2.0 1000.0 46065.0
1900.0 0.0 2.0 2.0 120191184.0 165218.0 0.0 60220000.0 23.0 2.0 1000.0 83598.0
2000.0 0.0 2.0 2.0 120111346.0 203897.0 0.0 60220000.0 22.0 2.0 1000.0 124757.0
2100.0 0.0 2.0 2.0 120032430.0 239570.0 0.0 60220000.0 22.0 2.0 1000.0 168000.0
2200.0 0.0 2.0 2.0 119956057.0 270749.0 0.0 60220000.0 20.0 2.0 1000.0 213194.0
2300.0 0.0 2.0 2.0 119884869.0 295386.0 0.0 60220000.0 20.0 2.0 1000.0 259745.0
2400.0 0.0 2.0 2.0 119813476.0 319482.0 0.0 60220000.0 20.0 2.0 1000.0 307042.0
2500.0 0.0 2.0 2.0 119741824.0 343292.0 0.0 60220000.0 20.0 2.0 1000.0 354884.0
2600.0 0.0 2.0 2.0 119672024.0 364705.0 0.0 60220000.0 19.0 2.0 1000.0 403271.0
2700.0 0.0 2.0 2.0 119604079.0 383901.0 0.0 60220000.0 19.0 2.0 1000.0 452020.0
2800.0 0.0 2.0 2.0 119539544.0 399053.0 0.0 60220000.0 18.0 2.0 1000.0 501403.0
2900.0 0.0 2.0 2.0 119475062.0 413789.0 0.0 60220000.0 18.0 2.0 1000.0 551149.0
3000.0 0.0 2.0 2.0 119410864.0 428393.0 0.0 60220000.0 18.0 2.0 1000.0 600743.0
3100.0 0.0 2.0 2.0 119346619.0 442199.0 0.0 60220000.0 18.0 2.0 1000.0 651182.0
3200.0 0.0 2.0 2.0 119282524.0 455309.0 0.0 60220000.0 18.0 2.0 1000.0 702167.0
3300.0 0.0 2.0 2.0 119218413.0 468220.0 0.0 60220000.0 18.0 2.0 1000.0 753367.0
3400.0 0.0 2.0 2.0 119154390.0 481549.0 0.0 60220000.0 18.0 2.0 1000.0 804061.0
3500.0 0.0 2.0 2.0 119092899.0 491908.0 0.0 60220000.0 16.0 2.0 1000.0 855193.0
3600.0 0.0 2.0 2.0 119035876.0 497770.0 0.0 60220000.0 16.0 2.0 1000.0 906354.0
3700.0 0.0 2.0 2.0 118979815.0 502317.0 0.0 60220000.0 15.0 2.0 1000.0 957868.0
3800.0 0.0 2.0 2.0 118928516.0 502343.0 0.0 60220000.0 14.0 2.0 1000.0 1009141.0
3900.0 0.0 2.0 2.0 118878593.0 500623.0 0.0 60220000.0 14.0 2.0 1000.0 1060784.0
4000.0 1.0 2.0 5.0 118815430.0 483437.0 0.0 60220000.0 30.0 2.0 1000.0 1141133.0
4100.0 1.0 2.0 9.0 118641317.0 489443.0 0.0 60220000.0 59.0 2.0 1000.0 1309240.0
4200.0 1.0 1.0 14.0 118368149.0 473059.0 0.0 60220000.0 92.0 2.0 1000.0 1598792.0
4300.0 1.0 0.0 17.0 117994673.0 452963.0 0.0 60220000.0 115.0 2.0 1000.0 1992364.0
4400.0 0.0 3.0 18.0 117531199.0 458292.0 0.0 60220000.0 135.0 2.0 1000.0 2450509.0
4500.0 0.0 3.0 17.0 117050133.0 492534.0 0.0 60220000.0 135.0 2.0 1000.0 2897333.0
4600.0 0.0 3.0 17.0 116577289.0 527601.0 0.0 60220000.0 128.0 2.0 1000.0 3335110.0
4700.0 0.0 3.0 17.0 116124831.0 540728.0 0.0 60220000.0 126.0 2.0 1000.0 3774441.0
4800.0 0.0 3.0 17.0 115675135.0 547497.0 0.0 60220000.0 126.0 2.0 1000.0 4217368.0
4900.0 0.0 3.0 17.0 115231797.0 548137.0 0.0 60220000.0 123.0 2.0 1000.0 4660066.0
5000.0 0.0 3.0 17.0 114795263.0 542999.0 0.0 60220000.0 122.0 2.0 1000.0 5101738.0
5100.0 0.0 3.0 16.0 114366118.0 546964.0 0.0 60220000.0 120.0 2.0 1000.0 5526918.0
5200.0 0.0 3.0 16.0 113944591.0 552638.0 0.0 60220000.0 117.0 2.0 1000.0 5942771.0
5300.0 0.0 3.0 16.0 113532174.0 547998.0 0.0 60220000.0 115.0 2.0 1000.0 6359828.0
5400.0 0.0 3.0 16.0 113121685.0 543382.0 0.0 60220000.0 114.0 2.0 1000.0 6774933.0
5500.0 0.0 3.0 15.0 112715413.0 551220.0 0.0 60220000.0 114.0 2.0 1000.0 7173367.0
5600.0 0.0 3.0 15.0 112311306.0 563787.0 0.0 60220000.0 113.0 2.0 1000.0 7564907.0
5700.0 0.0 3.0 15.0 111911228.0 571501.0 0.0 60220000.0 112.0 2.0 1000.0 7957271.0
5800.0 0.0 3.0 15.0 111514371.0 576247.0 0.0 60220000.0 110.0 2.0 1000.0 8349382.0
5900.0 0.0 3.0 15.0 111123465.0 573824.0 0.0 60220000.0 109.0 2.0 1000.0 8742711.0
6000.0 0.0 3.0 15.0 110734656.0 569484.0 0.0 60220000.0 109.0 2.0 1000.0 9135860.0
6100.0 0.0 3.0 15.0 110351273.0 561550.0 0.0 60220000.0 106.0 2.0 1000.0 9527177.0
6200.0 0.0 3.0 15.0 109975875.0 547248.0 0.0 60220000.0 105.0 2.0 1000.0 9916877.0
6300.0 0.0 3.0 15.0 109604894.0 529628.0 0.0 60220000.0 104.0 2.0 1000.0 10305478.0
6400.0 0.0 3.0 15.0 109238698.0 509438.0 0.0 60220000.0 102.0 2.0 1000.0 10691864.0
6500.0 0.0 3.0 13.0 108875801.0 522704.0 0.0 60220000.0 101.0 2.0 1000.0 11041495.0
6600.0 0.0 3.0 13.0 108520865.0 540637.0 0.0 60220000.0 99.0 2.0 1000.0 11378498.0
6700.0 0.0 3.0 13.0 108182905.0 541580.0 0.0 60220000.0 94.0 2.0 1000.0 11715515.0
6800.0 0.0 3.0 13.0 107853289.0 533405.0 0.0 60220000.0 91.0 2.0 1000.0 12053306.0
6900.0 0.0 3.0 13.0 107532395.0 518422.0 0.0 60220000.0 90.0 2.0 1000.0 12389183.0
7000.0 0.0 3.0 13.0 107214888.0 501601.0 0.0 60220000.0 89.0 2.0 1000.0 12723511.0
7100.0 0.0 3.0 13.0 106897084.0 486023.0 0.0 60220000.0 89.0 2.0 1000.0 13056893.0
7200.0 0.0 3.0 13.0 106581498.0 469781.0 0.0 60220000.0 88.0 2.0 1000.0 13388721.0
7300.0 0.0 3.0 13.0 106269940.0 452186.0 0.0 60220000.0 87.0 2.0 1000.0 13717874.0
7400.0 0.0 3.0 13.0 105960287.0 434046.0 0.0 60220000.0 86.0 2.0 1000.0 14045667.0
7500.0 0.0 3.0 13.0 105656514.0 412499.0 0.0 60220000.0 85.0 2.0 1000.0 14370987.0
7600.0 0.0 3.0 13.0 105356669.0 390051.0 0.0 60220000.0 83.0 2.0 1000.0 14693280.0
7700.0 0.0 3.0 12.0 105065343.0 375090.0 0.0 60220000.0 80.0 2.0 1000.0 14999567.0
7800.0 0.0 3.0 12.0 104780789.0 367121.0 0.0 60220000.0 80.0 2.0 1000.0 15292090.0
7900.0 0.0 3.0 12.0 104500618.0 354588.0 0.0 60220000.0 78.0 2.0 1000.0 15584794.0
8000.0 0.0 3.0 12.0 104223697.0 340963.0 0.0 60220000.0 77.0 2.0 1000.0 15875340.0
8100.0 0.0 3.0 12.0 103949282.0 328630.0 0.0 60220000.0 76.0 2.0 1000.0 16162088.0
8200.0 0.0 3.0 11.0 103682008.0 322322.0 0.0 60220000.0 73.0 2.0 1000.0 16435670.0
8300.0 0.0 3.0 11.0 103422597.0 319953.0 0.0 60220000.0 72.0 2.0 1000.0 16697450.0
8400.0 0.0 3.0 11.0 103170073.0 311565.0 0.0 60220000.0 70.0 2.0 1000.0 16958362.0
8500.0 0.0 3.0 11.0 102922722.0 299183.0 0.0 60220000.0 68.0 2.0 1000.0 17218095.0
8600.0 0.0 3.0 11.0 102679951.0 286421.0 0.0 60220000.0 68.0 2.0 1000.0 17473628.0
8700.0 0.0 3.0 11.0 102441050.0 271398.0 0.0 60220000.0 65.0 2.0 1000.0 17727552.0
8800.0 0.0 3.0 11.0 102216993.0 245736.0 0.0 60220000.0 62.0 2.0 1000.0 17977271.0
8900.0 0.0 3.0 11.0 101998266.0 222390.0 0.0 60220000.0 61.0 2.0 1000.0 18219344.0
9000.0 0.0 3.0 11.0 101785013.0 199663.0 0.0 60220000.0 58.0 2.0 1000.0 18455324.0
9100.0 0.0 3.0 11.0 101580431.0 176817.0 0.0 60220000.0 57.0 2.0 1000.0 18682752.0
9200.0 0.0 3.0 10.0 101377774.0 162769.0 0.0 60220000.0 55.0 2.0 1000.0 18899457.0
9300.0 1.0 2.0 12.0 101177555.0 156239.0 0.0 60220000.0 62.0 2.0 1000.0 19106206.0
9400.0 1.0 1.0 18.0 100903229.0 146562.0 0.0 60220000.0 95.0 2.0 1000.0 19390209.0
9500.0 0.0 0.0 21.0 100526028.0 152022.0 0.0 60220000.0 113.0 2.0 1000.0 19761950.0
9600.0 0.0 0.0 21.0 100123042.0 150667.0 0.0 60220000.0 113.0 2.0 1000.0 20166291.0
9700.0 0.0 0.0 21.0 99722161.0 147870.0 0.0 60220000.0 111.0 2.0 1000.0 20569969.0
9800.0 0.0 0.0 21.0 99333589.0 139247.0 0.0 60220000.0 106.0 2.0 1000.0 20967164.0
9900.0 0.0 0.0 21.0 98961112.0 126113.0 0.0 60220000.0 102.0 2.0 1000.0 21352775.0
10000.0 0.0 0.0 21.0 98598132.0 118025.0 0.0 60220000.0 101.0 2.0 1000.0 21723843.0
10100.0 0.0 0.0 20.0 98237945.0 118877.0 0.0 60220000.0 101.0 2.0 1000.0 22083178.0
10200.0 0.0 0.0 20.0 97878213.0 123845.0 0.0 60220000.0 100.0 2.0 1000.0 22437942.0
10300.0 0.0 0.0 20.0 97527357.0 119198.0 0.0 60220000.0 97.0 2.0 1000.0 22793445.0
10400.0 0.0 0.0 20.0 97182426.0 115080.0 0.0 60220000.0 96.0 2.0 1000.0 23142494.0
10500.0 0.0 0.0 20.0 96838919.0 113758.0 0.0 60220000.0 96.0 2.0 1000.0 23487323.0
10600.0 0.0 0.0 19.0 96495228.0 115434.0 0.0 60220000.0 96.0 2.0 1000.0 23829338.0
10700.0 0.0 0.0 19.0 96152759.0 122591.0 0.0 60220000.0 96.0 2.0 1000.0 24164650.0
10800.0 0.0 0.0 19.0 95812343.0 124123.0 0.0 60220000.0 94.0 2.0 1000.0 24503534.0
10900.0 0.0 0.0 19.0 95478679.0 120107.0 0.0 60220000.0 93.0 2.0 1000.0 24841214.0
11000.0 0.0 0.0 18.0 95150336.0 119900.0 0.0 60220000.0 91.0 2.0 1000.0 25169764.0
11100.0 0.0 0.0 17.0 94825394.0 133829.0 0.0 60220000.0 91.0 2.0 1000.0 25480777.0
11200.0 0.0 0.0 17.0 94514128.0 131888.0 0.0 60220000.0 86.0 2.0 1000.0 25793984.0
11300.0 0.0 0.0 17.0 94206671.0 129411.0 0.0 60220000.0 86.0 2.0 1000.0 26103918.0
11400.0 0.0 0.0 16.0 93900699.0 139302.0 0.0 60220000.0 85.0 2.0 1000.0 26399999.0
11500.0 0.0 0.0 15.0 93604102.0 137987.0 0.0 60220000.0 82.0 2.0 1000.0 26697911.0
11600.0 0.0 0.0 15.0 93316555.0 143087.0 0.0 60220000.0 79.0 2.0 1000.0 26980358.0
11700.0 0.0 0.0 14.0 93036373.0 143593.0 0.0 60220000.0 78.0 2.0 1000.0 27260034.0
11800.0 0.0 0.0 14.0 92758195.0 153676.0 0.0 60220000.0 77.0 2.0 1000.0 27528129.0
11900.0 0.0 0.0 13.0 92484840.0 162283.0 0.0 60220000.0 75.0 2.0 1000.0 27792877.0
12000.0 0.0 0.0 13.0 92220571.0 167963.0 0.0 60220000.0 74.0 2.0 1000.0 28051466.0
12100.0 0.0 0.0 13.0 91964050.0 165309.0 0.0 60220000.0 71.0 2.0 1000.0 28310641.0
12200.0 0.0 0.0 12.0 91711018.0 169215.0 0.0 60220000.0 70.0 2.0 1000.0 28559767.0
12300.0 0.0 0.0 12.0 91461394.0 176653.0 0.0 60220000.0 69.0 2.0 1000.0 28801953.0
12400.0 0.0 0.0 12.0 91215758.0 177263.0 0.0 60220000.0 68.0 2.0 1000.0 29046979.0
12500.0 0.0 0.0 12.0 90974132.0 175194.0 0.0 60220000.0 67.0 2.0 1000.0 29290674.0
12600.0 0.0 0.0 12.0 90734775.0 172111.0 0.0 60220000.0 67.0 2.0 1000.0 29533114.0
12700.0 0.0 0.0 12.0 90495168.0 169923.0 0.0 60220000.0 67.0 2.0 1000.0 29774909.0
12800.0 0.0 0.0 11.0 90257909.0 171362.0 0.0 60220000.0 65.0 2.0 1000.0 30010729.0
12900.0 0.0 0.0 11.0 90025923.0 179846.0 0.0 60220000.0 65.0 2.0 1000.0 30234231.0
13000.0 0.0 0.0 11.0 89794679.0 185316.0 0.0 60220000.0 64.0 2.0 1000.0 30460005.0
13100.0 0.0 0.0 11.0 89573654.0 180574.0 0.0 60220000.0 61.0 2.0 1000.0 30685772.0
13200.0 0.0 0.0 10.0 89355085.0 179184.0 0.0 60220000.0 61.0 2.0 1000.0 30905731.0
13300.0 0.0 0.0 10.0 89137471.0 191138.0 0.0 60220000.0 61.0 2.0 1000.0 31111391.0
13400.0 0.0 0.0 10.0 88920806.0 197668.0 0.0 60220000.0 59.0 2.0 1000.0 31321526.0
13500.0 0.0 0.0 10.0 88710195.0 197523.0 0.0 60220000.0 59.0 2.0 1000.0 31532282.0
13600.0 0.0 0.0 10.0 88499369.0 197954.0 0.0 60220000.0 59.0 2.0 1000.0 31742677.0
13700.0 0.0 0.0 10.0 88290155.0 196324.0 0.0 60220000.0 58.0 2.0 1000.0 31953521.0
13800.0 0.0 0.0 10.0 88086271.0 191000.0 0.0 60220000.0 57.0 2.0 1000.0 32162729.0
13900.0 0.0 0.0 10.0 87883670.0 185863.0 0.0 60220000.0 56.0 2.0 1000.0 32370467.0
14000.0 0.0 0.0 10.0 87684045.0 179861.0 0.0 60220000.0 56.0 2.0 1000.0 32576094.0
14100.0 0.0 0.0 10.0 87483766.0 176797.0 0.0 60220000.0 56.0 2.0 1000.0 32779437.0
14200.0 0.0 0.0 10.0 87284273.0 174172.0 0.0 60220000.0 55.0 2.0 1000.0 32981555.0
14300.0 0.0 0.0 10.0 87087440.0 169918.0 0.0 60220000.0 55.0 2.0 1000.0 33182642.0
14400.0 0.0 0.0 10.0 86891557.0 165542.0 0.0 60220000.0 54.0 2.0 1000.0 33382901.0
14500.0 0.0 0.0 9.0 86699849.0 165466.0 0.0 60220000.0 53.0 2.0 1000.0 33574685.0
14600.0 0.0 0.0 8.0 86510767.0 180319.0 0.0 60220000.0 53.0 2.0 1000.0 33748914.0
14700.0 0.0 0.0 8.0 86321401.0 202900.0 0.0 60220000.0 53.0 2.0 1000.0 33915699.0
14800.0 0.0 0.0 8.0 86134539.0 217471.0 0.0 60220000.0 52.0 2.0 1000.0 34087990.0
14900.0 0.0 0.0 6.0 85948070.0 255401.0 0.0 60220000.0 52.0 2.0 1000.0 34236529.0
15000.0 0.0 0.0 6.0 85762931.0 302593.0 0.0 60220000.0 52.0 2.0 1000.0 34374476.0
15100.0 0.0 0.0 6.0 85577947.0 345396.0 0.0 60220000.0 51.0 2.0 1000.0 34516657.0
15200.0 0.0 0.0 5.0 85398198.0 381365.0 0.0 60220000.0 50.0 2.0 1000.0 34660437.0
15300.0 0.0 0.0 5.0 85221399.0 434288.0 0.0 60220000.0 49.0 2.0 1000.0 34784313.0
15400.0 0.0 0.0 5.0 85048171.0 480787.0 0.0 60220000.0 48.0 2.0 1000.0 34911042.0
15500.0 0.0 0.0 4.0 84876298.0 524570.0 0.0 60220000.0 48.0 2.0 1000.0 35039132.0
15600.0 0.0 0.0 4.0 84706075.0 590613.0 0.0 60220000.0 47.0 2.0 1000.0 35143312.0
15700.0 0.0 0.0 4.0 84539058.0 651933.0 0.0 60220000.0 46.0 2.0 1000.0 35249009.0
15800.0 0.0 0.0 4.0 84377200.0 706826.0 0.0 60220000.0 45.0 2.0 1000.0 35355974.0
15900.0 0.0 0.0 4.0 84217646.0 758744.0 0.0 60220000.0 45.0 2.0 1000.0 35463610.0
16000.0 0.0 0.0 4.0 84057399.0 810856.0 0.0 60220000.0 45.0 2.0 1000.0 35571745.0
16100.0 0.0 0.0 3.0 83897194.0 866186.0 0.0 60220000.0 45.0 2.0 1000.0 35676620.0
16200.0 0.0 0.0 3.0 83739045.0 942070.0 0.0 60220000.0 43.0 2.0 1000.0 35758885.0
16300.0 0.0 0.0 3.0 83588811.0 1009597.0 0.0 60220000.0 42.0 2.0 1000.0 35841592.0
16400.0 0.0 0.0 3.0 83442555.0 1072952.0 0.0 60220000.0 41.0 2.0 1000.0 35924493.0
16500.0 0.0 0.0 3.0 83297872.0 1133879.0 0.0 60220000.0 40.0 2.0 1000.0 36008249.0
16600.0 0.0 0.0 3.0 83154791.0 1192858.0 0.0 60220000.0 40.0 2.0 1000.0 36092351.0
16700.0 0.0 0.0 3.0 83015389.0 1247955.0 0.0 60220000.0 39.0 2.0 1000.0 36176656.0
16800.0 0.0 0.0 3.0 82876441.0 1302924.0 0.0 60220000.0 39.0 2.0 1000.0 36260635.0
16900.0 0.0 0.0 3.0 82737845.0 1357060.0 0.0 60220000.0 39.0 2.0 1000.0 36345095.0
17000.0 0.0 0.0 3.0 82604490.0 1405651.0 0.0 60220000.0 37.0 2.0 1000.0 36429859.0
17100.0 0.0 0.0 3.0 82473008.0 1452201.0 0.0 60220000.0 37.0 2.0 1000.0 36514791.0
17200.0 0.0 0.0 3.0 82343677.0 1496241.0 0.0 60220000.0 36.0 2.0 1000.0 36600082.0
17300.0 0.0 0.0 3.0 82216712.0 1537363.0 0.0 60220000.0 35.0 2.0 1000.0 36685925.0
17400.0 0.0 0.0 3.0 82092118.0 1576973.0 0.0 60220000.0 35.0 2.0 1000.0 36770909.0
17500.0 0.0 0.0 3.0 81967656.0 1616074.0 0.0 60220000.0 35.0 2.0 1000.0 36856270.0
17600.0 0.0 0.0 3.0 81843100.0 1654891.0 0.0 60220000.0 35.0 2.0 1000.0 36942009.0
17700.0 0.0 0.0 3.0 81718562.0 1693404.0 0.0 60220000.0 35.0 2.0 1000.0 37028034.0
17800.0 0.0 0.0 3.0 81593896.0 1732607.0 0.0 60220000.0 35.0 2.0 1000.0 37113497.0
17900.0 0.0 0.0 3.0 81474142.0 1766301.0 0.0 60220000.0 33.0 2.0 1000.0 37199557.0
18000.0 0.0 0.0 3.0 81357023.0 1797600.0 0.0 60220000.0 33.0 2.0 1000.0 37285377.0
18100.0 0.0 0.0 3.0 81239584.0 1828752.0 0.0 60220000.0 33.0 2.0 1000.0 37371664.0
18200.0 0.0 0.0 3.0 81122978.0 1858992.0 0.0 60220000.0 32.0 2.0 1000.0 37458030.0
18300.0 0.0 0.0 3.0 81012393.0 1883487.0 0.0 60220000.0 31.0 2.0 1000.0 37544120.0
18400.0 0.0 0.0 3.0 80904614.0 1905087.0 0.0 60220000.0 30.0 2.0 1000.0 37630299.0
18500.0 1.0 1.0 5.0 80782186.0 1929449.0 0.0 60220000.0 47.0 2.0 1000.0 37728365.0
18600.0 1.0 0.0 11.0 80525206.0 1956417.0 0.0 60220000.0 94.0 2.0 1000.0 37958377.0
18700.0 1.0 1.0 14.0 80136178.0 1998741.0 0.0 60220000.0 124.0 2.0 1000.0 38305081.0
18800.0 0.0 2.0 14.0 79666925.0 2064958.0 0.0 60220000.0 132.0 2.0 1000.0 38708117.0
18900.0 0.0 2.0 14.0 79202224.0 2125510.0 0.0 60220000.0 129.0 2.0 1000.0 39112266.0
19000.0 1.0 2.0 15.0 78744624.0 2173914.0 0.0 60220000.0 132.0 2.0 1000.0 39521462.0
19100.0 1.0 2.0 16.0 78267134.0 2194112.0 0.0 60220000.0 135.0 2.0 1000.0 39978754.0
19200.0 0.0 1.0 17.0 77767916.0 2211394.0 0.0 60220000.0 142.0 2.0 1000.0 40460690.0
19300.0 0.0 1.0 17.0 77263835.0 2223900.0 0.0 60220000.0 144.0 2.0 1000.0 40952265.0
19400.0 0.0 1.0 17.0 76753831.0 2242370.0 0.0 60220000.0 143.0 2.0 1000.0 41443799.0
19500.0 0.0 1.0 17.0 76249159.0 2253598.0 0.0 60220000.0 141.0 2.0 1000.0 41937243.0
19600.0 0.0 1.0 17.0 75749251.0 2260847.0 0.0 60220000.0 141.0 2.0 1000.0 42429902.0
19700.0 0.0 1.0 17.0 75257756.0 2260034.0 0.0 60220000.0 136.0 2.0 1000.0 42922210.0
19800.0 0.0 1.0 17.0 74778881.0 2246806.0 0.0 60220000.0 133.0 2.0 1000.0 43414313.0
19900.0 0.0 1.0 17.0 74309299.0 2224812.0 0.0 60220000.0 131.0 2.0 1000.0 43905889.0
