time rna_M monomer_betaGal protein_betaGal Lactose_external Lactose_internal Glucose_external Glucose_internal protein_Lactose_Permease dna_Lac_Operon Biomass Lactose_consumed
0.0 0.0 0.0 0.0 120440000.0 0.0 60220000.0 0.0 0.0 2.0 1000.0 0.0
100.0 0.0 0.0 0.0 120440000.0 0.0 30125465.0 30094535.0 0.0 2.0 1000.0 0.0
200.0 0.0 0.0 0.0 120440000.0 0.0 73664.0 60146336.0 0.0 2.0 1000.0 0.0
300.0 0.0 0.0 0.0 120440000.0 0.0 0.0 60220000.0 0.0 2.0 1000.0 0.0
400.0 0.0 0.0 0.0 120440000.0 0.0 0.0 60220000.0 0.0 2.0 1000.0 0.0
500.0 0.0 0.0 0.0 120440000.0 0.0 0.0 60220000.0 0.0 2.0 1000.0 0.0
600.0 0.0 0.0 0.0 120440000.0 0.0 0.0 60220000.0 0.0 2.0 1000.0 0.0
700.0 0.0 0.0 0.0 120440000.0 0.0 0.0 60220000.0 0.0 2.0 1000.0 0.0
800.0 0.0 0.0 0.0 120440000.0 0.0 0.0 60220000.0 0.0 2.0 1000.0 0.0
900.0 0.0 0.0 0.0 120440000.0 0.0 0.0 60220000.0 0.0 2.0 1000.0 0.0
1000.0 0.0 0.0 0.0 120440000.0 0.0 0.0 60220000.0 0.0 2.0 1000.0 0.0
1100.0 0.0 0.0 0.0 120440000.0 0.0 0.0 60220000.0 0.0 2.0 1000.0 0.0
1200.0 0.0 0.0 0.0 120440000.0 0.0 0.0 60220000.0 0.0 2.0 1000.0 0.0
1300.0 0.0 0.0 0.0 120440000.0 0.0 0.0 60220000.0 0.0 2.0 1000.0 0.0
1400.0 0.0 0.0 0.0 120440000.0 0.0 0.0 60220000.0 0.0 2.0 1000.0 0.0
1500.0 0.0 0.0 0.0 120440000.0 0.0 0.0 60220000.0 0.0 2.0 1000.0 0.0
1600.0 0.0 0.0 0.0 120440000.0 0.0 0.0 60220000.0 0.0 2.0 1000.0 0.0
1700.0 0.0 0.0 0.0 120440000.0 0.0 0.0 60220000.0 0.0 2.0 1000.0 0.0
1800.0 0.0 0.0 0.0 120440000.0 0.0 0.0 60220000.0 0.0 2.0 1000.0 0.0
1900.0 0.0 0.0 0.0 120440000.0 0.0 0.0 60220000.0 0.0 2.0 1000.0 0.0
2000.0 0.0 0.0 0.0 120440000.0 0.0 0.0 60220000.0 0.0 2.0 1000.0 0.0
2100.0 0.0 0.0 0.0 120440000.0 0.0 0.0 60220000.0 0.0 2.0 1000.0 0.0
2200.0 0.0 0.0 0.0 120440000.0 0.0 0.0 60220000.0 0.0 2.0 1000.0 0.0
2300.0 0.0 0.0 0.0 120440000.0 0.0 0.0 60220000.0 0.0 2.0 1000.0 0.0
2400.0 0.0 0.0 0.0 120440000.0 0.0 0.0 60220000.0 0.0 2.0 1000.0 0.0
2500.0 0.0 0.0 0.0 120440000.0 0.0 0.0 60220000.0 0.0 2.0 1000.0 0.0
2600.0 0.0 0.0 0.0 120440000.0 0.0 0.0 60220000.0 0.0 2.0 1000.0 0.0
2700.0 0.0 0.0 0.0 120440000.0 0.0 0.0 60220000.0 0.0 2.0 1000.0 0.0
2800.0 0.0 0.0 0.0 120440000.0 0.0 0.0 60220000.0 0.0 2.0 1000.0 0.0
2900.0 0.0 0.0 0.0 120440000.0 0.0 0.0 60220000.0 0.0 2.0 1000.0 0.0
3000.0 0.0 0.0 0.0 120440000.0 0.0 0.0 60220000.0 0.0 2.0 1000.0 0.0
3100.0 0.0 0.0 0.0 120440000.0 0.0 0.0 60220000.0 0.0 2.0 1000.0 0.0
3200.0 0.0 0.0 0.0 120440000.0 0.0 0.0 60220000.0 0.0 2.0 1000.0 0.0
3300.0 0.0 0.0 0.0 120440000.0 0.0 0.0 60220000.0 0.0 2.0 1000.0 0.0
3400.0 0.0 0.0 0.0 120440000.0 0.0 0.0 60220000.0 0.0 2.0 1000.0 0.0
3500.0 0.0 0.0 0.0 120440000.0 0.0 0.0 60220000.0 0.0 2.0 1000.0 0.0
3600.0 0.0 0.0 0.0 120440000.0 0.0 0.0 60220000.0 0.0 2.0 1000.0 0.0
3700.0 0.0 0.0 0.0 120440000.0 0.0 0.0 60220000.0 0.0 2.0 1000.0 0.0
3800.0 0.0 0.0 0.0 120440000.0 0.0 0.0 60220000.0 0.0 2.0 1000.0 0.0
3900.0 0.0 0.0 0.0 120440000.0 0.0 0.0 60220000.0 0.0 2.0 1000.0 0.0
4000.0 0.0 0.0 0.0 120440000.0 0.0 0.0 60220000.0 0.0 2.0 1000.0 0.0
4100.0 0.0 0.0 0.0 120440000.0 0.0 0.0 60220000.0 0.0 2.0 1000.0 0.0
4200.0 0.0 0.0 0.0 120440000.0 0.0 0.0 60220000.0 0.0 2.0 1000.0 0.0
4300.0 0.0 0.0 0.0 120440000.0 0.0 0.0 60220000.0 0.0 2.0 1000.0 0.0
4400.0 0.0 0.0 0.0 120440000.0 0.0 0.0 60220000.0 0.0 2.0 1000.0 0.0
4500.0 0.0 0.0 0.0 120440000.0 0.0 0.0 60220000.0 0.0 2.0 1000.0 0.0
4600.0 0.0 0.0 0.0 120440000.0 0.0 0.0 60220000.0 0.0 2.0 1000.0 0.0
4700.0 0.0 0.0 0.0 120440000.0 0.0 0.0 60220000.0 0.0 2.0 1000.0 0.0
4800.0 0.0 0.0 0.0 120440000.0 0.0 0.0 60220000.0 0.0 2.0 1000.0 0.0
4900.0 0.0 0.0 0.0 120440000.0 0.0 0.0 60220000.0 0.0 2.0 1000.0 0.0
5000.0 0.0 0.0 0.0 120440000.0 0.0 0.0 60220000.0 0.0 2.0 1000.0 0.0
5100.0 0.0 0.0 0.0 120440000.0 0.0 0.0 60220000.0 0.0 2.0 1000.0 0.0
5200.0 0.0 0.0 0.0 120440000.0 0.0 0.0 60220000.0 0.0 2.0 1000.0 0.0
5300.0 0.0 0.0 0.0 120440000.0 0.0 0.0 60220000.0 0.0 2.0 1000.0 0.0
5400.0 0.0 0.0 0.0 120440000.0 0.0 0.0 60220000.0 0.0 2.0 1000.0 0.0
5500.0 0.0 0.0 0.0 120440000.0 0.0 0.0 60220000.0 0.0 2.0 1000.0 0.0
5600.0 0.0 0.0 0.0 120440000.0 0.0 0.0 60220000.0 0.0 2.0 1000.0 0.0
5700.0 0.0 0.0 0.0 120440000.0 0.0 0.0 60220000.0 0.0 2.0 1000.0 0.0
5800.0 0.0 0.0 0.0 120440000.0 0.0 0.0 60220000.0 0.0 2.0 1000.0 0.0
5900.0 0.0 0.0 0.0 120440000.0 0.0 0.0 60220000.0 0.0 2.0 1000.0 0.0
6000.0 0.0 0.0 0.0 120440000.0 0.0 0.0 60220000.0 0.0 2.0 1000.0 0.0
6100.0 0.0 0.0 0.0 120440000.0 0.0 0.0 60220000.0 0.0 2.0 1000.0 0.0
6200.0 0.0 0.0 0.0 120440000.0 0.0 0.0 60220000.0 0.0 2.0 1000.0 0.0
6300.0 0.0 0.0 0.0 120440000.0 0.0 0.0 60220000.0 0.0 2.0 1000.0 0.0
6400.0 0.0 0.0 0.0 120440000.0 0.0 0.0 60220000.0 0.0 2.0 1000.0 0.0
6500.0 0.0 0.0 0.0 120440000.0 0.0 0.0 60220000.0 0.0 2.0 1000.0 0.0
6600.0 0.0 0.0 0.0 120440000.0 0.0 0.0 60220000.0 0.0 2.0 1000.0 0.0
6700.0 0.0 0.0 0.0 120440000.0 0.0 0.0 60220000.0 0.0 2.0 1000.0 0.0
6800.0 0.0 0.0 0.0 120440000.0 0.0 0.0 60220000.0 0.0 2.0 1000.0 0.0
6900.0 0.0 0.0 0.0 120440000.0 0.0 0.0 60220000.0 0.0 2.0 1000.0 0.0
7000.0 0.0 0.0 0.0 120440000.0 0.0 0.0 60220000.0 0.0 2.0 1000.0 0.0
7100.0 0.0 0.0 0.0 120440000.0 0.0 0.0 60220000.0 0.0 2.0 1000.0 0.0
7200.0 0.0 0.0 0.0 120440000.0 0.0 0.0 60220000.0 0.0 2.0 1000.0 0.0
7300.0 0.0 0.0 0.0 120440000.0 0.0 0.0 60220000.0 0.0 2.0 1000.0 0.0
7400.0 0.0 0.0 0.0 120440000.0 0.0 0.0 60220000.0 0.0 2.0 1000.0 0.0
7500.0 0.0 0.0 0.0 120440000.0 0.0 0.0 60220000.0 0.0 2.0 1000.0 0.0
7600.0 1.0 0.0 1.0 120435361.0 4573.0 0.0 60220000.0 10.0 2.0 1000.0 66.0
7700.0 0.0 1.0 3.0 120361210.0 60303.0 0.0 60220000.0 27.0 2.0 1000.0 18487.0
7800.0 0.0 1.0 3.0 120264738.0 111572.0 0.0 60220000.0 27.0 2.0 1000.0 63690.0
7900.0 0.0 1.0 3.0 120168034.0 153295.0 0.0 60220000.0 27.0 2.0 1000.0 118671.0
8000.0 0.0 1.0 3.0 120071394.0 189896.0 0.0 60220000.0 27.0 2.0 1000.0 178710.0
8100.0 0.0 1.0 3.0 119975144.0 222277.0 0.0 60220000.0 26.0 2.0 1000.0 242579.0
8200.0 0.0 1.0 3.0 119886700.0 244300.0 0.0 60220000.0 24.0 2.0 1000.0 309000.0
8300.0 0.0 1.0 3.0 119801513.0 262506.0 0.0 60220000.0 24.0 2.0 1000.0 375981.0
8400.0 0.0 1.0 3.0 119718376.0 276725.0 0.0 60220000.0 23.0 2.0 1000.0 444899.0
8500.0 0.0 1.0 3.0 119636284.0 289305.0 0.0 60220000.0 23.0 2.0 1000.0 514411.0
8600.0 0.0 1.0 2.0 119554321.0 324486.0 0.0 60220000.0 23.0 2.0 1000.0 561193.0
8700.0 0.0 1.0 2.0 119471816.0 358866.0 0.0 60220000.0 23.0 2.0 1000.0 609318.0
8800.0 0.0 1.0 2.0 119389834.0 391675.0 0.0 60220000.0 23.0 2.0 1000.0 658491.0
8900.0 0.0 1.0 2.0 119307264.0 424819.0 0.0 60220000.0 23.0 2.0 1000.0 707917.0
9000.0 0.0 1.0 2.0 119225376.0 456214.0 0.0 60220000.0 23.0 2.0 1000.0 758410.0
9100.0 0.0 1.0 2.0 119143894.0 487023.0 0.0 60220000.0 23.0 2.0 1000.0 809083.0
9200.0 0.0 1.0 2.0 119061996.0 517280.0 0.0 60220000.0 23.0 2.0 1000.0 860724.0
9300.0 0.0 1.0 2.0 118979257.0 548007.0 0.0 60220000.0 23.0 2.0 1000.0 912736.0
9400.0 0.0 1.0 2.0 118897586.0 577355.0 0.0 60220000.0 22.0 2.0 1000.0 965059.0
9500.0 0.0 2.0 2.0 118812769.0 609141.0 0.0 60220000.0 34.0 2.0 1000.0 1018090.0
9600.0 0.0 2.0 2.0 118692660.0 676139.0 0.0 60220000.0 33.0 2.0 1000.0 1071201.0
9700.0 0.0 2.0 2.0 118578314.0 737136.0 0.0 60220000.0 31.0 2.0 1000.0 1124550.0
9800.0 0.0 2.0 2.0 118467966.0 793566.0 0.0 60220000.0 31.0 2.0 1000.0 1178468.0
9900.0 0.0 2.0 2.0 118356730.0 850207.0 0.0 60220000.0 31.0 2.0 1000.0 1233063.0
10000.0 0.0 2.0 2.0 118246032.0 906491.0 0.0 60220000.0 31.0 2.0 1000.0 1287477.0
10100.0 0.0 2.0 2.0 118135191.0 962384.0 0.0 60220000.0 31.0 2.0 1000.0 1342425.0
10200.0 0.0 2.0 2.0 118024443.0 1017677.0 0.0 60220000.0 31.0 2.0 1000.0 1397880.0
10300.0 0.0 2.0 2.0 117915785.0 1070887.0 0.0 60220000.0 30.0 2.0 1000.0 1453328.0
10400.0 0.0 2.0 2.0 117812647.0 1118364.0 0.0 60220000.0 28.0 2.0 1000.0 1508989.0
10500.0 0.0 2.0 2.0 117712552.0 1162004.0 0.0 60220000.0 28.0 2.0 1000.0 1565444.0
10600.0 0.0 2.0 2.0 117613188.0 1205818.0 0.0 60220000.0 28.0 2.0 1000.0 1620994.0
10700.0 0.0 2.0 2.0 117513448.0 1249522.0 0.0 60220000.0 28.0 2.0 1000.0 1677030.0
10800.0 0.0 2.0 2.0 117414055.0 1292454.0 0.0 60220000.0 28.0 2.0 1000.0 1733491.0
10900.0 0.0 2.0 2.0 117316683.0 1333440.0 0.0 60220000.0 27.0 2.0 1000.0 1789877.0
11000.0 0.0 2.0 2.0 117224090.0 1369588.0 0.0 60220000.0 26.0 2.0 1000.0 1846322.0
11100.0 1.0 2.0 5.0 117105017.0 1393267.0 0.0 60220000.0 49.0 2.0 1000.0 1941716.0
11200.0 0.0 0.0 6.0 116918886.0 1412868.0 0.0 60220000.0 52.0 2.0 1000.0 2108246.0
11300.0 0.0 0.0 6.0 116738770.0 1422936.0 0.0 60220000.0 49.0 2.0 1000.0 2278294.0
11400.0 0.0 0.0 6.0 116564610.0 1427457.0 0.0 60220000.0 49.0 2.0 1000.0 2447933.0
11500.0 0.0 0.0 6.0 116390889.0 1430952.0 0.0 60220000.0 49.0 2.0 1000.0 2618159.0
11600.0 0.0 0.0 6.0 116216921.0 1435503.0 0.0 60220000.0 49.0 2.0 1000.0 2787576.0
11700.0 0.0 0.0 5.0 116043230.0 1458371.0 0.0 60220000.0 49.0 2.0 1000.0 2938399.0
11800.0 0.0 0.0 5.0 115869788.0 1489794.0 0.0 60220000.0 49.0 2.0 1000.0 3080418.0
11900.0 0.0 0.0 5.0 115697701.0 1520156.0 0.0 60220000.0 48.0 2.0 1000.0 3222143.0
12000.0 0.0 0.0 5.0 115527140.0 1549298.0 0.0 60220000.0 47.0 2.0 1000.0 3363562.0
12100.0 0.0 0.0 5.0 115359840.0 1574241.0 0.0 60220000.0 47.0 2.0 1000.0 3505919.0
12200.0 0.0 0.0 5.0 115193407.0 1598888.0 0.0 60220000.0 47.0 2.0 1000.0 3647705.0
12300.0 0.0 0.0 5.0 115026249.0 1622919.0 0.0 60220000.0 46.0 2.0 1000.0 3790832.0
12400.0 0.0 0.0 5.0 114862841.0 1643728.0 0.0 60220000.0 46.0 2.0 1000.0 3933431.0
12500.0 0.0 0.0 5.0 114701642.0 1662112.0 0.0 60220000.0 45.0 2.0 1000.0 4076246.0
12600.0 0.0 0.0 5.0 114541094.0 1679608.0 0.0 60220000.0 45.0 2.0 1000.0 4219298.0
12700.0 0.0 0.0 5.0 114381335.0 1696606.0 0.0 60220000.0 45.0 2.0 1000.0 4362059.0
12800.0 0.0 0.0 5.0 114221271.0 1713962.0 0.0 60220000.0 45.0 2.0 1000.0 4504767.0
12900.0 0.0 0.0 5.0 114061274.0 1731388.0 0.0 60220000.0 45.0 2.0 1000.0 4647338.0
13000.0 0.0 0.0 5.0 113904237.0 1744828.0 0.0 60220000.0 44.0 2.0 1000.0 4790935.0
13100.0 0.0 0.0 5.0 113747531.0 1758645.0 0.0 60220000.0 44.0 2.0 1000.0 4933824.0
13200.0 0.0 0.0 5.0 113591514.0 1771296.0 0.0 60220000.0 43.0 2.0 1000.0 5077190.0
13300.0 0.0 0.0 4.0 113440344.0 1779539.0 0.0 60220000.0 42.0 2.0 1000.0 5220117.0
13400.0 0.0 0.0 3.0 113290517.0 1839860.0 0.0 60220000.0 42.0 2.0 1000.0 5309623.0
13500.0 0.0 0.0 2.0 113142651.0 1911990.0 0.0 60220000.0 41.0 2.0 1000.0 5385359.0
13600.0 0.0 0.0 2.0 112997250.0 1999989.0 0.0 60220000.0 41.0 2.0 1000.0 5442761.0
13700.0 0.0 0.0 2.0 112851160.0 2088638.0 0.0 60220000.0 41.0 2.0 1000.0 5500202.0
13800.0 0.0 0.0 2.0 112705631.0 2176349.0 0.0 60220000.0 41.0 2.0 1000.0 5558020.0
13900.0 0.0 0.0 2.0 112560414.0 2263980.0 0.0 60220000.0 41.0 2.0 1000.0 5615606.0
14000.0 1.0 3.0 4.0 112388981.0 2345154.0 0.0 60220000.0 65.0 2.0 1000.0 5705865.0
14100.0 0.0 0.0 6.0 112104115.0 2475553.0 0.0 60220000.0 87.0 2.0 1000.0 5860332.0
14200.0 1.0 1.0 7.0 111789570.0 2613360.0 0.0 60220000.0 101.0 2.0 1000.0 6037070.0
14300.0 0.0 2.0 8.0 111403282.0 2773746.0 0.0 60220000.0 111.0 2.0 1000.0 6262972.0
14400.0 1.0 2.0 9.0 111012502.0 2930555.0 0.0 60220000.0 114.0 2.0 1000.0 6496943.0
14500.0 0.0 2.0 11.0 110569807.0 3066376.0 0.0 60220000.0 128.0 2.0 1000.0 6803817.0
14600.0 0.0 2.0 10.0 110119570.0 3199153.0 0.0 60220000.0 126.0 2.0 1000.0 7121277.0
14700.0 1.0 0.0 11.0 109674525.0 3351554.0 0.0 60220000.0 127.0 2.0 1000.0 7413921.0
14800.0 0.0 1.0 13.0 109190232.0 3472760.0 0.0 60220000.0 140.0 2.0 1000.0 7777008.0
14900.0 0.0 1.0 13.0 108694516.0 3588117.0 0.0 60220000.0 139.0 2.0 1000.0 8157367.0
15000.0 0.0 1.0 13.0 108204745.0 3696136.0 0.0 60220000.0 138.0 2.0 1000.0 8539119.0
15100.0 1.0 0.0 14.0 107716514.0 3801791.0 0.0 60220000.0 142.0 2.0 1000.0 8921695.0
15200.0 0.0 1.0 13.0 107216592.0 3894605.0 0.0 60220000.0 141.0 2.0 1000.0 9328803.0
15300.0 0.0 1.0 12.0 106721363.0 4036935.0 0.0 60220000.0 139.0 2.0 1000.0 9681702.0
15400.0 0.0 1.0 12.0 106231758.0 4173333.0 0.0 60220000.0 137.0 2.0 1000.0 10034909.0
15500.0 1.0 1.0 14.0 105743978.0 4294272.0 0.0 60220000.0 147.0 2.0 1000.0 10401750.0
15600.0 0.0 0.0 13.0 105205778.0 4402036.0 0.0 60220000.0 153.0 2.0 1000.0 10832186.0
15700.0 0.0 0.0 13.0 104673896.0 4551325.0 0.0 60220000.0 150.0 2.0 1000.0 11214779.0
15800.0 0.0 0.0 13.0 104148797.0 4693330.0 0.0 60220000.0 147.0 2.0 1000.0 11597873.0
15900.0 0.0 0.0 14.0 103594224.0 4871152.0 0.0 60220000.0 169.0 2.0 1000.0 11974624.0
16000.0 1.0 2.0 17.0 102968925.0 5055253.0 0.0 60220000.0 185.0 2.0 1000.0 12415822.0
16100.0 0.0 0.0 20.0 102268449.0 5202692.0 0.0 60220000.0 205.0 2.0 1000.0 12968859.0
16200.0 0.0 1.0 21.0 101540709.0 5313743.0 0.0 60220000.0 205.0 2.0 1000.0 13585548.0
16300.0 0.0 1.0 21.0 100825733.0 5408007.0 0.0 60220000.0 201.0 2.0 1000.0 14206260.0
16400.0 0.0 1.0 21.0 100119530.0 5491982.0 0.0 60220000.0 198.0 2.0 1000.0 14828488.0
16500.0 1.0 0.0 24.0 99396206.0 5569213.0 0.0 60220000.0 216.0 2.0 1000.0 15474581.0
16600.0 1.0 2.0 27.0 98576380.0 5623556.0 0.0 60220000.0 237.0 2.0 1000.0 16240064.0
16700.0 1.0 1.0 31.0 97680483.0 5655449.0 0.0 60220000.0 265.0 2.0 1000.0 17104068.0
16800.0 1.0 2.0 33.0 96685258.0 5706288.0 0.0 60220000.0 298.0 2.0 1000.0 18048454.0
16900.0 2.0 1.0 37.0 95591208.0 5784540.0 0.0 60220000.0 325.0 2.0 1000.0 19064252.0
17000.0 1.0 0.0 41.0 94377691.0 5853074.0 0.0 60220000.0 370.0 2.0 1000.0 20209235.0
17100.0 2.0 2.0 44.0 93025315.0 5986728.0 0.0 60220000.0 398.0 2.0 1000.0 21427957.0
17200.0 2.0 0.0 49.0 91529004.0 6099187.0 0.0 60220000.0 448.0 2.0 1000.0 22811809.0
17300.0 2.0 3.0 56.0 89863836.0 6213360.0 0.0 60220000.0 501.0 2.0 1000.0 24362804.0
17400.0 1.0 1.0 63.0 88016975.0 6263212.0 0.0 60220000.0 534.0 2.0 1000.0 26159813.0
17500.0 1.0 3.0 66.0 86078814.0 6287278.0 0.0 60220000.0 560.0 2.0 1000.0 28073908.0
17600.0 1.0 1.0 70.0 84052054.0 6297787.0 0.0 60220000.0 586.0 2.0 1000.0 30090159.0
17700.0 0.0 2.0 67.0 81990058.0 6328897.0 0.0 60220000.0 580.0 2.0 1000.0 32121045.0
17800.0 0.0 2.0 66.0 79968065.0 6375128.0 0.0 60220000.0 568.0 2.0 1000.0 34096807.0
17900.0 1.0 2.0 65.0 77985189.0 6425336.0 0.0 60220000.0 560.0 2.0 1000.0 36029475.0
18000.0 1.0 0.0 70.0 75969156.0 6436574.0 0.0 60220000.0 582.0 2.0 1000.0 38034270.0
18100.0 3.0 3.0 76.0 73832640.0 6394364.0 0.0 60220000.0 643.0 2.0 1000.0 40212996.0
18200.0 2.0 3.0 84.0 71479447.0 6372462.0 0.0 60220000.0 690.0 2.0 1000.0 42588091.0
18300.0 3.0 0.0 95.0 68950537.0 6260004.0 0.0 60220000.0 744.0 2.0 1000.0 45229459.0
18400.0 3.0 0.0 106.0 66193345.0 6026403.0 0.0 60220000.0 821.0 2.0 1000.0 48220252.0
18500.0 1.0 0.0 109.0 63242117.0 5783424.0 0.0 60220000.0 836.0 2.0 1000.0 51414459.0
18600.0 0.0 1.0 104.0 60314092.0 5544191.0 0.0 60220000.0 823.0 2.0 1000.0 54581717.0
18700.0 0.0 1.0 101.0 57433561.0 5402013.0 0.0 60220000.0 810.0 2.0 1000.0 57604426.0
18800.0 1.0 1.0 98.0 54605804.0 5287709.0 0.0 60220000.0 795.0 2.0 1000.0 60546487.0
18900.0 1.0 3.0 99.0 51790161.0 5171996.0 0.0 60220000.0 802.0 2.0 1000.0 63477843.0
19000.0 0.0 0.0 101.0 48921854.0 5079216.0 0.0 60220000.0 818.0 2.0 1000.0 66438930.0
19100.0 2.0 3.0 104.0 46054742.0 4939019.0 0.0 60220000.0 824.0 2.0 1000.0 69446239.0
19200.0 2.0 0.0 107.0 43094423.0 4799546.0 0.0 60220000.0 860.0 2.0 1000.0 72546031.0
19300.0 1.0 1.0 118.0 40001519.0 4585705.0 0.0 60220000.0 897.0 2.0 1000.0 75852776.0
19400.0 0.0 2.0 118.0 36848393.0 4249373.0 0.0 60220000.0 886.0 2.0 1000.0 79342234.0
19500.0 0.0 2.0 111.0 33746252.0 4027312.0 0.0 60220000.0 874.0 2.0 1000.0 82666436.0
19600.0 0.0 2.0 106.0 30697348.0 3837077.0 0.0 60220000.0 856.0 2.0 1000.0 85905575.0
19700.0 0.0 2.0 106.0 27713815.0 3709465.0 0.0 60220000.0 840.0 2.0 1000.0 89016720.0
19800.0 1.0 1.0 104.0 24783343.0 3578799.0 0.0 60220000.0 832.0 2.0 1000.0 92077858.0
19900.0 1.0 0.0 108.0 21815522.0 3459526.0 0.0 60220000.0 857.0 2.0 1000.0 95164952.0
