time rna_M monomer_betaGal protein_betaGal Lactose_external Lactose_internal Glucose_external Glucose_internal protein_Lactose_Permease dna_Lac_Operon Biomass Lactose_consumed
0.0 0.0 0.0 0.0 120440000.0 0.0 60220000.0 0.0 0.0 2.0 1000.0 0.0
100.0 0.0 0.0 0.0 120440000.0 0.0 30122204.0 30097796.0 0.0 2.0 1000.0 0.0
200.0 0.0 0.0 0.0 120440000.0 0.0 81553.0 60138447.0 0.0 2.0 1000.0 0.0
300.0 0.0 0.0 0.0 120440000.0 0.0 0.0 60220000.0 0.0 2.0 1000.0 0.0
400.0 0.0 0.0 0.0 120440000.0 0.0 0.0 60220000.0 0.0 2.0 1000.0 0.0
500.0 0.0 0.0 0.0 120440000.0 0.0 0.0 60220000.0 0.0 2.0 1000.0 0.0
600.0 0.0 0.0 0.0 120440000.0 0.0 0.0 60220000.0 0.0 2.0 1000.0 0.0
700.0 0.0 0.0 0.0 120440000.0 0.0 0.0 60220000.0 0.0 2.0 1000.0 0.0
800.0 0.0 0.0 0.0 120440000.0 0.0 0.0 60220000.0 0.0 2.0 1000.0 0.0
900.0 0.0 0.0 0.0 120440000.0 0.0 0.0 60220000.0 0.0 2.0 1000.0 0.0
1000.0 0.0 0.0 0.0 120440000.0 0.0 0.0 60220000.0 0.0 2.0 1000.0 0.0
1100.0 0.0 0.0 0.0 120440000.0 0.0 0.0 60220000.0 0.0 2.0 1000.0 0.0
1200.0 0.0 0.0 0.0 120440000.0 0.0 0.0 60220000.0 0.0 2.0 1000.0 0.0
1300.0 0.0 0.0 0.0 120440000.0 0.0 0.0 60220000.0 0.0 2.0 1000.0 0.0
1400.0 0.0 0.0 0.0 120440000.0 0.0 0.0 60220000.0 0.0 2.0 1000.0 0.0
1500.0 0.0 0.0 0.0 120440000.0 0.0 0.0 60220000.0 0.0 2.0 1000.0 0.0
1600.0 0.0 0.0 1.0 120412604.0 22932.0 0.0 60220000.0 10.0 2.0 1000.0 4464.0
1700.0 0.0 0.0 1.0 120376857.0 49787.0 0.0 60220000.0 10.0 2.0 1000.0 13356.0
1800.0 0.0 0.0 1.0 120341062.0 73099.0 0.0 60220000.0 10.0 2.0 1000.0 25839.0
1900.0 0.0 0.0 1.0 120305342.0 93934.0 0.0 60220000.0 10.0 2.0 1000.0 40724.0
2000.0 0.0 0.0 1.0 120269356.0 113220.0 0.0 60220000.0 10.0 2.0 1000.0 57424.0
2100.0 0.0 0.0 1.0 120233626.0 131320.0 0.0 60220000.0 10.0 2.0 1000.0 75054.0
2200.0 0.0 0.0 1.0 120197771.0 148612.0 0.0 60220000.0 10.0 2.0 1000.0 93617.0
2300.0 0.0 0.0 1.0 120162072.0 164708.0 0.0 60220000.0 10.0 2.0 1000.0 113220.0
2400.0 0.0 0.0 1.0 120126992.0 179662.0 0.0 60220000.0 9.0 2.0 1000.0 133346.0
2500.0 0.0 0.0 1.0 120095001.0 191060.0 0.0 60220000.0 9.0 2.0 1000.0 153939.0
2600.0 0.0 0.0 1.0 120065433.0 199963.0 0.0 60220000.0 8.0 2.0 1000.0 174604.0
2700.0 0.0 0.0 1.0 120036915.0 207409.0 0.0 60220000.0 8.0 2.0 1000.0 195676.0
2800.0 0.0 0.0 1.0 120008182.0 214926.0 0.0 60220000.0 8.0 2.0 1000.0 216892.0
2900.0 0.0 0.0 1.0 119979572.0 221890.0 0.0 60220000.0 8.0 2.0 1000.0 238538.0
3000.0 0.0 0.0 1.0 119951119.0 228619.0 0.0 60220000.0 8.0 2.0 1000.0 260262.0
3100.0 0.0 0.0 1.0 119922308.0 235273.0 0.0 60220000.0 8.0 2.0 1000.0 282419.0
3200.0 0.0 0.0 1.0 119893896.0 241195.0 0.0 60220000.0 8.0 2.0 1000.0 304909.0
3300.0 0.0 0.0 1.0 119865135.0 247751.0 0.0 60220000.0 8.0 2.0 1000.0 327114.0
3400.0 0.0 0.0 1.0 119836601.0 254074.0 0.0 60220000.0 8.0 2.0 1000.0 349325.0
3500.0 0.0 0.0 1.0 119808360.0 259850.0 0.0 60220000.0 7.0 2.0 1000.0 371790.0
3600.0 0.0 0.0 1.0 119783362.0 262074.0 0.0 60220000.0 7.0 2.0 1000.0 394564.0
3700.0 0.0 0.0 1.0 119758348.0 264302.0 0.0 60220000.0 7.0 2.0 1000.0 417350.0
3800.0 0.0 0.0 1.0 119733335.0 266638.0 0.0 60220000.0 7.0 2.0 1000.0 440027.0
3900.0 0.0 0.0 1.0 119708424.0 268897.0 0.0 60220000.0 7.0 2.0 1000.0 462679.0
4000.0 0.0 0.0 1.0 119683566.0 270810.0 0.0 60220000.0 7.0 2.0 1000.0 485624.0
4100.0 0.0 0.0 1.0 119658575.0 273008.0 0.0 60220000.0 7.0 2.0 1000.0 508417.0
4200.0 0.0 0.0 1.0 119634159.0 274544.0 0.0 60220000.0 6.0 2.0 1000.0 531297.0
4300.0 0.0 0.0 1.0 119612676.0 273029.0 0.0 60220000.0 6.0 2.0 1000.0 554295.0
4400.0 0.0 0.0 0.0 119591349.0 289701.0 0.0 60220000.0 6.0 2.0 1000.0 558950.0
4500.0 0.0 0.0 0.0 119570101.0 310949.0 0.0 60220000.0 6.0 2.0 1000.0 558950.0
4600.0 0.0 0.0 0.0 119548898.0 332152.0 0.0 60220000.0 6.0 2.0 1000.0 558950.0
4700.0 0.0 0.0 0.0 119527434.0 353616.0 0.0 60220000.0 6.0 2.0 1000.0 558950.0
4800.0 0.0 0.0 0.0 119506142.0 374908.0 0.0 60220000.0 6.0 2.0 1000.0 558950.0
4900.0 1.0 2.0 2.0 119464964.0 405966.0 0.0 60220000.0 26.0 2.0 1000.0 569070.0
5000.0 1.0 0.0 7.0 119297880.0 456949.0 0.0 60220000.0 68.0 2.0 1000.0 685171.0
5100.0 1.0 0.0 10.0 119002394.0 541862.0 0.0 60220000.0 96.0 2.0 1000.0 895744.0
5200.0 0.0 2.0 11.0 118617187.0 647861.0 0.0 60220000.0 112.0 2.0 1000.0 1174952.0
5300.0 0.0 2.0 9.0 118224729.0 774740.0 0.0 60220000.0 109.0 2.0 1000.0 1440531.0
5400.0 0.0 2.0 9.0 117838703.0 914477.0 0.0 60220000.0 108.0 2.0 1000.0 1686820.0
5500.0 0.0 2.0 9.0 117457919.0 1045962.0 0.0 60220000.0 107.0 2.0 1000.0 1936119.0
5600.0 0.0 2.0 9.0 117078406.0 1173845.0 0.0 60220000.0 106.0 2.0 1000.0 2187749.0
5700.0 0.0 2.0 9.0 116703676.0 1296571.0 0.0 60220000.0 105.0 2.0 1000.0 2439753.0
5800.0 0.0 2.0 9.0 116336359.0 1409427.0 0.0 60220000.0 102.0 2.0 1000.0 2694214.0
5900.0 0.0 2.0 9.0 115976858.0 1513392.0 0.0 60220000.0 100.0 2.0 1000.0 2949750.0
6000.0 0.0 2.0 8.0 115624767.0 1629706.0 0.0 60220000.0 98.0 2.0 1000.0 3185527.0
6100.0 1.0 0.0 9.0 115276388.0 1748452.0 0.0 60220000.0 102.0 2.0 1000.0 3415160.0
6200.0 1.0 1.0 13.0 114841596.0 1871394.0 0.0 60220000.0 142.0 2.0 1000.0 3727010.0
6300.0 1.0 3.0 16.0 114274178.0 2007648.0 0.0 60220000.0 174.0 2.0 1000.0 4158174.0
6400.0 1.0 2.0 19.0 113591871.0 2174244.0 0.0 60220000.0 210.0 2.0 1000.0 4673885.0
6500.0 1.0 0.0 24.0 112804637.0 2325429.0 0.0 60220000.0 232.0 2.0 1000.0 5309934.0
6600.0 0.0 1.0 22.0 111976835.0 2490339.0 0.0 60220000.0 233.0 2.0 1000.0 5972826.0
6700.0 0.0 1.0 22.0 111154931.0 2674253.0 0.0 60220000.0 231.0 2.0 1000.0 6610816.0
6800.0 0.0 1.0 22.0 110346615.0 2843491.0 0.0 60220000.0 226.0 2.0 1000.0 7249894.0
6900.0 0.0 1.0 22.0 109551509.0 2999017.0 0.0 60220000.0 223.0 2.0 1000.0 7889474.0
7000.0 0.0 1.0 22.0 108768650.0 3139931.0 0.0 60220000.0 219.0 2.0 1000.0 8531419.0
7100.0 1.0 0.0 23.0 107993355.0 3270751.0 0.0 60220000.0 222.0 2.0 1000.0 9175894.0
7200.0 0.0 2.0 24.0 107167228.0 3405224.0 0.0 60220000.0 243.0 2.0 1000.0 9867548.0
7300.0 0.0 2.0 26.0 106261933.0 3565059.0 0.0 60220000.0 258.0 2.0 1000.0 10613008.0
7400.0 0.0 2.0 25.0 105358386.0 3730102.0 0.0 60220000.0 251.0 2.0 1000.0 11351512.0
7500.0 0.0 2.0 25.0 104474946.0 3880038.0 0.0 60220000.0 246.0 2.0 1000.0 12085016.0
7600.0 0.0 2.0 25.0 103608342.0 4012922.0 0.0 60220000.0 243.0 2.0 1000.0 12818736.0
7700.0 0.0 2.0 29.0 102720176.0 4112499.0 0.0 60220000.0 263.0 2.0 1000.0 13607325.0
7800.0 1.0 2.0 30.0 101762614.0 4228379.0 0.0 60220000.0 281.0 2.0 1000.0 14449007.0
7900.0 1.0 3.0 32.0 100713195.0 4365198.0 0.0 60220000.0 310.0 2.0 1000.0 15361607.0
8000.0 1.0 0.0 37.0 99577829.0 4488824.0 0.0 60220000.0 328.0 2.0 1000.0 16373347.0
8100.0 1.0 3.0 38.0 98407230.0 4547113.0 0.0 60220000.0 328.0 2.0 1000.0 17485657.0
8200.0 1.0 1.0 40.0 97216388.0 4576993.0 0.0 60220000.0 350.0 2.0 1000.0 18646619.0
8300.0 0.0 2.0 44.0 95933994.0 4605550.0 0.0 60220000.0 374.0 2.0 1000.0 19900456.0
8400.0 1.0 1.0 45.0 94625479.0 4630137.0 0.0 60220000.0 374.0 2.0 1000.0 21184384.0
8500.0 1.0 2.0 47.0 93237898.0 4682460.0 0.0 60220000.0 411.0 2.0 1000.0 22519642.0
8600.0 0.0 1.0 48.0 91760909.0 4750824.0 0.0 60220000.0 417.0 2.0 1000.0 23928267.0
8700.0 0.0 1.0 48.0 90297365.0 4799269.0 0.0 60220000.0 411.0 2.0 1000.0 25343366.0
8800.0 1.0 0.0 48.0 88851323.0 4841205.0 0.0 60220000.0 417.0 2.0 1000.0 26747472.0
8900.0 0.0 2.0 48.0 87358510.0 4924603.0 0.0 60220000.0 420.0 2.0 1000.0 28156887.0
9000.0 0.0 2.0 47.0 85888835.0 4986304.0 0.0 60220000.0 413.0 2.0 1000.0 29564861.0
9100.0 1.0 0.0 49.0 84430070.0 5042495.0 0.0 60220000.0 417.0 2.0 1000.0 30967435.0
9200.0 0.0 0.0 52.0 82918646.0 5067652.0 0.0 60220000.0 440.0 2.0 1000.0 32453702.0
9300.0 0.0 0.0 51.0 81377384.0 5096479.0 0.0 60220000.0 433.0 2.0 1000.0 33966137.0
9400.0 0.0 0.0 54.0 79814091.0 5134408.0 0.0 60220000.0 458.0 2.0 1000.0 35491501.0
9500.0 1.0 0.0 53.0 78210248.0 5165034.0 0.0 60220000.0 451.0 2.0 1000.0 37064718.0
9600.0 1.0 1.0 55.0 76567059.0 5218470.0 0.0 60220000.0 479.0 2.0 1000.0 38654471.0
9700.0 2.0 0.0 63.0 74809161.0 5246356.0 0.0 60220000.0 529.0 2.0 1000.0 40384483.0
9800.0 2.0 0.0 69.0 72867179.0 5235476.0 0.0 60220000.0 563.0 2.0 1000.0 42337345.0
9900.0 1.0 0.0 81.0 70713881.0 5173527.0 0.0 60220000.0 640.0 2.0 1000.0 44552592.0
10000.0 1.0 0.0 84.0 68435599.0 5025294.0 0.0 60220000.0 652.0 2.0 1000.0 46979107.0
10100.0 0.0 0.0 85.0 66115633.0 4846131.0 0.0 60220000.0 656.0 2.0 1000.0 49478236.0
10200.0 0.0 0.0 83.0 63817005.0 4662014.0 0.0 60220000.0 646.0 2.0 1000.0 51960981.0
10300.0 2.0 1.0 83.0 61546624.0 4493045.0 0.0 60220000.0 647.0 2.0 1000.0 54400331.0
10400.0 1.0 3.0 89.0 59178538.0 4321301.0 0.0 60220000.0 699.0 2.0 1000.0 56940161.0
10500.0 2.0 0.0 97.0 56629873.0 4141824.0 0.0 60220000.0 749.0 2.0 1000.0 59668303.0
10600.0 1.0 3.0 99.0 53875419.0 3994166.0 0.0 60220000.0 791.0 2.0 1000.0 62570415.0
10700.0 0.0 3.0 98.0 51051948.0 3893200.0 0.0 60220000.0 801.0 2.0 1000.0 65494852.0
10800.0 0.0 3.0 96.0 48245882.0 3868137.0 0.0 60220000.0 789.0 2.0 1000.0 68325981.0
10900.0 0.0 3.0 95.0 45474729.0 3830737.0 0.0 60220000.0 780.0 2.0 1000.0 71134534.0
11000.0 0.0 3.0 94.0 42741322.0 3790641.0 0.0 60220000.0 764.0 2.0 1000.0 73908037.0
11100.0 0.0 3.0 94.0 40072440.0 3701900.0 0.0 60220000.0 746.0 2.0 1000.0 76665660.0
11200.0 0.0 3.0 92.0 37455351.0 3589824.0 0.0 60220000.0 738.0 2.0 1000.0 79394825.0
11300.0 0.0 3.0 91.0 34867666.0 3502371.0 0.0 60220000.0 728.0 2.0 1000.0 82069963.0
11400.0 0.0 3.0 90.0 32327802.0 3385182.0 0.0 60220000.0 715.0 2.0 1000.0 84727016.0
11500.0 0.0 3.0 90.0 29839356.0 3240650.0 0.0 60220000.0 699.0 2.0 1000.0 87359994.0
11600.0 0.0 3.0 89.0 27402700.0 3064495.0 0.0 60220000.0 687.0 2.0 1000.0 89972805.0
11700.0 1.0 3.0 92.0 24942022.0 2871430.0 0.0 60220000.0 710.0 2.0 1000.0 92626548.0
11800.0 2.0 0.0 98.0 22385122.0 2675739.0 0.0 60220000.0 741.0 2.0 1000.0 95379139.0
11900.0 2.0 3.0 104.0 19680402.0 2464691.0 0.0 60220000.0 794.0 2.0 1000.0 98294907.0
12000.0 2.0 3.0 109.0 16791271.0 2271249.0 0.0 60220000.0 846.0 2.0 1000.0 101377480.0
12100.0 0.0 1.0 116.0 13753992.0 2043387.0 0.0 60220000.0 869.0 2.0 1000.0 104642621.0
12200.0 0.0 1.0 114.0 10738431.0 1773428.0 0.0 60220000.0 847.0 2.0 1000.0 107928141.0
12300.0 0.0 1.0 113.0 7817108.0 1452165.0 0.0 60220000.0 820.0 2.0 1000.0 111170727.0
12400.0 0.0 1.0 112.0 5001785.0 1106861.0 0.0 60220000.0 799.0 2.0 1000.0 114331354.0
12500.0 0.0 1.0 111.0 2298515.0 756049.0 0.0 60220000.0 785.0 2.0 1000.0 117385436.0
12600.0 0.0 1.0 109.0 71645.0 164098.0 0.0 60220000.0 765.0 2.0 1000.0 120204257.0
12700.0 0.0 1.0 109.0 0.0 0.0 0.0 60220000.0 751.0 2.0 1000.0 120440000.0
12800.0 0.0 1.0 108.0 0.0 0.0 0.0 60220000.0 738.0 2.0 1000.0 120440000.0
12900.0 0.0 1.0 108.0 0.0 0.0 0.0 60220000.0 729.0 2.0 1000.0 120440000.0
13000.0 0.0 1.0 107.0 0.0 0.0 0.0 60220000.0 719.0 2.0 1000.0 120440000.0
13100.0 0.0 1.0 105.0 0.0 0.0 0.0 60220000.0 709.0 2.0 1000.0 120440000.0
13200.0 0.0 1.0 103.0 0.0 0.0 0.0 60220000.0 694.0 2.0 1000.0 120440000.0
13300.0 0.0 1.0 101.0 0.0 0.0 0.0 60220000.0 682.0 2.0 1000.0 120440000.0
13400.0 0.0 1.0 100.0 0.0 0.0 0.0 60220000.0 673.0 2.0 1000.0 120440000.0
13500.0 0.0 1.0 98.0 0.0 0.0 0.0 60220000.0 659.0 2.0 1000.0 120440000.0
13600.0 0.0 1.0 98.0 0.0 0.0 0.0 60220000.0 646.0 2.0 1000.0 120440000.0
13700.0 0.0 1.0 95.0 0.0 0.0 0.0 60220000.0 636.0 2.0 1000.0 120440000.0
13800.0 0.0 1.0 92.0 0.0 0.0 0.0 60220000.0 624.0 2.0 1000.0 120440000.0
13900.0 0.0 1.0 91.0 0.0 0.0 0.0 60220000.0 615.0 2.0 1000.0 120440000.0
14000.0 0.0 1.0 89.0 0.0 0.0 0.0 60220000.0 605.0 2.0 1000.0 120440000.0
14100.0 0.0 1.0 88.0 0.0 0.0 0.0 60220000.0 592.0 2.0 1000.0 120440000.0
14200.0 0.0 1.0 85.0 0.0 0.0 0.0 60220000.0 583.0 2.0 1000.0 120440000.0
14300.0 0.0 1.0 81.0 0.0 0.0 0.0 60220000.0 581.0 2.0 1000.0 120440000.0
14400.0 0.0 1.0 80.0 0.0 0.0 0.0 60220000.0 572.0 2.0 1000.0 120440000.0
14500.0 0.0 1.0 79.0 0.0 0.0 0.0 60220000.0 565.0 2.0 1000.0 120440000.0
14600.0 0.0 1.0 78.0 0.0 0.0 0.0 60220000.0 554.0 2.0 1000.0 120440000.0
14700.0 0.0 1.0 77.0 0.0 0.0 0.0 60220000.0 544.0 2.0 1000.0 120440000.0
14800.0 0.0 1.0 75.0 0.0 0.0 0.0 60220000.0 530.0 2.0 1000.0 120440000.0
14900.0 0.0 1.0 73.0 0.0 0.0 0.0 60220000.0 522.0 2.0 1000.0 120440000.0
15000.0 0.0 1.0 73.0 0.0 0.0 0.0 60220000.0 509.0 2.0 1000.0 120440000.0
15100.0 0.0 1.0 69.0 0.0 0.0 0.0 60220000.0 500.0 2.0 1000.0 120440000.0
15200.0 0.0 1.0 66.0 0.0 0.0 0.0 60220000.0 488.0 2.0 1000.0 120440000.0
15300.0 0.0 1.0 65.0 0.0 0.0 0.0 60220000.0 482.0 2.0 1000.0 120440000.0
15400.0 0.0 1.0 64.0 0.0 0.0 0.0 60220000.0 467.0 2.0 1000.0 120440000.0
15500.0 0.0 1.0 63.0 0.0 0.0 0.0 60220000.0 464.0 2.0 1000.0 120440000.0
15600.0 0.0 1.0 62.0 0.0 0.0 0.0 60220000.0 457.0 2.0 1000.0 120440000.0
15700.0 0.0 1.0 61.0 0.0 0.0 0.0 60220000.0 449.0 2.0 1000.0 120440000.0
15800.0 0.0 1.0 60.0 0.0 0.0 0.0 60220000.0 443.0 2.0 1000.0 120440000.0
15900.0 0.0 1.0 60.0 0.0 0.0 0.0 60220000.0 432.0 2.0 1000.0 120440000.0
16000.0 0.0 1.0 58.0 0.0 0.0 0.0 60220000.0 429.0 2.0 1000.0 120440000.0
16100.0 0.0 1.0 57.0 0.0 0.0 0.0 60220000.0 422.0 2.0 1000.0 120440000.0
16200.0 0.0 1.0 57.0 0.0 0.0 0.0 60220000.0 416.0 2.0 1000.0 120440000.0
16300.0 0.0 1.0 57.0 0.0 0.0 0.0 60220000.0 404.0 2.0 1000.0 120440000.0
16400.0 0.0 1.0 56.0 0.0 0.0 0.0 60220000.0 396.0 2.0 1000.0 120440000.0
16500.0 0.0 1.0 56.0 0.0 0.0 0.0 60220000.0 390.0 2.0 1000.0 120440000.0
16600.0 0.0 1.0 55.0 0.0 0.0 0.0 60220000.0 383.0 2.0 1000.0 120440000.0
16700.0 0.0 1.0 55.0 0.0 0.0 0.0 60220000.0 374.0 2.0 1000.0 120440000.0
16800.0 0.0 1.0 53.0 0.0 0.0 0.0 60220000.0 370.0 2.0 1000.0 120440000.0
16900.0 0.0 1.0 53.0 0.0 0.0 0.0 60220000.0 367.0 2.0 1000.0 120440000.0
17000.0 0.0 1.0 53.0 0.0 0.0 0.0 60220000.0 364.0 2.0 1000.0 120440000.0
17100.0 0.0 1.0 51.0 0.0 0.0 0.0 60220000.0 358.0 2.0 1000.0 120440000.0
17200.0 0.0 1.0 51.0 0.0 0.0 0.0 60220000.0 356.0 2.0 1000.0 120440000.0
17300.0 0.0 1.0 51.0 0.0 0.0 0.0 60220000.0 349.0 2.0 1000.0 120440000.0
17400.0 0.0 1.0 50.0 0.0 0.0 0.0 60220000.0 344.0 2.0 1000.0 120440000.0
17500.0 0.0 1.0 47.0 0.0 0.0 0.0 60220000.0 337.0 2.0 1000.0 120440000.0
17600.0 0.0 1.0 47.0 0.0 0.0 0.0 60220000.0 332.0 2.0 1000.0 120440000.0
17700.0 0.0 1.0 45.0 0.0 0.0 0.0 60220000.0 329.0 2.0 1000.0 120440000.0
17800.0 0.0 1.0 45.0 0.0 0.0 0.0 60220000.0 324.0 2.0 1000.0 120440000.0
17900.0 0.0 1.0 42.0 0.0 0.0 0.0 60220000.0 319.0 2.0 1000.0 120440000.0
18000.0 0.0 1.0 42.0 0.0 0.0 0.0 60220000.0 312.0 2.0 1000.0 120440000.0
18100.0 0.0 1.0 42.0 0.0 0.0 0.0 60220000.0 309.0 2.0 1000.0 120440000.0
18200.0 0.0 1.0 42.0 0.0 0.0 0.0 60220000.0 302.0 2.0 1000.0 120440000.0
18300.0 0.0 1.0 41.0 0.0 0.0 0.0 60220000.0 298.0 2.0 1000.0 120440000.0
18400.0 0.0 1.0 41.0 0.0 0.0 0.0 60220000.0 292.0 2.0 1000.0 120440000.0
18500.0 0.0 1.0 39.0 0.0 0.0 0.0 60220000.0 287.0 2.0 1000.0 120440000.0
18600.0 0.0 1.0 39.0 0.0 0.0 0.0 60220000.0 283.0 2.0 1000.0 120440000.0
18700.0 0.0 1.0 39.0 0.0 0.0 0.0 60220000.0 279.0 2.0 1000.0 120440000.0
18800.0 0.0 1.0 39.0 0.0 0.0 0.0 60220000.0 271.0 2.0 1000.0 120440000.0
18900.0 0.0 1.0 39.0 0.0 0.0 0.0 60220000.0 265.0 2.0 1000.0 120440000.0
19000.0 0.0 1.0 39.0 0.0 0.0 0.0 60220000.0 259.0 2.0 1000.0 120440000.0
19100.0 0.0 1.0 39.0 0.0 0.0 0.0 60220000.0 253.0 2.0 1000.0 120440000.0
19200.0 0.0 1.0 39.0 0.0 0.0 0.0 60220000.0 245.0 2.0 1000.0 120440000.0
19300.0 0.0 1.0 38.0 0.0 0.0 0.0 60220000.0 241.0 2.0 1000.0 120440000.0
19400.0 0.0 1.0 38.0 0.0 0.0 0.0 60220000.0 235.0 2.0 1000.0 120440000.0
19500.0 0.0 1.0 38.0 0.0 0.0 0.0 60220000.0 231.0 2.0 1000.0 120440000.0
19600.0 0.0 1.0 36.0 0.0 0.0 0.0 60220000.0 227.0 2.0 1000.0 120440000.0
19700.0 0.0 1.0 34.0 0.0 0.0 0.0 60220000.0 227.0 2.0 1000.0 120440000.0
19800.0 0.0 1.0 34.0 0.0 0.0 0.0 60220000.0 223.0 2.0 1000.0 120440000.0
19900.0 0.0 1.0 33.0 0.0 0.0 0.0 60220000.0 221.0 2.0 1000.0 120440000.0
