time rna_M monomer_betaGal protein_betaGal Lactose_external Lactose_internal Glucose_external Glucose_internal protein_Lactose_Permease dna_Lac_Operon Biomass Lactose_consumed
0.0 0.0 0.0 0.0 120440000.0 0.0 60220000.0 0.0 0.0 2.0 1000.0 0.0
100.0 0.0 0.0 0.0 120440000.0 0.0 30134541.0 30085459.0 0.0 2.0 1000.0 0.0
200.0 0.0 0.0 0.0 120440000.0 0.0 92898.0 60127102.0 0.0 2.0 1000.0 0.0
300.0 0.0 0.0 0.0 120440000.0 0.0 0.0 60220000.0 0.0 2.0 1000.0 0.0
400.0 0.0 0.0 0.0 120440000.0 0.0 0.0 60220000.0 0.0 2.0 1000.0 0.0
500.0 0.0 0.0 0.0 120440000.0 0.0 0.0 60220000.0 0.0 2.0 1000.0 0.0
600.0 0.0 0.0 0.0 120440000.0 0.0 0.0 60220000.0 0.0 2.0 1000.0 0.0
700.0 0.0 0.0 0.0 120440000.0 0.0 0.0 60220000.0 0.0 2.0 1000.0 0.0
800.0 0.0 0.0 0.0 120440000.0 0.0 0.0 60220000.0 0.0 2.0 1000.0 0.0
900.0 0.0 0.0 0.0 120440000.0 0.0 0.0 60220000.0 0.0 2.0 1000.0 0.0
1000.0 0.0 0.0 0.0 120440000.0 0.0 0.0 60220000.0 0.0 2.0 1000.0 0.0
1100.0 0.0 0.0 0.0 120440000.0 0.0 0.0 60220000.0 0.0 2.0 1000.0 0.0
1200.0 0.0 0.0 0.0 120440000.0 0.0 0.0 60220000.0 0.0 2.0 1000.0 0.0
1300.0 0.0 0.0 0.0 120440000.0 0.0 0.0 60220000.0 0.0 2.0 1000.0 0.0
1400.0 0.0 0.0 0.0 120440000.0 0.0 0.0 60220000.0 0.0 2.0 1000.0 0.0
1500.0 0.0 0.0 0.0 120440000.0 0.0 0.0 60220000.0 0.0 2.0 1000.0 0.0
1600.0 0.0 0.0 0.0 120440000.0 0.0 0.0 60220000.0 0.0 2.0 1000.0 0.0
1700.0 0.0 0.0 0.0 120440000.0 0.0 0.0 60220000.0 0.0 2.0 1000.0 0.0
1800.0 0.0 0.0 0.0 120440000.0 0.0 0.0 60220000.0 0.0 2.0 1000.0 0.0
1900.0 0.0 0.0 0.0 120440000.0 0.0 0.0 60220000.0 0.0 2.0 1000.0 0.0
2000.0 0.0 0.0 0.0 120440000.0 0.0 0.0 60220000.0 0.0 2.0 1000.0 0.0
2100.0 0.0 0.0 0.0 120440000.0 0.0 0.0 60220000.0 0.0 2.0 1000.0 0.0
2200.0 0.0 0.0 0.0 120440000.0 0.0 0.0 60220000.0 0.0 2.0 1000.0 0.0
2300.0 0.0 0.0 0.0 120440000.0 0.0 0.0 60220000.0 0.0 2.0 1000.0 0.0
2400.0 0.0 0.0 0.0 120440000.0 0.0 0.0 60220000.0 0.0 2.0 1000.0 0.0
2500.0 1.0 2.0 0.0 120433774.0 6226.0 0.0 60220000.0 13.0 2.0 1000.0 0.0
2600.0 1.0 2.0 4.0 120335635.0 83149.0 0.0 60220000.0 43.0 2.0 1000.0 21216.0
2700.0 0.0 2.0 4.0 120170988.0 175570.0 0.0 60220000.0 46.0 2.0 1000.0 93442.0
2800.0 0.0 2.0 4.0 120006748.0 254023.0 0.0 60220000.0 46.0 2.0 1000.0 179229.0
2900.0 0.0 2.0 4.0 119842648.0 325127.0 0.0 60220000.0 45.0 2.0 1000.0 272225.0
3000.0 0.0 2.0 4.0 119682411.0 388012.0 0.0 60220000.0 44.0 2.0 1000.0 369577.0
3100.0 0.0 2.0 3.0 119530689.0 439979.0 0.0 60220000.0 42.0 2.0 1000.0 469332.0
3200.0 0.0 2.0 3.0 119384209.0 509761.0 0.0 60220000.0 40.0 2.0 1000.0 546030.0
3300.0 0.0 2.0 3.0 119241929.0 574573.0 0.0 60220000.0 40.0 2.0 1000.0 623498.0
3400.0 0.0 2.0 2.0 119098533.0 654013.0 0.0 60220000.0 40.0 2.0 1000.0 687454.0
3500.0 0.0 2.0 2.0 118956081.0 742525.0 0.0 60220000.0 40.0 2.0 1000.0 741394.0
3600.0 0.0 0.0 3.0 118810104.0 809423.0 0.0 60220000.0 41.0 2.0 1000.0 820473.0
3700.0 0.0 0.0 3.0 118663721.0 874382.0 0.0 60220000.0 41.0 2.0 1000.0 901897.0
3800.0 0.0 0.0 3.0 118519369.0 936152.0 0.0 60220000.0 40.0 2.0 1000.0 984479.0
3900.0 0.0 0.0 3.0 118377141.0 996007.0 0.0 60220000.0 40.0 2.0 1000.0 1066852.0
4000.0 0.0 0.0 3.0 118235274.0 1054541.0 0.0 60220000.0 40.0 2.0 1000.0 1150185.0
4100.0 0.0 0.0 3.0 118092521.0 1114105.0 0.0 60220000.0 40.0 2.0 1000.0 1233374.0
4200.0 0.0 0.0 3.0 117950497.0 1172348.0 0.0 60220000.0 40.0 2.0 1000.0 1317155.0
4300.0 0.0 0.0 3.0 117809572.0 1228806.0 0.0 60220000.0 39.0 2.0 1000.0 1401622.0
4400.0 0.0 0.0 3.0 117673496.0 1280013.0 0.0 60220000.0 37.0 2.0 1000.0 1486491.0
4500.0 0.0 0.0 3.0 117541490.0 1327468.0 0.0 60220000.0 37.0 2.0 1000.0 1571042.0
4600.0 0.0 0.0 3.0 117412677.0 1371715.0 0.0 60220000.0 36.0 2.0 1000.0 1655608.0
4700.0 0.0 0.0 3.0 117284040.0 1415471.0 0.0 60220000.0 36.0 2.0 1000.0 1740489.0
4800.0 0.0 0.0 3.0 117156216.0 1458086.0 0.0 60220000.0 36.0 2.0 1000.0 1825698.0
4900.0 0.0 0.0 3.0 117029819.0 1499307.0 0.0 60220000.0 35.0 2.0 1000.0 1910874.0
5000.0 1.0 0.0 6.0 116886805.0 1543302.0 0.0 60220000.0 53.0 2.0 1000.0 2009893.0
5100.0 1.0 1.0 10.0 116634069.0 1596119.0 0.0 60220000.0 86.0 2.0 1000.0 2209812.0
5200.0 0.0 2.0 12.0 116298708.0 1608720.0 0.0 60220000.0 96.0 2.0 1000.0 2532572.0
5300.0 0.0 2.0 12.0 115961353.0 1604166.0 0.0 60220000.0 93.0 2.0 1000.0 2874481.0
5400.0 0.0 2.0 12.0 115630162.0 1593380.0 0.0 60220000.0 93.0 2.0 1000.0 3216458.0
5500.0 0.0 2.0 12.0 115304010.0 1578372.0 0.0 60220000.0 91.0 2.0 1000.0 3557618.0
5600.0 0.0 2.0 11.0 114984817.0 1556974.0 0.0 60220000.0 89.0 2.0 1000.0 3898209.0
5700.0 0.0 2.0 11.0 114667939.0 1561430.0 0.0 60220000.0 89.0 2.0 1000.0 4210631.0
5800.0 0.0 2.0 11.0 114357697.0 1559125.0 0.0 60220000.0 86.0 2.0 1000.0 4523178.0
5900.0 0.0 2.0 11.0 114051318.0 1553224.0 0.0 60220000.0 86.0 2.0 1000.0 4835458.0
6000.0 0.0 2.0 9.0 113750724.0 1562729.0 0.0 60220000.0 84.0 2.0 1000.0 5126547.0
6100.0 0.0 2.0 9.0 113452078.0 1605844.0 0.0 60220000.0 84.0 2.0 1000.0 5382078.0
6200.0 0.0 2.0 9.0 113156328.0 1645106.0 0.0 60220000.0 82.0 2.0 1000.0 5638566.0
6300.0 0.0 2.0 9.0 112864732.0 1680171.0 0.0 60220000.0 82.0 2.0 1000.0 5895097.0
6400.0 0.0 2.0 9.0 112576602.0 1711436.0 0.0 60220000.0 81.0 2.0 1000.0 6151962.0
6500.0 0.0 2.0 9.0 112301416.0 1728628.0 0.0 60220000.0 75.0 2.0 1000.0 6409956.0
6600.0 0.0 2.0 8.0 112035531.0 1764152.0 0.0 60220000.0 74.0 2.0 1000.0 6640317.0
6700.0 0.0 2.0 8.0 111773166.0 1797230.0 0.0 60220000.0 74.0 2.0 1000.0 6869604.0
6800.0 0.0 2.0 8.0 111510663.0 1830783.0 0.0 60220000.0 73.0 2.0 1000.0 7098554.0
6900.0 0.0 2.0 8.0 111253795.0 1858412.0 0.0 60220000.0 72.0 2.0 1000.0 7327793.0
7000.0 0.0 2.0 8.0 111000198.0 1882371.0 0.0 60220000.0 69.0 2.0 1000.0 7557431.0
7100.0 0.0 2.0 7.0 110756350.0 1903513.0 0.0 60220000.0 68.0 2.0 1000.0 7780137.0
7200.0 1.0 1.0 7.0 110514368.0 1946244.0 0.0 60220000.0 71.0 2.0 1000.0 7979388.0
7300.0 1.0 0.0 14.0 110186767.0 1965886.0 0.0 60220000.0 114.0 2.0 1000.0 8287347.0
7400.0 1.0 2.0 16.0 109739415.0 1984536.0 0.0 60220000.0 136.0 2.0 1000.0 8716049.0
7500.0 0.0 1.0 18.0 109213158.0 2012810.0 0.0 60220000.0 152.0 2.0 1000.0 9214032.0
7600.0 0.0 1.0 18.0 108677892.0 2029405.0 0.0 60220000.0 149.0 2.0 1000.0 9732703.0
7700.0 1.0 1.0 18.0 108151463.0 2036414.0 0.0 60220000.0 149.0 2.0 1000.0 10252123.0
7800.0 0.0 1.0 20.0 107605880.0 2013903.0 0.0 60220000.0 155.0 2.0 1000.0 10820217.0
7900.0 0.0 3.0 19.0 107061197.0 1984663.0 0.0 60220000.0 151.0 2.0 1000.0 11394140.0
8000.0 0.0 3.0 18.0 106524795.0 1975872.0 0.0 60220000.0 151.0 2.0 1000.0 11939333.0
8100.0 1.0 3.0 18.0 105986346.0 1996762.0 0.0 60220000.0 151.0 2.0 1000.0 12456892.0
8200.0 1.0 0.0 23.0 105409666.0 1979884.0 0.0 60220000.0 172.0 2.0 1000.0 13050450.0
8300.0 0.0 2.0 24.0 104759481.0 1949912.0 0.0 60220000.0 185.0 2.0 1000.0 13730607.0
8400.0 0.0 2.0 24.0 104111801.0 1910125.0 0.0 60220000.0 181.0 2.0 1000.0 14418074.0
8500.0 0.0 2.0 24.0 103468545.0 1864148.0 0.0 60220000.0 181.0 2.0 1000.0 15107307.0
8600.0 0.0 2.0 23.0 102828697.0 1838661.0 0.0 60220000.0 179.0 2.0 1000.0 15772642.0
8700.0 0.0 2.0 21.0 102199014.0 1856191.0 0.0 60220000.0 177.0 2.0 1000.0 16384795.0
8800.0 0.0 2.0 20.0 101572711.0 1898372.0 0.0 60220000.0 176.0 2.0 1000.0 16968917.0
8900.0 0.0 2.0 20.0 100947888.0 1948610.0 0.0 60220000.0 174.0 2.0 1000.0 17543502.0
9000.0 0.0 1.0 21.0 100340822.0 1976488.0 0.0 60220000.0 168.0 2.0 1000.0 18122690.0
9100.0 0.0 1.0 21.0 99749489.0 1962682.0 0.0 60220000.0 164.0 2.0 1000.0 18727829.0
9200.0 0.0 1.0 20.0 99172002.0 1944181.0 0.0 60220000.0 162.0 2.0 1000.0 19323817.0
9300.0 0.0 1.0 20.0 98600406.0 1940714.0 0.0 60220000.0 159.0 2.0 1000.0 19898880.0
9400.0 0.0 1.0 20.0 98037358.0 1928619.0 0.0 60220000.0 158.0 2.0 1000.0 20474023.0
9500.0 1.0 3.0 19.0 97486624.0 1921388.0 0.0 60220000.0 158.0 2.0 1000.0 21031988.0
9600.0 0.0 0.0 20.0 96928607.0 1906663.0 0.0 60220000.0 155.0 2.0 1000.0 21604730.0
9700.0 0.0 0.0 19.0 96382533.0 1894827.0 0.0 60220000.0 153.0 2.0 1000.0 22162640.0
9800.0 0.0 0.0 19.0 95840631.0 1890229.0 0.0 60220000.0 151.0 2.0 1000.0 22709140.0
9900.0 0.0 0.0 19.0 95311096.0 1875227.0 0.0 60220000.0 148.0 2.0 1000.0 23253677.0
10000.0 0.0 0.0 18.0 94794623.0 1873336.0 0.0 60220000.0 143.0 2.0 1000.0 23772041.0
10100.0 0.0 0.0 18.0 94296337.0 1854976.0 0.0 60220000.0 139.0 2.0 1000.0 24288687.0
10200.0 0.0 0.0 17.0 93803727.0 1847304.0 0.0 60220000.0 137.0 2.0 1000.0 24788969.0
10300.0 0.0 0.0 17.0 93320807.0 1841536.0 0.0 60220000.0 135.0 2.0 1000.0 25277657.0
10400.0 0.0 0.0 17.0 92842912.0 1831794.0 0.0 60220000.0 134.0 2.0 1000.0 25765294.0
10500.0 0.0 0.0 17.0 92373284.0 1813350.0 0.0 60220000.0 132.0 2.0 1000.0 26253366.0
10600.0 0.0 0.0 17.0 91906318.0 1793913.0 0.0 60220000.0 130.0 2.0 1000.0 26739769.0
10700.0 0.0 0.0 17.0 91446800.0 1766671.0 0.0 60220000.0 128.0 2.0 1000.0 27226529.0
10800.0 0.0 0.0 17.0 91003028.0 1723576.0 0.0 60220000.0 122.0 2.0 1000.0 27713396.0
10900.0 0.0 0.0 17.0 90571222.0 1669268.0 0.0 60220000.0 120.0 2.0 1000.0 28199510.0
11000.0 0.0 0.0 17.0 90150451.0 1605261.0 0.0 60220000.0 116.0 2.0 1000.0 28684288.0
11100.0 0.0 0.0 17.0 89746314.0 1524896.0 0.0 60220000.0 113.0 2.0 1000.0 29168790.0
11200.0 0.0 0.0 17.0 89347648.0 1440653.0 0.0 60220000.0 110.0 2.0 1000.0 29651699.0
11300.0 0.0 0.0 17.0 88961506.0 1346256.0 0.0 60220000.0 105.0 2.0 1000.0 30132238.0
11400.0 0.0 0.0 16.0 88587217.0 1257172.0 0.0 60220000.0 105.0 2.0 1000.0 30595611.0
11500.0 0.0 0.0 16.0 88214637.0 1181268.0 0.0 60220000.0 104.0 2.0 1000.0 31044095.0
11600.0 0.0 0.0 15.0 87849219.0 1109078.0 0.0 60220000.0 101.0 2.0 1000.0 31481703.0
11700.0 0.0 0.0 15.0 87489578.0 1050964.0 0.0 60220000.0 100.0 2.0 1000.0 31899458.0
11800.0 0.0 0.0 15.0 87137568.0 987939.0 0.0 60220000.0 98.0 2.0 1000.0 32314493.0
11900.0 0.0 0.0 15.0 86791715.0 920017.0 0.0 60220000.0 97.0 2.0 1000.0 32728268.0
12000.0 0.0 0.0 14.0 86446024.0 867211.0 0.0 60220000.0 97.0 2.0 1000.0 33126765.0
12100.0 0.0 0.0 13.0 86102812.0 837410.0 0.0 60220000.0 95.0 2.0 1000.0 33499778.0
12200.0 0.0 0.0 12.0 85764684.0 829178.0 0.0 60220000.0 95.0 2.0 1000.0 33846138.0
12300.0 0.0 0.0 10.0 85431690.0 856213.0 0.0 60220000.0 93.0 2.0 1000.0 34152097.0
12400.0 0.0 0.0 10.0 85102260.0 911474.0 0.0 60220000.0 92.0 2.0 1000.0 34426266.0
12500.0 0.0 0.0 10.0 84777356.0 962428.0 0.0 60220000.0 90.0 2.0 1000.0 34700216.0
12600.0 0.0 0.0 9.0 84460893.0 1010644.0 0.0 60220000.0 89.0 2.0 1000.0 34968463.0
12700.0 0.0 0.0 9.0 84145730.0 1076158.0 0.0 60220000.0 88.0 2.0 1000.0 35218112.0
12800.0 0.0 0.0 9.0 83835946.0 1134975.0 0.0 60220000.0 87.0 2.0 1000.0 35469079.0
12900.0 0.0 0.0 9.0 83527916.0 1190781.0 0.0 60220000.0 86.0 2.0 1000.0 35721303.0
13000.0 0.0 0.0 8.0 83225991.0 1267102.0 0.0 60220000.0 84.0 2.0 1000.0 35946907.0
13100.0 0.0 0.0 8.0 82934798.0 1332578.0 0.0 60220000.0 80.0 2.0 1000.0 36172624.0
13200.0 0.0 0.0 8.0 82651316.0 1390133.0 0.0 60220000.0 78.0 2.0 1000.0 36398551.0
13300.0 0.0 0.0 8.0 82380321.0 1434416.0 0.0 60220000.0 75.0 2.0 1000.0 36625263.0
13400.0 0.0 0.0 8.0 82118136.0 1470288.0 0.0 60220000.0 73.0 2.0 1000.0 36851576.0
13500.0 0.0 0.0 8.0 81860267.0 1500729.0 0.0 60220000.0 72.0 2.0 1000.0 37079004.0
13600.0 0.0 0.0 8.0 81609981.0 1523728.0 0.0 60220000.0 69.0 2.0 1000.0 37306291.0
13700.0 1.0 1.0 7.0 81357480.0 1584860.0 0.0 60220000.0 79.0 2.0 1000.0 37497660.0
13800.0 1.0 0.0 11.0 81027431.0 1649279.0 0.0 60220000.0 110.0 2.0 1000.0 37763290.0
13900.0 1.0 0.0 17.0 80568328.0 1725201.0 0.0 60220000.0 145.0 2.0 1000.0 38146471.0
14000.0 1.0 1.0 20.0 80014320.0 1746361.0 0.0 60220000.0 170.0 2.0 1000.0 38679319.0
14100.0 1.0 0.0 24.0 79341205.0 1794896.0 0.0 60220000.0 201.0 2.0 1000.0 39303899.0
14200.0 1.0 0.0 30.0 78580506.0 1802336.0 0.0 60220000.0 228.0 2.0 1000.0 40057158.0
14300.0 0.0 1.0 32.0 77738368.0 1757671.0 0.0 60220000.0 240.0 2.0 1000.0 40943961.0
14400.0 0.0 1.0 32.0 76894451.0 1685341.0 0.0 60220000.0 233.0 2.0 1000.0 41860208.0
14500.0 0.0 1.0 32.0 76075108.0 1590916.0 0.0 60220000.0 229.0 2.0 1000.0 42773976.0
14600.0 0.0 1.0 32.0 75272885.0 1483764.0 0.0 60220000.0 223.0 2.0 1000.0 43683351.0
14700.0 0.0 1.0 30.0 74484068.0 1378846.0 0.0 60220000.0 219.0 2.0 1000.0 44577086.0
14800.0 0.0 1.0 30.0 73711493.0 1304375.0 0.0 60220000.0 215.0 2.0 1000.0 45424132.0
14900.0 0.0 1.0 30.0 72951582.0 1221172.0 0.0 60220000.0 213.0 2.0 1000.0 46267246.0
15000.0 0.0 1.0 29.0 72194834.0 1160159.0 0.0 60220000.0 212.0 2.0 1000.0 47085007.0
15100.0 0.0 1.0 29.0 71444323.0 1102390.0 0.0 60220000.0 210.0 2.0 1000.0 47893287.0
15200.0 0.0 1.0 29.0 70706872.0 1035873.0 0.0 60220000.0 203.0 2.0 1000.0 48697255.0
15300.0 1.0 0.0 32.0 69929626.0 983415.0 0.0 60220000.0 229.0 2.0 1000.0 49526959.0
15400.0 1.0 0.0 37.0 69060416.0 917072.0 0.0 60220000.0 263.0 2.0 1000.0 50462512.0
15500.0 0.0 0.0 40.0 68066889.0 862650.0 0.0 60220000.0 287.0 2.0 1000.0 51510461.0
15600.0 0.0 0.0 40.0 67048771.0 790569.0 0.0 60220000.0 285.0 2.0 1000.0 52600660.0
15700.0 0.0 0.0 40.0 66040044.0 719905.0 0.0 60220000.0 280.0 2.0 1000.0 53680051.0
15800.0 0.0 0.0 39.0 65042420.0 656967.0 0.0 60220000.0 278.0 2.0 1000.0 54740613.0
15900.0 0.0 0.0 39.0 64050858.0 615456.0 0.0 60220000.0 277.0 2.0 1000.0 55773686.0
16000.0 0.0 0.0 39.0 63069718.0 572251.0 0.0 60220000.0 273.0 2.0 1000.0 56798031.0
16100.0 0.0 0.0 39.0 62106237.0 522579.0 0.0 60220000.0 269.0 2.0 1000.0 57811184.0
16200.0 0.0 0.0 37.0 61162482.0 492724.0 0.0 60220000.0 263.0 2.0 1000.0 58784794.0
16300.0 0.0 0.0 35.0 60229545.0 497995.0 0.0 60220000.0 261.0 2.0 1000.0 59712460.0
16400.0 1.0 2.0 36.0 59293197.0 525947.0 0.0 60220000.0 275.0 2.0 1000.0 60620856.0
16500.0 0.0 1.0 41.0 58228747.0 571296.0 0.0 60220000.0 311.0 2.0 1000.0 61639957.0
16600.0 0.0 1.0 41.0 57121943.0 601552.0 0.0 60220000.0 306.0 2.0 1000.0 62716505.0
16700.0 0.0 1.0 40.0 56038340.0 625401.0 0.0 60220000.0 302.0 2.0 1000.0 63776259.0
16800.0 0.0 1.0 40.0 54967502.0 636405.0 0.0 60220000.0 299.0 2.0 1000.0 64836093.0
16900.0 0.0 1.0 39.0 53909786.0 642279.0 0.0 60220000.0 295.0 2.0 1000.0 65887935.0
17000.0 0.0 1.0 39.0 52861770.0 655003.0 0.0 60220000.0 294.0 2.0 1000.0 66923227.0
17100.0 0.0 1.0 39.0 51829971.0 649773.0 0.0 60220000.0 287.0 2.0 1000.0 67960256.0
17200.0 0.0 1.0 39.0 50817380.0 628638.0 0.0 60220000.0 282.0 2.0 1000.0 68993982.0
17300.0 0.0 1.0 38.0 49819029.0 603334.0 0.0 60220000.0 278.0 2.0 1000.0 70017637.0
17400.0 0.0 1.0 36.0 48845022.0 606681.0 0.0 60220000.0 272.0 2.0 1000.0 70988297.0
17500.0 0.0 1.0 36.0 47890996.0 612525.0 0.0 60220000.0 264.0 2.0 1000.0 71936479.0
17600.0 0.0 1.0 36.0 46970420.0 586290.0 0.0 60220000.0 255.0 2.0 1000.0 72883290.0
17700.0 0.0 1.0 36.0 46064551.0 552596.0 0.0 60220000.0 254.0 2.0 1000.0 73822853.0
17800.0 0.0 1.0 36.0 45167471.0 517643.0 0.0 60220000.0 250.0 2.0 1000.0 74754886.0
17900.0 0.0 1.0 35.0 44286429.0 491396.0 0.0 60220000.0 246.0 2.0 1000.0 75662175.0
18000.0 0.0 1.0 35.0 43424136.0 461869.0 0.0 60220000.0 239.0 2.0 1000.0 76553995.0
18100.0 0.0 1.0 34.0 42579143.0 435743.0 0.0 60220000.0 234.0 2.0 1000.0 77425114.0
18200.0 0.0 1.0 34.0 41755807.0 409363.0 0.0 60220000.0 229.0 2.0 1000.0 78274830.0
18300.0 0.0 1.0 33.0 40946922.0 396426.0 0.0 60220000.0 226.0 2.0 1000.0 79096652.0
18400.0 0.0 1.0 32.0 40155869.0 377442.0 0.0 60220000.0 219.0 2.0 1000.0 79906689.0
18500.0 0.0 1.0 32.0 39393428.0 358692.0 0.0 60220000.0 211.0 2.0 1000.0 80687880.0
18600.0 0.0 1.0 32.0 38655023.0 325095.0 0.0 60220000.0 206.0 2.0 1000.0 81459882.0
18700.0 0.0 1.0 31.0 37926269.0 310958.0 0.0 60220000.0 201.0 2.0 1000.0 82202773.0
18800.0 0.0 1.0 29.0 37215036.0 320226.0 0.0 60220000.0 198.0 2.0 1000.0 82904738.0
18900.0 0.0 1.0 29.0 36517075.0 326937.0 0.0 60220000.0 192.0 2.0 1000.0 83595988.0
19000.0 0.0 1.0 28.0 35842140.0 328389.0 0.0 60220000.0 189.0 2.0 1000.0 84269471.0
19100.0 0.0 1.0 27.0 35177854.0 332837.0 0.0 60220000.0 184.0 2.0 1000.0 84929309.0
19200.0 0.0 1.0 27.0 34527836.0 335724.0 0.0 60220000.0 182.0 2.0 1000.0 85576440.0
19300.0 0.0 1.0 27.0 33880418.0 336908.0 0.0 60220000.0 182.0 2.0 1000.0 86222674.0
19400.0 0.0 1.0 27.0 33238764.0 332038.0 0.0 60220000.0 180.0 2.0 1000.0 86869198.0
19500.0 0.0 1.0 26.0 32604860.0 331243.0 0.0 60220000.0 175.0 2.0 1000.0 87503897.0
19600.0 0.0 1.0 26.0 31990241.0 324995.0 0.0 60220000.0 171.0 2.0 1000.0 88124764.0
19700.0 0.0 1.0 26.0 31385075.0 312869.0 0.0 60220000.0 168.0 2.0 1000.0 88742056.0
19800.0 0.0 1.0 26.0 30794623.0 292238.0 0.0 60220000.0 164.0 2.0 1000.0 89353139.0
19900.0 0.0 1.0 25.0 30215079.0 273933.0 0.0 60220000.0 162.0 2.0 1000.0 89950988.0
