time rna_M monomer_betaGal protein_betaGal Lactose_external Lactose_internal Glucose_external Glucose_internal protein_Lactose_Permease dna_Lac_Operon Biomass Lactose_consumed
0.0 0.0 0.0 0.0 120440000.0 0.0 60220000.0 0.0 0.0 2.0 1000.0 0.0
100.0 0.0 0.0 0.0 120440000.0 0.0 30135226.0 30084774.0 0.0 2.0 1000.0 0.0
200.0 0.0 0.0 0.0 120440000.0 0.0 88773.0 60131227.0 0.0 2.0 1000.0 0.0
300.0 0.0 0.0 0.0 120440000.0 0.0 0.0 60220000.0 0.0 2.0 1000.0 0.0
400.0 0.0 0.0 0.0 120440000.0 0.0 0.0 60220000.0 0.0 2.0 1000.0 0.0
500.0 0.0 0.0 0.0 120440000.0 0.0 0.0 60220000.0 0.0 2.0 1000.0 0.0
600.0 0.0 0.0 0.0 120440000.0 0.0 0.0 60220000.0 0.0 2.0 1000.0 0.0
700.0 0.0 0.0 0.0 120440000.0 0.0 0.0 60220000.0 0.0 2.0 1000.0 0.0
800.0 0.0 0.0 0.0 120440000.0 0.0 0.0 60220000.0 0.0 2.0 1000.0 0.0
900.0 0.0 0.0 0.0 120440000.0 0.0 0.0 60220000.0 0.0 2.0 1000.0 0.0
1000.0 0.0 0.0 0.0 120440000.0 0.0 0.0 60220000.0 0.0 2.0 1000.0 0.0
1100.0 1.0 2.0 1.0 120438023.0 1935.0 0.0 60220000.0 5.0 2.0 1000.0 42.0
1200.0 1.0 1.0 4.0 120347762.0 70067.0 0.0 60220000.0 46.0 2.0 1000.0 22171.0
1300.0 0.0 3.0 7.0 120139165.0 174623.0 0.0 60220000.0 67.0 2.0 1000.0 126212.0
1400.0 0.0 3.0 7.0 119902504.0 259344.0 0.0 60220000.0 66.0 2.0 1000.0 278152.0
1500.0 0.0 3.0 7.0 119666331.0 332438.0 0.0 60220000.0 65.0 2.0 1000.0 441231.0
1600.0 0.0 3.0 7.0 119437465.0 391133.0 0.0 60220000.0 63.0 2.0 1000.0 611402.0
1700.0 0.0 3.0 7.0 119214079.0 439967.0 0.0 60220000.0 61.0 2.0 1000.0 785954.0
1800.0 0.0 3.0 7.0 119000021.0 476931.0 0.0 60220000.0 60.0 2.0 1000.0 963048.0
1900.0 0.0 3.0 7.0 118789829.0 508183.0 0.0 60220000.0 58.0 2.0 1000.0 1141988.0
2000.0 0.0 3.0 7.0 118582597.0 534951.0 0.0 60220000.0 58.0 2.0 1000.0 1322452.0
2100.0 0.0 3.0 7.0 118375042.0 560679.0 0.0 60220000.0 58.0 2.0 1000.0 1504279.0
2200.0 0.0 3.0 6.0 118172137.0 600671.0 0.0 60220000.0 56.0 2.0 1000.0 1667192.0
2300.0 0.0 3.0 6.0 117977856.0 636405.0 0.0 60220000.0 54.0 2.0 1000.0 1825739.0
2400.0 0.0 3.0 6.0 117785076.0 670030.0 0.0 60220000.0 54.0 2.0 1000.0 1984894.0
2500.0 0.0 3.0 6.0 117595333.0 699411.0 0.0 60220000.0 53.0 2.0 1000.0 2145256.0
2600.0 0.0 3.0 5.0 117405689.0 742960.0 0.0 60220000.0 53.0 2.0 1000.0 2291351.0
2700.0 0.0 3.0 5.0 117218882.0 795189.0 0.0 60220000.0 52.0 2.0 1000.0 2425929.0
2800.0 0.0 3.0 5.0 117037161.0 840550.0 0.0 60220000.0 51.0 2.0 1000.0 2562289.0
2900.0 0.0 3.0 5.0 116855879.0 885545.0 0.0 60220000.0 51.0 2.0 1000.0 2698576.0
3000.0 0.0 3.0 5.0 116673614.0 930643.0 0.0 60220000.0 51.0 2.0 1000.0 2835743.0
3100.0 0.0 3.0 5.0 116491899.0 974558.0 0.0 60220000.0 51.0 2.0 1000.0 2973543.0
3200.0 0.0 3.0 5.0 116310586.0 1017822.0 0.0 60220000.0 51.0 2.0 1000.0 3111592.0
3300.0 0.0 3.0 5.0 116130470.0 1059521.0 0.0 60220000.0 50.0 2.0 1000.0 3250009.0
3400.0 0.0 3.0 5.0 115955444.0 1095542.0 0.0 60220000.0 48.0 2.0 1000.0 3389014.0
3500.0 0.0 3.0 5.0 115785252.0 1126352.0 0.0 60220000.0 47.0 2.0 1000.0 3528396.0
3600.0 0.0 3.0 5.0 115622749.0 1149627.0 0.0 60220000.0 45.0 2.0 1000.0 3667624.0
3700.0 0.0 3.0 5.0 115462280.0 1170025.0 0.0 60220000.0 45.0 2.0 1000.0 3807695.0
3800.0 0.0 3.0 5.0 115305321.0 1187376.0 0.0 60220000.0 44.0 2.0 1000.0 3947303.0
3900.0 0.0 3.0 5.0 115148685.0 1203722.0 0.0 60220000.0 44.0 2.0 1000.0 4087593.0
4000.0 0.0 3.0 5.0 114992249.0 1219677.0 0.0 60220000.0 44.0 2.0 1000.0 4228074.0
4100.0 0.0 3.0 5.0 114835408.0 1235884.0 0.0 60220000.0 44.0 2.0 1000.0 4368708.0
4200.0 0.0 3.0 5.0 114680485.0 1250321.0 0.0 60220000.0 43.0 2.0 1000.0 4509194.0
4300.0 0.0 3.0 5.0 114528070.0 1260965.0 0.0 60220000.0 43.0 2.0 1000.0 4650965.0
4400.0 0.0 3.0 5.0 114374945.0 1273940.0 0.0 60220000.0 43.0 2.0 1000.0 4791115.0
4500.0 0.0 3.0 5.0 114222962.0 1285345.0 0.0 60220000.0 42.0 2.0 1000.0 4931693.0
4600.0 0.0 3.0 4.0 114076089.0 1298164.0 0.0 60220000.0 41.0 2.0 1000.0 5065747.0
4700.0 0.0 3.0 4.0 113933500.0 1327256.0 0.0 60220000.0 40.0 2.0 1000.0 5179244.0
4800.0 0.0 3.0 4.0 113794752.0 1352779.0 0.0 60220000.0 39.0 2.0 1000.0 5292469.0
4900.0 0.0 3.0 3.0 113655582.0 1389938.0 0.0 60220000.0 39.0 2.0 1000.0 5394480.0
5000.0 0.0 3.0 3.0 113521247.0 1439883.0 0.0 60220000.0 37.0 2.0 1000.0 5478870.0
5100.0 0.0 3.0 3.0 113391542.0 1485203.0 0.0 60220000.0 36.0 2.0 1000.0 5563255.0
5200.0 0.0 3.0 3.0 113263767.0 1527928.0 0.0 60220000.0 36.0 2.0 1000.0 5648305.0
5300.0 0.0 3.0 3.0 113135712.0 1570437.0 0.0 60220000.0 36.0 2.0 1000.0 5733851.0
5400.0 0.0 3.0 3.0 113007772.0 1612927.0 0.0 60220000.0 36.0 2.0 1000.0 5819301.0
5500.0 0.0 3.0 3.0 112882438.0 1652359.0 0.0 60220000.0 35.0 2.0 1000.0 5905203.0
5600.0 0.0 3.0 3.0 112760504.0 1688478.0 0.0 60220000.0 34.0 2.0 1000.0 5991018.0
5700.0 0.0 3.0 3.0 112641576.0 1721680.0 0.0 60220000.0 33.0 2.0 1000.0 6076744.0
5800.0 0.0 3.0 3.0 112524347.0 1752985.0 0.0 60220000.0 33.0 2.0 1000.0 6162668.0
5900.0 0.0 3.0 3.0 112407610.0 1784191.0 0.0 60220000.0 33.0 2.0 1000.0 6248199.0
6000.0 1.0 0.0 4.0 112288600.0 1811535.0 0.0 60220000.0 40.0 2.0 1000.0 6339865.0
6100.0 0.0 0.0 7.0 112100653.0 1834181.0 0.0 60220000.0 56.0 2.0 1000.0 6505166.0
6200.0 0.0 0.0 7.0 111902817.0 1831802.0 0.0 60220000.0 55.0 2.0 1000.0 6705381.0
6300.0 0.0 0.0 6.0 111708779.0 1830286.0 0.0 60220000.0 54.0 2.0 1000.0 6900935.0
6400.0 0.0 0.0 6.0 111516268.0 1850380.0 0.0 60220000.0 54.0 2.0 1000.0 7073352.0
6500.0 0.0 0.0 6.0 111323656.0 1871132.0 0.0 60220000.0 54.0 2.0 1000.0 7245212.0
6600.0 0.0 0.0 6.0 111131492.0 1891011.0 0.0 60220000.0 53.0 2.0 1000.0 7417497.0
6700.0 0.0 0.0 6.0 110944871.0 1905937.0 0.0 60220000.0 52.0 2.0 1000.0 7589192.0
6800.0 0.0 0.0 6.0 110762843.0 1916496.0 0.0 60220000.0 51.0 2.0 1000.0 7760661.0
6900.0 0.0 0.0 6.0 110590036.0 1916604.0 0.0 60220000.0 45.0 2.0 1000.0 7933360.0
7000.0 0.0 2.0 8.0 110388477.0 1924597.0 0.0 60220000.0 73.0 2.0 1000.0 8126926.0
7100.0 0.0 2.0 8.0 110130331.0 1953044.0 0.0 60220000.0 72.0 2.0 1000.0 8356625.0
7200.0 0.0 2.0 8.0 109876305.0 1976689.0 0.0 60220000.0 71.0 2.0 1000.0 8587006.0
7300.0 0.0 2.0 8.0 109625050.0 1996968.0 0.0 60220000.0 71.0 2.0 1000.0 8817982.0
7400.0 0.0 2.0 8.0 109372873.0 2017989.0 0.0 60220000.0 71.0 2.0 1000.0 9049138.0
7500.0 0.0 2.0 8.0 109119426.0 2040942.0 0.0 60220000.0 71.0 2.0 1000.0 9279632.0
7600.0 1.0 3.0 8.0 108869774.0 2060148.0 0.0 60220000.0 75.0 2.0 1000.0 9510078.0
7700.0 1.0 3.0 12.0 108563721.0 2064184.0 0.0 60220000.0 96.0 2.0 1000.0 9812095.0
7800.0 1.0 0.0 16.0 108173045.0 2044671.0 0.0 60220000.0 127.0 2.0 1000.0 10222284.0
7900.0 1.0 0.0 18.0 107674598.0 2070622.0 0.0 60220000.0 155.0 2.0 1000.0 10694780.0
8000.0 1.0 0.0 23.0 107085266.0 2082357.0 0.0 60220000.0 176.0 2.0 1000.0 11272377.0
8100.0 1.0 0.0 28.0 106393160.0 2055188.0 0.0 60220000.0 211.0 2.0 1000.0 11991652.0
8200.0 1.0 1.0 31.0 105590581.0 2022497.0 0.0 60220000.0 249.0 2.0 1000.0 12826922.0
8300.0 2.0 1.0 38.0 104623846.0 2003344.0 0.0 60220000.0 304.0 2.0 1000.0 13812810.0
8400.0 0.0 0.0 40.0 103498011.0 1978306.0 0.0 60220000.0 322.0 2.0 1000.0 14963683.0
8500.0 0.0 0.0 39.0 102355978.0 1997532.0 0.0 60220000.0 319.0 2.0 1000.0 16086490.0
8600.0 0.0 0.0 39.0 101236734.0 1994194.0 0.0 60220000.0 313.0 2.0 1000.0 17209072.0
8700.0 0.0 0.0 38.0 100131627.0 1993303.0 0.0 60220000.0 310.0 2.0 1000.0 18315070.0
8800.0 0.0 0.0 38.0 99050362.0 1980273.0 0.0 60220000.0 301.0 2.0 1000.0 19409365.0
8900.0 0.0 0.0 37.0 97993492.0 1965627.0 0.0 60220000.0 295.0 2.0 1000.0 20480881.0
9000.0 0.0 0.0 37.0 96955418.0 1938479.0 0.0 60220000.0 290.0 2.0 1000.0 21546103.0
9100.0 0.0 0.0 37.0 95932242.0 1897493.0 0.0 60220000.0 287.0 2.0 1000.0 22610265.0
9200.0 0.0 0.0 36.0 94924934.0 1853497.0 0.0 60220000.0 282.0 2.0 1000.0 23661569.0
9300.0 0.0 0.0 36.0 93933595.0 1811767.0 0.0 60220000.0 276.0 2.0 1000.0 24694638.0
9400.0 0.0 0.0 36.0 92962830.0 1750961.0 0.0 60220000.0 272.0 2.0 1000.0 25726209.0
9500.0 0.0 0.0 36.0 92004531.0 1680619.0 0.0 60220000.0 267.0 2.0 1000.0 26754850.0
9600.0 0.0 0.0 35.0 91056864.0 1622895.0 0.0 60220000.0 266.0 2.0 1000.0 27760241.0
9700.0 0.0 1.0 34.0 90115781.0 1592050.0 0.0 60220000.0 267.0 2.0 1000.0 28732169.0
9800.0 0.0 1.0 33.0 89172496.0 1592702.0 0.0 60220000.0 264.0 2.0 1000.0 29674802.0
9900.0 0.0 1.0 33.0 88237323.0 1587096.0 0.0 60220000.0 260.0 2.0 1000.0 30615581.0
10000.0 1.0 3.0 34.0 87307024.0 1589183.0 0.0 60220000.0 271.0 2.0 1000.0 31543793.0
10100.0 1.0 0.0 38.0 86283322.0 1573254.0 0.0 60220000.0 300.0 2.0 1000.0 32583424.0
10200.0 0.0 3.0 39.0 85169488.0 1582192.0 0.0 60220000.0 318.0 2.0 1000.0 33688320.0
10300.0 0.0 3.0 38.0 84043274.0 1608002.0 0.0 60220000.0 314.0 2.0 1000.0 34788724.0
10400.0 0.0 3.0 38.0 82935542.0 1631884.0 0.0 60220000.0 310.0 2.0 1000.0 35872574.0
10500.0 0.0 3.0 37.0 81837272.0 1660661.0 0.0 60220000.0 308.0 2.0 1000.0 36942067.0
10600.0 0.0 3.0 37.0 80745889.0 1694754.0 0.0 60220000.0 303.0 2.0 1000.0 37999357.0
10700.0 0.0 3.0 37.0 79677960.0 1703523.0 0.0 60220000.0 299.0 2.0 1000.0 39058517.0
10800.0 0.0 3.0 37.0 78623632.0 1699809.0 0.0 60220000.0 294.0 2.0 1000.0 40116559.0
10900.0 0.0 3.0 37.0 77590158.0 1675199.0 0.0 60220000.0 289.0 2.0 1000.0 41174643.0
11000.0 0.0 3.0 37.0 76568465.0 1641347.0 0.0 60220000.0 286.0 2.0 1000.0 42230188.0
11100.0 0.0 3.0 37.0 75572098.0 1582785.0 0.0 60220000.0 278.0 2.0 1000.0 43285117.0
11200.0 0.0 1.0 38.0 74589207.0 1504130.0 0.0 60220000.0 277.0 2.0 1000.0 44346663.0
11300.0 0.0 1.0 38.0 73613362.0 1403203.0 0.0 60220000.0 272.0 2.0 1000.0 45423435.0
11400.0 0.0 1.0 37.0 72654435.0 1308546.0 0.0 60220000.0 268.0 2.0 1000.0 46477019.0
11500.0 0.0 1.0 34.0 71712104.0 1261518.0 0.0 60220000.0 261.0 2.0 1000.0 47466378.0
11600.0 0.0 1.0 33.0 70788523.0 1246779.0 0.0 60220000.0 258.0 2.0 1000.0 48404698.0
11700.0 0.0 1.0 33.0 69875809.0 1232463.0 0.0 60220000.0 254.0 2.0 1000.0 49331728.0
11800.0 0.0 1.0 33.0 68972597.0 1211247.0 0.0 60220000.0 251.0 2.0 1000.0 50256156.0
11900.0 0.0 1.0 30.0 68086699.0 1217258.0 0.0 60220000.0 247.0 2.0 1000.0 51136043.0
12000.0 0.0 1.0 28.0 67210166.0 1278009.0 0.0 60220000.0 245.0 2.0 1000.0 51951825.0
12100.0 0.0 1.0 27.0 66341385.0 1382689.0 0.0 60220000.0 243.0 2.0 1000.0 52715926.0
12200.0 0.0 1.0 27.0 65480374.0 1479270.0 0.0 60220000.0 241.0 2.0 1000.0 53480356.0
12300.0 0.0 1.0 26.0 64625384.0 1582482.0 0.0 60220000.0 239.0 2.0 1000.0 54232134.0
12400.0 0.0 1.0 25.0 63786274.0 1706696.0 0.0 60220000.0 234.0 2.0 1000.0 54947030.0
12500.0 0.0 1.0 24.0 62961925.0 1821205.0 0.0 60220000.0 231.0 2.0 1000.0 55656870.0
12600.0 0.0 1.0 24.0 62155022.0 1938394.0 0.0 60220000.0 225.0 2.0 1000.0 56346584.0
12700.0 0.0 1.0 24.0 61372670.0 2030367.0 0.0 60220000.0 217.0 2.0 1000.0 57036963.0
12800.0 0.0 1.0 24.0 60606069.0 2105827.0 0.0 60220000.0 215.0 2.0 1000.0 57728104.0
12900.0 0.0 1.0 24.0 59852336.0 2168421.0 0.0 60220000.0 212.0 2.0 1000.0 58419243.0
13000.0 0.0 1.0 24.0 59109215.0 2216252.0 0.0 60220000.0 207.0 2.0 1000.0 59114533.0
13100.0 0.0 1.0 24.0 58388129.0 2243686.0 0.0 60220000.0 199.0 2.0 1000.0 59808185.0
13200.0 0.0 1.0 24.0 57692401.0 2245455.0 0.0 60220000.0 194.0 2.0 1000.0 60502144.0
13300.0 0.0 1.0 24.0 57005641.0 2238328.0 0.0 60220000.0 192.0 2.0 1000.0 61196031.0
13400.0 0.0 1.0 24.0 56327461.0 2223183.0 0.0 60220000.0 191.0 2.0 1000.0 61889356.0
13500.0 1.0 0.0 26.0 55630564.0 2210472.0 0.0 60220000.0 209.0 2.0 1000.0 62598964.0
13600.0 1.0 2.0 29.0 54837492.0 2230316.0 0.0 60220000.0 241.0 2.0 1000.0 63372192.0
13700.0 1.0 3.0 33.0 53934929.0 2234342.0 0.0 60220000.0 274.0 2.0 1000.0 64270729.0
13800.0 0.0 0.0 34.0 52943120.0 2244853.0 0.0 60220000.0 276.0 2.0 1000.0 65252027.0
13900.0 0.0 0.0 33.0 51974372.0 2251685.0 0.0 60220000.0 272.0 2.0 1000.0 66213943.0
14000.0 0.0 0.0 32.0 51024014.0 2265187.0 0.0 60220000.0 265.0 2.0 1000.0 67150799.0
14100.0 0.0 0.0 32.0 50086386.0 2276674.0 0.0 60220000.0 263.0 2.0 1000.0 68076940.0
14200.0 0.0 0.0 32.0 49166531.0 2270893.0 0.0 60220000.0 257.0 2.0 1000.0 69002576.0
14300.0 0.0 0.0 31.0 48266704.0 2247028.0 0.0 60220000.0 250.0 2.0 1000.0 69926268.0
14400.0 0.0 0.0 30.0 47382535.0 2259743.0 0.0 60220000.0 248.0 2.0 1000.0 70797722.0
14500.0 0.0 0.0 30.0 46516656.0 2258224.0 0.0 60220000.0 243.0 2.0 1000.0 71665120.0
14600.0 0.0 0.0 29.0 45667682.0 2249347.0 0.0 60220000.0 238.0 2.0 1000.0 72522971.0
14700.0 0.0 0.0 28.0 44841434.0 2250412.0 0.0 60220000.0 230.0 2.0 1000.0 73348154.0
14800.0 1.0 0.0 29.0 44030797.0 2251200.0 0.0 60220000.0 231.0 2.0 1000.0 74158003.0
14900.0 1.0 1.0 32.0 43144139.0 2254922.0 0.0 60220000.0 266.0 2.0 1000.0 75040939.0
15000.0 0.0 3.0 31.0 42173302.0 2312555.0 0.0 60220000.0 277.0 2.0 1000.0 75954143.0
15100.0 0.0 3.0 31.0 41204170.0 2382211.0 0.0 60220000.0 270.0 2.0 1000.0 76853619.0
15200.0 0.0 3.0 31.0 40249073.0 2440095.0 0.0 60220000.0 268.0 2.0 1000.0 77750832.0
15300.0 0.0 3.0 31.0 39309075.0 2479617.0 0.0 60220000.0 264.0 2.0 1000.0 78651308.0
15400.0 0.0 3.0 30.0 38376627.0 2539790.0 0.0 60220000.0 263.0 2.0 1000.0 79523583.0
15500.0 0.0 3.0 28.0 37449072.0 2628769.0 0.0 60220000.0 261.0 2.0 1000.0 80362159.0
15600.0 0.0 3.0 28.0 36530984.0 2732065.0 0.0 60220000.0 259.0 2.0 1000.0 81176951.0
15700.0 0.0 3.0 28.0 35618253.0 2829497.0 0.0 60220000.0 256.0 2.0 1000.0 81992250.0
15800.0 0.0 3.0 28.0 34722852.0 2909587.0 0.0 60220000.0 252.0 2.0 1000.0 82807561.0
15900.0 0.0 3.0 28.0 33840973.0 2975223.0 0.0 60220000.0 246.0 2.0 1000.0 83623804.0
16000.0 0.0 3.0 28.0 32978240.0 3021290.0 0.0 60220000.0 242.0 2.0 1000.0 84440470.0
16100.0 0.0 3.0 28.0 32135289.0 3045925.0 0.0 60220000.0 237.0 2.0 1000.0 85258786.0
16200.0 0.0 3.0 28.0 31302371.0 3061542.0 0.0 60220000.0 236.0 2.0 1000.0 86076087.0
16300.0 0.0 3.0 28.0 30473989.0 3072883.0 0.0 60220000.0 232.0 2.0 1000.0 86893128.0
16400.0 0.0 3.0 28.0 29663554.0 3065963.0 0.0 60220000.0 225.0 2.0 1000.0 87710483.0
16500.0 0.0 3.0 28.0 28872213.0 3040102.0 0.0 60220000.0 221.0 2.0 1000.0 88527685.0
16600.0 0.0 3.0 28.0 28093323.0 3002524.0 0.0 60220000.0 220.0 2.0 1000.0 89344153.0
16700.0 1.0 0.0 29.0 27319723.0 2957214.0 0.0 60220000.0 224.0 2.0 1000.0 90163063.0
16800.0 2.0 0.0 37.0 26432422.0 2889185.0 0.0 60220000.0 285.0 2.0 1000.0 91118393.0
16900.0 1.0 3.0 39.0 25351503.0 2881532.0 0.0 60220000.0 320.0 2.0 1000.0 92206965.0
17000.0 2.0 1.0 44.0 24179189.0 2848507.0 0.0 60220000.0 354.0 2.0 1000.0 93412304.0
17100.0 2.0 0.0 52.0 22821685.0 2811416.0 0.0 60220000.0 417.0 2.0 1000.0 94806899.0
17200.0 1.0 1.0 53.0 21263046.0 2836625.0 0.0 60220000.0 461.0 2.0 1000.0 96340329.0
17300.0 0.0 3.0 55.0 19586748.0 2937632.0 0.0 60220000.0 485.0 2.0 1000.0 97915620.0
17400.0 0.0 3.0 53.0 17893164.0 3075907.0 0.0 60220000.0 476.0 2.0 1000.0 99470929.0
17500.0 1.0 1.0 56.0 16189609.0 3179592.0 0.0 60220000.0 495.0 2.0 1000.0 101070799.0
17600.0 0.0 3.0 57.0 14439170.0 3263676.0 0.0 60220000.0 498.0 2.0 1000.0 102737154.0
17700.0 0.0 3.0 54.0 12705197.0 3357879.0 0.0 60220000.0 491.0 2.0 1000.0 104376924.0
17800.0 0.0 3.0 54.0 11006496.0 3476556.0 0.0 60220000.0 482.0 2.0 1000.0 105956948.0
17900.0 1.0 3.0 55.0 9300189.0 3600580.0 0.0 60220000.0 500.0 2.0 1000.0 107539231.0
18000.0 0.0 2.0 58.0 7531479.0 3684389.0 0.0 60220000.0 507.0 2.0 1000.0 109224132.0
18100.0 0.0 2.0 58.0 5806459.0 3708890.0 0.0 60220000.0 493.0 2.0 1000.0 110924651.0
18200.0 0.0 2.0 58.0 4125117.0 3688846.0 0.0 60220000.0 488.0 2.0 1000.0 112626037.0
18300.0 1.0 3.0 59.0 2489962.0 3621278.0 0.0 60220000.0 482.0 2.0 1000.0 114328760.0
18400.0 1.0 2.0 62.0 914910.0 3448046.0 0.0 60220000.0 498.0 2.0 1000.0 116077044.0
18500.0 1.0 3.0 65.0 4010.0 2482742.0 0.0 60220000.0 528.0 2.0 1000.0 117953248.0
18600.0 1.0 2.0 67.0 451.0 618814.0 0.0 60220000.0 541.0 2.0 1000.0 119820735.0
18700.0 0.0 3.0 67.0 0.0 0.0 0.0 60220000.0 531.0 2.0 1000.0 120440000.0
18800.0 0.0 3.0 67.0 0.0 0.0 0.0 60220000.0 526.0 2.0 1000.0 120440000.0
18900.0 0.0 3.0 67.0 0.0 0.0 0.0 60220000.0 521.0 2.0 1000.0 120440000.0
19000.0 0.0 3.0 66.0 0.0 0.0 0.0 60220000.0 517.0 2.0 1000.0 120440000.0
19100.0 0.0 3.0 66.0 0.0 0.0 0.0 60220000.0 509.0 2.0 1000.0 120440000.0
19200.0 0.0 3.0 64.0 0.0 0.0 0.0 60220000.0 502.0 2.0 1000.0 120440000.0
19300.0 0.0 3.0 64.0 0.0 0.0 0.0 60220000.0 494.0 2.0 1000.0 120440000.0
19400.0 0.0 3.0 64.0 0.0 0.0 0.0 60220000.0 483.0 2.0 1000.0 120440000.0
19500.0 0.0 3.0 62.0 0.0 0.0 0.0 60220000.0 475.0 2.0 1000.0 120440000.0
19600.0 0.0 3.0 62.0 0.0 0.0 0.0 60220000.0 467.0 2.0 1000.0 120440000.0
19700.0 0.0 3.0 60.0 0.0 0.0 0.0 60220000.0 461.0 2.0 1000.0 120440000.0
19800.0 0.0 3.0 59.0 0.0 0.0 0.0 60220000.0 456.0 2.0 1000.0 120440000.0
19900.0 0.0 3.0 58.0 0.0 0.0 0.0 60220000.0 449.0 2.0 1000.0 120440000.0
