time rna_M monomer_betaGal protein_betaGal Lactose_external Lactose_internal Glucose_external Glucose_internal protein_Lactose_Permease dna_Lac_Operon Biomass Lactose_consumed
0.0 0.0 0.0 0.0 120440000.0 0.0 60220000.0 0.0 0.0 2.0 1000.0 0.0
100.0 0.0 0.0 0.0 120440000.0 0.0 30127454.0 30092546.0 0.0 2.0 1000.0 0.0
200.0 0.0 0.0 0.0 120440000.0 0.0 89518.0 60130482.0 0.0 2.0 1000.0 0.0
300.0 0.0 0.0 0.0 120440000.0 0.0 0.0 60220000.0 0.0 2.0 1000.0 0.0
400.0 0.0 0.0 0.0 120440000.0 0.0 0.0 60220000.0 0.0 2.0 1000.0 0.0
500.0 0.0 0.0 0.0 120440000.0 0.0 0.0 60220000.0 0.0 2.0 1000.0 0.0
600.0 0.0 0.0 0.0 120440000.0 0.0 0.0 60220000.0 0.0 2.0 1000.0 0.0
700.0 0.0 0.0 0.0 120440000.0 0.0 0.0 60220000.0 0.0 2.0 1000.0 0.0
800.0 0.0 0.0 0.0 120440000.0 0.0 0.0 60220000.0 0.0 2.0 1000.0 0.0
900.0 0.0 0.0 0.0 120440000.0 0.0 0.0 60220000.0 0.0 2.0 1000.0 0.0
1000.0 0.0 0.0 0.0 120440000.0 0.0 0.0 60220000.0 0.0 2.0 1000.0 0.0
1100.0 0.0 0.0 0.0 120440000.0 0.0 0.0 60220000.0 0.0 2.0 1000.0 0.0
1200.0 0.0 0.0 0.0 120440000.0 0.0 0.0 60220000.0 0.0 2.0 1000.0 0.0
1300.0 0.0 0.0 0.0 120440000.0 0.0 0.0 60220000.0 0.0 2.0 1000.0 0.0
1400.0 0.0 0.0 0.0 120440000.0 0.0 0.0 60220000.0 0.0 2.0 1000.0 0.0
1500.0 0.0 0.0 0.0 120440000.0 0.0 0.0 60220000.0 0.0 2.0 1000.0 0.0
1600.0 0.0 0.0 0.0 120440000.0 0.0 0.0 60220000.0 0.0 2.0 1000.0 0.0
1700.0 0.0 0.0 0.0 120440000.0 0.0 0.0 60220000.0 0.0 2.0 1000.0 0.0
1800.0 0.0 0.0 0.0 120440000.0 0.0 0.0 60220000.0 0.0 2.0 1000.0 0.0
1900.0 0.0 0.0 0.0 120440000.0 0.0 0.0 60220000.0 0.0 2.0 1000.0 0.0
2000.0 0.0 0.0 0.0 120440000.0 0.0 0.0 60220000.0 0.0 2.0 1000.0 0.0
2100.0 0.0 0.0 0.0 120440000.0 0.0 0.0 60220000.0 0.0 2.0 1000.0 0.0
2200.0 0.0 0.0 0.0 120440000.0 0.0 0.0 60220000.0 0.0 2.0 1000.0 0.0
2300.0 0.0 0.0 0.0 120440000.0 0.0 0.0 60220000.0 0.0 2.0 1000.0 0.0
2400.0 1.0 1.0 4.0 120405950.0 28649.0 0.0 60220000.0 25.0 2.0 1000.0 5401.0
2500.0 0.0 1.0 6.0 120291039.0 77171.0 0.0 60220000.0 34.0 2.0 1000.0 71790.0
2600.0 0.0 1.0 6.0 120171601.0 102637.0 0.0 60220000.0 32.0 2.0 1000.0 165762.0
2700.0 0.0 1.0 6.0 120057649.0 115543.0 0.0 60220000.0 32.0 2.0 1000.0 266808.0
2800.0 0.0 1.0 6.0 119943621.0 123883.0 0.0 60220000.0 32.0 2.0 1000.0 372496.0
2900.0 0.0 1.0 6.0 119831299.0 128246.0 0.0 60220000.0 31.0 2.0 1000.0 480455.0
3000.0 0.0 1.0 6.0 119720698.0 129562.0 0.0 60220000.0 31.0 2.0 1000.0 589740.0
3100.0 0.0 1.0 6.0 119609300.0 131538.0 0.0 60220000.0 31.0 2.0 1000.0 699162.0
3200.0 0.0 1.0 6.0 119499161.0 132045.0 0.0 60220000.0 31.0 2.0 1000.0 808794.0
3300.0 0.0 1.0 6.0 119389706.0 131328.0 0.0 60220000.0 30.0 2.0 1000.0 918966.0
3400.0 0.0 1.0 6.0 119285206.0 126895.0 0.0 60220000.0 29.0 2.0 1000.0 1027899.0
3500.0 0.0 1.0 6.0 119182056.0 122732.0 0.0 60220000.0 29.0 2.0 1000.0 1135212.0
3600.0 0.0 1.0 6.0 119080509.0 118244.0 0.0 60220000.0 28.0 2.0 1000.0 1241247.0
3700.0 0.0 1.0 6.0 118980436.0 113878.0 0.0 60220000.0 28.0 2.0 1000.0 1345686.0
3800.0 0.0 1.0 6.0 118882408.0 109531.0 0.0 60220000.0 27.0 2.0 1000.0 1448061.0
3900.0 0.0 1.0 6.0 118787181.0 104047.0 0.0 60220000.0 26.0 2.0 1000.0 1548772.0
4000.0 1.0 1.0 7.0 118688628.0 100396.0 0.0 60220000.0 36.0 2.0 1000.0 1650976.0
4100.0 1.0 1.0 12.0 118527961.0 106029.0 0.0 60220000.0 58.0 2.0 1000.0 1806010.0
4200.0 0.0 0.0 17.0 118265152.0 128077.0 0.0 60220000.0 89.0 2.0 1000.0 2046771.0
4300.0 0.0 0.0 17.0 117947588.0 134305.0 0.0 60220000.0 88.0 2.0 1000.0 2358107.0
4400.0 0.0 0.0 16.0 117640148.0 142711.0 0.0 60220000.0 85.0 2.0 1000.0 2657141.0
4500.0 0.0 0.0 14.0 117336748.0 164879.0 0.0 60220000.0 85.0 2.0 1000.0 2938373.0
4600.0 0.0 0.0 14.0 117033161.0 185117.0 0.0 60220000.0 84.0 2.0 1000.0 3221722.0
4700.0 0.0 0.0 14.0 116735848.0 191705.0 0.0 60220000.0 83.0 2.0 1000.0 3512447.0
4800.0 0.0 0.0 14.0 116448436.0 186820.0 0.0 60220000.0 79.0 2.0 1000.0 3804744.0
4900.0 0.0 0.0 14.0 116165711.0 180918.0 0.0 60220000.0 79.0 2.0 1000.0 4093371.0
5000.0 0.0 0.0 14.0 115889300.0 172839.0 0.0 60220000.0 77.0 2.0 1000.0 4377861.0
5100.0 0.0 0.0 13.0 115619402.0 168401.0 0.0 60220000.0 74.0 2.0 1000.0 4652197.0
5200.0 0.0 0.0 13.0 115356913.0 170863.0 0.0 60220000.0 73.0 2.0 1000.0 4912224.0
5300.0 0.0 0.0 13.0 115096497.0 170528.0 0.0 60220000.0 73.0 2.0 1000.0 5172975.0
5400.0 0.0 0.0 13.0 114835372.0 171052.0 0.0 60220000.0 73.0 2.0 1000.0 5433576.0
5500.0 0.0 0.0 13.0 114575150.0 170430.0 0.0 60220000.0 71.0 2.0 1000.0 5694420.0
5600.0 0.0 0.0 13.0 114323966.0 162500.0 0.0 60220000.0 70.0 2.0 1000.0 5953534.0
5700.0 0.0 0.0 13.0 114074417.0 156694.0 0.0 60220000.0 70.0 2.0 1000.0 6208889.0
5800.0 0.0 0.0 13.0 113828570.0 150698.0 0.0 60220000.0 68.0 2.0 1000.0 6460732.0
5900.0 0.0 0.0 13.0 113585102.0 145520.0 0.0 60220000.0 68.0 2.0 1000.0 6709378.0
6000.0 0.0 0.0 13.0 113344123.0 139774.0 0.0 60220000.0 66.0 2.0 1000.0 6956103.0
6100.0 0.0 0.0 13.0 113108155.0 134700.0 0.0 60220000.0 66.0 2.0 1000.0 7197145.0
6200.0 0.0 0.0 12.0 112875118.0 137580.0 0.0 60220000.0 65.0 2.0 1000.0 7427302.0
6300.0 0.0 0.0 12.0 112645257.0 142409.0 0.0 60220000.0 64.0 2.0 1000.0 7652334.0
6400.0 0.0 0.0 12.0 112416422.0 144369.0 0.0 60220000.0 64.0 2.0 1000.0 7879209.0
6500.0 0.0 0.0 12.0 112190511.0 143158.0 0.0 60220000.0 63.0 2.0 1000.0 8106331.0
6600.0 0.0 0.0 12.0 111973708.0 135667.0 0.0 60220000.0 60.0 2.0 1000.0 8330625.0
6700.0 0.0 0.0 12.0 111760478.0 129290.0 0.0 60220000.0 59.0 2.0 1000.0 8550232.0
6800.0 0.0 0.0 11.0 111549686.0 132833.0 0.0 60220000.0 59.0 2.0 1000.0 8757481.0
6900.0 0.0 0.0 9.0 111339889.0 162096.0 0.0 60220000.0 58.0 2.0 1000.0 8938015.0
7000.0 0.0 0.0 9.0 111132311.0 186999.0 0.0 60220000.0 58.0 2.0 1000.0 9120690.0
7100.0 0.0 0.0 8.0 110929209.0 206557.0 0.0 60220000.0 56.0 2.0 1000.0 9304234.0
7200.0 0.0 0.0 8.0 110731714.0 230474.0 0.0 60220000.0 55.0 2.0 1000.0 9477812.0
7300.0 0.0 0.0 8.0 110535522.0 248843.0 0.0 60220000.0 55.0 2.0 1000.0 9655635.0
7400.0 0.0 0.0 8.0 110338613.0 265905.0 0.0 60220000.0 55.0 2.0 1000.0 9835482.0
7500.0 0.0 0.0 8.0 110142919.0 278329.0 0.0 60220000.0 54.0 2.0 1000.0 10018752.0
7600.0 1.0 3.0 10.0 109926018.0 286271.0 0.0 60220000.0 71.0 2.0 1000.0 10227711.0
7700.0 0.0 0.0 15.0 109622418.0 290936.0 0.0 60220000.0 95.0 2.0 1000.0 10526646.0
7800.0 0.0 0.0 15.0 109288383.0 277966.0 0.0 60220000.0 92.0 2.0 1000.0 10873651.0
7900.0 0.0 0.0 15.0 108959921.0 263133.0 0.0 60220000.0 92.0 2.0 1000.0 11216946.0
8000.0 0.0 0.0 15.0 108635310.0 248671.0 0.0 60220000.0 90.0 2.0 1000.0 11556019.0
8100.0 0.0 0.0 14.0 108314633.0 244881.0 0.0 60220000.0 90.0 2.0 1000.0 11880486.0
8200.0 0.0 0.0 13.0 107995473.0 263467.0 0.0 60220000.0 89.0 2.0 1000.0 12181060.0
8300.0 0.0 0.0 13.0 107684765.0 277506.0 0.0 60220000.0 86.0 2.0 1000.0 12477729.0
8400.0 0.0 0.0 13.0 107377699.0 284000.0 0.0 60220000.0 86.0 2.0 1000.0 12778301.0
8500.0 1.0 2.0 15.0 107063181.0 292597.0 0.0 60220000.0 94.0 2.0 1000.0 13084222.0
8600.0 0.0 3.0 17.0 106702628.0 269404.0 0.0 60220000.0 102.0 2.0 1000.0 13467968.0
8700.0 0.0 3.0 16.0 106338108.0 265984.0 0.0 60220000.0 102.0 2.0 1000.0 13835908.0
8800.0 0.0 3.0 16.0 105976081.0 263369.0 0.0 60220000.0 101.0 2.0 1000.0 14200550.0
8900.0 0.0 3.0 16.0 105616065.0 260121.0 0.0 60220000.0 100.0 2.0 1000.0 14563814.0
9000.0 0.0 3.0 15.0 105261324.0 268150.0 0.0 60220000.0 99.0 2.0 1000.0 14910526.0
9100.0 0.0 3.0 15.0 104909329.0 276051.0 0.0 60220000.0 98.0 2.0 1000.0 15254620.0
9200.0 0.0 3.0 15.0 104566077.0 273473.0 0.0 60220000.0 95.0 2.0 1000.0 15600450.0
9300.0 0.0 3.0 15.0 104233358.0 263775.0 0.0 60220000.0 93.0 2.0 1000.0 15942867.0
9400.0 0.0 3.0 13.0 103904609.0 265524.0 0.0 60220000.0 92.0 2.0 1000.0 16269867.0
9500.0 0.0 3.0 13.0 103576285.0 293648.0 0.0 60220000.0 91.0 2.0 1000.0 16570067.0
9600.0 0.0 3.0 13.0 103253133.0 311489.0 0.0 60220000.0 89.0 2.0 1000.0 16875378.0
9700.0 0.0 3.0 13.0 102937838.0 318086.0 0.0 60220000.0 88.0 2.0 1000.0 17184076.0
9800.0 0.0 3.0 13.0 102626935.0 320034.0 0.0 60220000.0 87.0 2.0 1000.0 17493031.0
9900.0 0.0 3.0 12.0 102316569.0 320986.0 0.0 60220000.0 86.0 2.0 1000.0 17802445.0
10000.0 0.0 3.0 12.0 102014513.0 336341.0 0.0 60220000.0 84.0 2.0 1000.0 18089146.0
10100.0 0.0 3.0 12.0 101719219.0 343508.0 0.0 60220000.0 81.0 2.0 1000.0 18377273.0
10200.0 0.0 3.0 12.0 101430284.0 343330.0 0.0 60220000.0 81.0 2.0 1000.0 18666386.0
10300.0 0.0 3.0 12.0 101145618.0 340514.0 0.0 60220000.0 79.0 2.0 1000.0 18953868.0
10400.0 0.0 3.0 11.0 100865674.0 337257.0 0.0 60220000.0 78.0 2.0 1000.0 19237069.0
10500.0 0.0 3.0 10.0 100589029.0 363532.0 0.0 60220000.0 77.0 2.0 1000.0 19487439.0
10600.0 0.0 3.0 10.0 100315003.0 392363.0 0.0 60220000.0 76.0 2.0 1000.0 19732634.0
10700.0 0.0 3.0 10.0 100049365.0 410343.0 0.0 60220000.0 74.0 2.0 1000.0 19980292.0
10800.0 0.0 3.0 10.0 99785622.0 424337.0 0.0 60220000.0 73.0 2.0 1000.0 20230041.0
10900.0 0.0 3.0 9.0 99525875.0 436736.0 0.0 60220000.0 71.0 2.0 1000.0 20477389.0
11000.0 0.0 3.0 9.0 99272272.0 463300.0 0.0 60220000.0 71.0 2.0 1000.0 20704428.0
11100.0 0.0 3.0 9.0 99022972.0 483049.0 0.0 60220000.0 70.0 2.0 1000.0 20933979.0
11200.0 0.0 3.0 9.0 98772807.0 502371.0 0.0 60220000.0 70.0 2.0 1000.0 21164822.0
11300.0 0.0 3.0 9.0 98523145.0 520231.0 0.0 60220000.0 70.0 2.0 1000.0 21396624.0
11400.0 0.0 3.0 8.0 98273160.0 542698.0 0.0 60220000.0 70.0 2.0 1000.0 21624142.0
11500.0 0.0 3.0 8.0 98025545.0 581160.0 0.0 60220000.0 69.0 2.0 1000.0 21833295.0
11600.0 0.0 3.0 8.0 97782955.0 613409.0 0.0 60220000.0 68.0 2.0 1000.0 22043636.0
11700.0 0.0 3.0 8.0 97543316.0 640694.0 0.0 60220000.0 66.0 2.0 1000.0 22255990.0
11800.0 0.0 3.0 8.0 97307829.0 662935.0 0.0 60220000.0 66.0 2.0 1000.0 22469236.0
11900.0 0.0 3.0 8.0 97072225.0 684413.0 0.0 60220000.0 66.0 2.0 1000.0 22683362.0
12000.0 0.0 3.0 8.0 96842733.0 699718.0 0.0 60220000.0 64.0 2.0 1000.0 22897549.0
12100.0 0.0 3.0 8.0 96615170.0 713536.0 0.0 60220000.0 64.0 2.0 1000.0 23111294.0
12200.0 0.0 3.0 7.0 96392184.0 744456.0 0.0 60220000.0 62.0 2.0 1000.0 23303360.0
12300.0 0.0 3.0 7.0 96172757.0 775173.0 0.0 60220000.0 61.0 2.0 1000.0 23492070.0
12400.0 0.0 3.0 7.0 95955445.0 803373.0 0.0 60220000.0 61.0 2.0 1000.0 23681182.0
12500.0 0.0 3.0 6.0 95741497.0 826930.0 0.0 60220000.0 60.0 2.0 1000.0 23871573.0
12600.0 0.0 3.0 6.0 95527558.0 876991.0 0.0 60220000.0 60.0 2.0 1000.0 24035451.0
12700.0 0.0 3.0 6.0 95320157.0 919744.0 0.0 60220000.0 58.0 2.0 1000.0 24200099.0
12800.0 0.0 3.0 6.0 95116951.0 957550.0 0.0 60220000.0 57.0 2.0 1000.0 24365499.0
12900.0 0.0 3.0 6.0 94917248.0 991711.0 0.0 60220000.0 56.0 2.0 1000.0 24531041.0
13000.0 0.0 3.0 6.0 94719036.0 1022983.0 0.0 60220000.0 55.0 2.0 1000.0 24697981.0
13100.0 0.0 3.0 6.0 94524628.0 1050344.0 0.0 60220000.0 53.0 2.0 1000.0 24865028.0
13200.0 0.0 3.0 6.0 94335784.0 1071909.0 0.0 60220000.0 52.0 2.0 1000.0 25032307.0
13300.0 0.0 3.0 6.0 94151799.0 1088748.0 0.0 60220000.0 51.0 2.0 1000.0 25199453.0
13400.0 0.0 3.0 6.0 93973607.0 1100673.0 0.0 60220000.0 49.0 2.0 1000.0 25365720.0
13500.0 0.0 3.0 6.0 93799070.0 1107877.0 0.0 60220000.0 49.0 2.0 1000.0 25533053.0
13600.0 0.0 3.0 6.0 93624393.0 1114841.0 0.0 60220000.0 49.0 2.0 1000.0 25700766.0
13700.0 0.0 3.0 6.0 93451605.0 1119974.0 0.0 60220000.0 48.0 2.0 1000.0 25868421.0
13800.0 0.0 3.0 5.0 93280479.0 1125571.0 0.0 60220000.0 48.0 2.0 1000.0 26033950.0
13900.0 0.0 3.0 5.0 93110742.0 1154990.0 0.0 60220000.0 47.0 2.0 1000.0 26174268.0
14000.0 0.0 3.0 5.0 92946126.0 1179703.0 0.0 60220000.0 46.0 2.0 1000.0 26314171.0
14100.0 1.0 1.0 8.0 92741611.0 1211816.0 0.0 60220000.0 69.0 2.0 1000.0 26486573.0
14200.0 0.0 0.0 9.0 92484122.0 1227613.0 0.0 60220000.0 72.0 2.0 1000.0 26728265.0
14300.0 0.0 0.0 9.0 92228033.0 1230423.0 0.0 60220000.0 72.0 2.0 1000.0 26981544.0
14400.0 0.0 0.0 9.0 91973431.0 1232423.0 0.0 60220000.0 71.0 2.0 1000.0 27234146.0
14500.0 0.0 0.0 9.0 91720662.0 1232764.0 0.0 60220000.0 70.0 2.0 1000.0 27486574.0
14600.0 0.0 0.0 8.0 91471761.0 1255962.0 0.0 60220000.0 70.0 2.0 1000.0 27712277.0
14700.0 0.0 0.0 7.0 91223279.0 1298817.0 0.0 60220000.0 70.0 2.0 1000.0 27917904.0
14800.0 0.0 3.0 8.0 90961982.0 1354515.0 0.0 60220000.0 78.0 2.0 1000.0 28123503.0
14900.0 0.0 3.0 8.0 90684107.0 1405210.0 0.0 60220000.0 77.0 2.0 1000.0 28350683.0
15000.0 0.0 3.0 8.0 90410692.0 1451638.0 0.0 60220000.0 77.0 2.0 1000.0 28577670.0
15100.0 0.0 3.0 8.0 90136413.0 1498464.0 0.0 60220000.0 76.0 2.0 1000.0 28805123.0
15200.0 0.0 3.0 8.0 89866954.0 1540594.0 0.0 60220000.0 75.0 2.0 1000.0 29032452.0
15300.0 1.0 1.0 9.0 89599895.0 1573200.0 0.0 60220000.0 78.0 2.0 1000.0 29266905.0
15400.0 0.0 3.0 11.0 89289186.0 1581547.0 0.0 60220000.0 89.0 2.0 1000.0 29569267.0
15500.0 0.0 3.0 11.0 88972473.0 1585085.0 0.0 60220000.0 89.0 2.0 1000.0 29882442.0
15600.0 0.0 3.0 10.0 88658540.0 1587881.0 0.0 60220000.0 87.0 2.0 1000.0 30193579.0
15700.0 0.0 3.0 10.0 88349209.0 1610780.0 0.0 60220000.0 87.0 2.0 1000.0 30480011.0
15800.0 0.0 3.0 10.0 88043291.0 1632743.0 0.0 60220000.0 86.0 2.0 1000.0 30763966.0
15900.0 0.0 3.0 10.0 87742067.0 1648252.0 0.0 60220000.0 84.0 2.0 1000.0 31049681.0
16000.0 0.0 3.0 10.0 87445006.0 1660473.0 0.0 60220000.0 83.0 2.0 1000.0 31334521.0
16100.0 0.0 3.0 10.0 87149780.0 1669810.0 0.0 60220000.0 82.0 2.0 1000.0 31620410.0
16200.0 0.0 3.0 10.0 86859294.0 1675552.0 0.0 60220000.0 81.0 2.0 1000.0 31905154.0
16300.0 0.0 3.0 9.0 86576662.0 1685514.0 0.0 60220000.0 79.0 2.0 1000.0 32177824.0
16400.0 0.0 3.0 9.0 86296146.0 1709351.0 0.0 60220000.0 79.0 2.0 1000.0 32434503.0
16500.0 0.0 3.0 9.0 86022295.0 1725298.0 0.0 60220000.0 74.0 2.0 1000.0 32692407.0
16600.0 0.0 3.0 9.0 85759631.0 1730156.0 0.0 60220000.0 73.0 2.0 1000.0 32950213.0
16700.0 0.0 3.0 9.0 85503704.0 1729111.0 0.0 60220000.0 72.0 2.0 1000.0 33207185.0
16800.0 0.0 3.0 9.0 85253432.0 1721483.0 0.0 60220000.0 68.0 2.0 1000.0 33465085.0
16900.0 0.0 3.0 9.0 85014036.0 1702314.0 0.0 60220000.0 67.0 2.0 1000.0 33723650.0
17000.0 0.0 3.0 9.0 84776255.0 1683718.0 0.0 60220000.0 67.0 2.0 1000.0 33980027.0
17100.0 0.0 3.0 9.0 84538295.0 1665225.0 0.0 60220000.0 66.0 2.0 1000.0 34236480.0
17200.0 0.0 3.0 9.0 84306302.0 1640736.0 0.0 60220000.0 65.0 2.0 1000.0 34492962.0
17300.0 0.0 3.0 9.0 84075498.0 1614185.0 0.0 60220000.0 65.0 2.0 1000.0 34750317.0
17400.0 1.0 2.0 10.0 83848646.0 1580853.0 0.0 60220000.0 66.0 2.0 1000.0 35010501.0
17500.0 0.0 1.0 11.0 83605593.0 1511722.0 0.0 60220000.0 68.0 2.0 1000.0 35322685.0
17600.0 0.0 1.0 11.0 83363717.0 1441790.0 0.0 60220000.0 68.0 2.0 1000.0 35634493.0
17700.0 0.0 1.0 11.0 83122988.0 1371173.0 0.0 60220000.0 67.0 2.0 1000.0 35945839.0
17800.0 0.0 1.0 10.0 82884773.0 1306348.0 0.0 60220000.0 67.0 2.0 1000.0 36248879.0
17900.0 0.0 1.0 9.0 82657141.0 1273762.0 0.0 60220000.0 62.0 2.0 1000.0 36509097.0
18000.0 0.0 1.0 9.0 82435616.0 1242578.0 0.0 60220000.0 62.0 2.0 1000.0 36761806.0
18100.0 0.0 1.0 9.0 82214680.0 1210387.0 0.0 60220000.0 62.0 2.0 1000.0 37014933.0
18200.0 0.0 1.0 9.0 81995010.0 1177692.0 0.0 60220000.0 60.0 2.0 1000.0 37267298.0
18300.0 0.0 1.0 9.0 81781478.0 1139174.0 0.0 60220000.0 59.0 2.0 1000.0 37519348.0
18400.0 0.0 1.0 9.0 81574057.0 1095302.0 0.0 60220000.0 57.0 2.0 1000.0 37770641.0
18500.0 0.0 1.0 9.0 81370963.0 1048068.0 0.0 60220000.0 57.0 2.0 1000.0 38020969.0
18600.0 0.0 1.0 9.0 81169006.0 1000321.0 0.0 60220000.0 56.0 2.0 1000.0 38270673.0
18700.0 0.0 1.0 9.0 80970119.0 950218.0 0.0 60220000.0 56.0 2.0 1000.0 38519663.0
18800.0 0.0 1.0 9.0 80770553.0 901389.0 0.0 60220000.0 55.0 2.0 1000.0 38768058.0
18900.0 0.0 1.0 9.0 80576336.0 849394.0 0.0 60220000.0 54.0 2.0 1000.0 39014270.0
19000.0 0.0 1.0 9.0 80390275.0 790472.0 0.0 60220000.0 52.0 2.0 1000.0 39259253.0
19100.0 0.0 1.0 9.0 80212453.0 725728.0 0.0 60220000.0 49.0 2.0 1000.0 39501819.0
19200.0 0.0 1.0 9.0 80040158.0 657974.0 0.0 60220000.0 48.0 2.0 1000.0 39741868.0
19300.0 0.0 1.0 9.0 79869607.0 591017.0 0.0 60220000.0 48.0 2.0 1000.0 39979376.0
19400.0 0.0 1.0 9.0 79698600.0 528197.0 0.0 60220000.0 48.0 2.0 1000.0 40213203.0
19500.0 0.0 1.0 9.0 79529253.0 467159.0 0.0 60220000.0 47.0 2.0 1000.0 40443588.0
19600.0 0.0 1.0 9.0 79364672.0 406447.0 0.0 60220000.0 46.0 2.0 1000.0 40668881.0
19700.0 0.0 1.0 9.0 79203092.0 348023.0 0.0 60220000.0 45.0 2.0 1000.0 40888885.0
19800.0 0.0 1.0 9.0 79048261.0 289175.0 0.0 60220000.0 43.0 2.0 1000.0 41102564.0
19900.0 0.0 1.0 9.0 78895161.0 237983.0 0.0 60220000.0 42.0 2.0 1000.0 41306856.0
