time rna_M monomer_betaGal protein_betaGal Lactose_external Lactose_internal Glucose_external Glucose_internal protein_Lactose_Permease dna_Lac_Operon Biomass Lactose_consumed
0.0 0.0 0.0 0.0 120440000.0 0.0 60220000.0 0.0 0.0 2.0 1000.0 0.0
100.0 0.0 0.0 0.0 120440000.0 0.0 30125723.0 30094277.0 0.0 2.0 1000.0 0.0
200.0 0.0 0.0 0.0 120440000.0 0.0 78392.0 60141608.0 0.0 2.0 1000.0 0.0
300.0 0.0 0.0 0.0 120440000.0 0.0 0.0 60220000.0 0.0 2.0 1000.0 0.0
400.0 0.0 0.0 0.0 120440000.0 0.0 0.0 60220000.0 0.0 2.0 1000.0 0.0
500.0 0.0 0.0 0.0 120440000.0 0.0 0.0 60220000.0 0.0 2.0 1000.0 0.0
600.0 0.0 0.0 0.0 120440000.0 0.0 0.0 60220000.0 0.0 2.0 1000.0 0.0
700.0 0.0 0.0 0.0 120440000.0 0.0 0.0 60220000.0 0.0 2.0 1000.0 0.0
800.0 0.0 0.0 0.0 120440000.0 0.0 0.0 60220000.0 0.0 2.0 1000.0 0.0
900.0 0.0 0.0 0.0 120440000.0 0.0 0.0 60220000.0 0.0 2.0 1000.0 0.0
1000.0 0.0 0.0 0.0 120440000.0 0.0 0.0 60220000.0 0.0 2.0 1000.0 0.0
1100.0 0.0 0.0 0.0 120440000.0 0.0 0.0 60220000.0 0.0 2.0 1000.0 0.0
1200.0 0.0 0.0 0.0 120440000.0 0.0 0.0 60220000.0 0.0 2.0 1000.0 0.0
1300.0 0.0 0.0 0.0 120440000.0 0.0 0.0 60220000.0 0.0 2.0 1000.0 0.0
1400.0 0.0 0.0 0.0 120440000.0 0.0 0.0 60220000.0 0.0 2.0 1000.0 0.0
1500.0 0.0 0.0 0.0 120440000.0 0.0 0.0 60220000.0 0.0 2.0 1000.0 0.0
1600.0 0.0 0.0 0.0 120440000.0 0.0 0.0 60220000.0 0.0 2.0 1000.0 0.0
1700.0 0.0 0.0 0.0 120440000.0 0.0 0.0 60220000.0 0.0 2.0 1000.0 0.0
1800.0 0.0 0.0 0.0 120440000.0 0.0 0.0 60220000.0 0.0 2.0 1000.0 0.0
1900.0 0.0 0.0 0.0 120440000.0 0.0 0.0 60220000.0 0.0 2.0 1000.0 0.0
2000.0 0.0 0.0 0.0 120440000.0 0.0 0.0 60220000.0 0.0 2.0 1000.0 0.0
2100.0 0.0 0.0 0.0 120440000.0 0.0 0.0 60220000.0 0.0 2.0 1000.0 0.0
2200.0 0.0 0.0 0.0 120440000.0 0.0 0.0 60220000.0 0.0 2.0 1000.0 0.0
2300.0 0.0 0.0 0.0 120440000.0 0.0 0.0 60220000.0 0.0 2.0 1000.0 0.0
2400.0 1.0 0.0 5.0 120388507.0 38910.0 0.0 60220000.0 35.0 2.0 1000.0 12583.0
2500.0 1.0 1.0 10.0 120230758.0 98935.0 0.0 60220000.0 55.0 2.0 1000.0 110307.0
2600.0 1.0 3.0 13.0 119988551.0 137877.0 0.0 60220000.0 79.0 2.0 1000.0 313572.0
2700.0 0.0 1.0 17.0 119659121.0 162112.0 0.0 60220000.0 101.0 2.0 1000.0 618767.0
2800.0 0.0 1.0 17.0 119299854.0 179060.0 0.0 60220000.0 100.0 2.0 1000.0 961086.0
2900.0 0.0 1.0 17.0 118942509.0 187534.0 0.0 60220000.0 100.0 2.0 1000.0 1309957.0
3000.0 0.0 1.0 17.0 118587179.0 189297.0 0.0 60220000.0 99.0 2.0 1000.0 1663524.0
3100.0 0.0 1.0 17.0 118241063.0 183766.0 0.0 60220000.0 95.0 2.0 1000.0 2015171.0
3200.0 0.0 1.0 17.0 117904384.0 173743.0 0.0 60220000.0 94.0 2.0 1000.0 2361873.0
3300.0 0.0 1.0 17.0 117570032.0 166974.0 0.0 60220000.0 93.0 2.0 1000.0 2702994.0
3400.0 0.0 1.0 16.0 117243953.0 169144.0 0.0 60220000.0 91.0 2.0 1000.0 3026903.0
3500.0 0.0 1.0 14.0 116920444.0 191623.0 0.0 60220000.0 90.0 2.0 1000.0 3327933.0
3600.0 0.0 1.0 14.0 116601101.0 213667.0 0.0 60220000.0 88.0 2.0 1000.0 3625232.0
3700.0 0.0 1.0 14.0 116291399.0 220832.0 0.0 60220000.0 86.0 2.0 1000.0 3927769.0
3800.0 0.0 1.0 13.0 115984744.0 230533.0 0.0 60220000.0 86.0 2.0 1000.0 4224723.0
3900.0 0.0 1.0 13.0 115683412.0 243532.0 0.0 60220000.0 83.0 2.0 1000.0 4513056.0
4000.0 0.0 1.0 13.0 115389295.0 247253.0 0.0 60220000.0 81.0 2.0 1000.0 4803452.0
4100.0 0.0 1.0 12.0 115098988.0 260579.0 0.0 60220000.0 81.0 2.0 1000.0 5080433.0
4200.0 0.0 1.0 12.0 114811827.0 273356.0 0.0 60220000.0 80.0 2.0 1000.0 5354817.0
4300.0 0.0 1.0 12.0 114532448.0 276631.0 0.0 60220000.0 77.0 2.0 1000.0 5630921.0
4400.0 0.0 1.0 12.0 114261435.0 271975.0 0.0 60220000.0 76.0 2.0 1000.0 5906590.0
4500.0 0.0 1.0 12.0 113988410.0 269942.0 0.0 60220000.0 76.0 2.0 1000.0 6181648.0
4600.0 0.0 1.0 12.0 113723095.0 262016.0 0.0 60220000.0 72.0 2.0 1000.0 6454889.0
4700.0 0.0 1.0 12.0 113470708.0 244546.0 0.0 60220000.0 70.0 2.0 1000.0 6724746.0
4800.0 0.0 1.0 12.0 113222851.0 226487.0 0.0 60220000.0 68.0 2.0 1000.0 6990662.0
4900.0 0.0 1.0 12.0 112981420.0 208450.0 0.0 60220000.0 67.0 2.0 1000.0 7250130.0
5000.0 0.0 1.0 12.0 112744684.0 191936.0 0.0 60220000.0 65.0 2.0 1000.0 7503380.0
5100.0 0.0 1.0 12.0 112517310.0 172397.0 0.0 60220000.0 62.0 2.0 1000.0 7750293.0
5200.0 0.0 1.0 11.0 112297945.0 163128.0 0.0 60220000.0 61.0 2.0 1000.0 7978927.0
5300.0 0.0 1.0 11.0 112080690.0 163281.0 0.0 60220000.0 61.0 2.0 1000.0 8196029.0
5400.0 0.0 1.0 11.0 111866867.0 159180.0 0.0 60220000.0 59.0 2.0 1000.0 8413953.0
5500.0 0.0 1.0 11.0 111660550.0 151889.0 0.0 60220000.0 57.0 2.0 1000.0 8627561.0
5600.0 0.0 1.0 11.0 111457751.0 144123.0 0.0 60220000.0 55.0 2.0 1000.0 8838126.0
5700.0 0.0 1.0 10.0 111262159.0 141072.0 0.0 60220000.0 54.0 2.0 1000.0 9036769.0
5800.0 0.0 1.0 10.0 111072273.0 142242.0 0.0 60220000.0 52.0 2.0 1000.0 9225485.0
5900.0 0.0 1.0 10.0 110885900.0 140787.0 0.0 60220000.0 52.0 2.0 1000.0 9413313.0
6000.0 0.0 1.0 10.0 110699926.0 139067.0 0.0 60220000.0 52.0 2.0 1000.0 9601007.0
6100.0 0.0 1.0 10.0 110514056.0 138011.0 0.0 60220000.0 52.0 2.0 1000.0 9787933.0
6200.0 0.0 1.0 10.0 110328195.0 137236.0 0.0 60220000.0 52.0 2.0 1000.0 9974569.0
6300.0 0.0 1.0 12.0 110102461.0 150117.0 0.0 60220000.0 69.0 2.0 1000.0 10187422.0
6400.0 0.0 1.0 11.0 109858263.0 169342.0 0.0 60220000.0 68.0 2.0 1000.0 10412395.0
6500.0 0.0 1.0 11.0 109619617.0 183505.0 0.0 60220000.0 64.0 2.0 1000.0 10636878.0
6600.0 0.0 1.0 11.0 109397080.0 179951.0 0.0 60220000.0 60.0 2.0 1000.0 10862969.0
6700.0 0.0 1.0 11.0 109184944.0 169887.0 0.0 60220000.0 59.0 2.0 1000.0 11085169.0
6800.0 0.0 1.0 11.0 108974664.0 161595.0 0.0 60220000.0 59.0 2.0 1000.0 11303741.0
6900.0 0.0 1.0 10.0 108768343.0 162877.0 0.0 60220000.0 56.0 2.0 1000.0 11508780.0
7000.0 0.0 1.0 10.0 108568059.0 164430.0 0.0 60220000.0 56.0 2.0 1000.0 11707511.0
7100.0 1.0 0.0 11.0 108370435.0 162603.0 0.0 60220000.0 56.0 2.0 1000.0 11906962.0
7200.0 0.0 0.0 10.0 108172750.0 151363.0 0.0 60220000.0 55.0 2.0 1000.0 12115887.0
7300.0 0.0 0.0 9.0 107979290.0 160696.0 0.0 60220000.0 53.0 2.0 1000.0 12300014.0
7400.0 0.0 0.0 9.0 107789961.0 170863.0 0.0 60220000.0 53.0 2.0 1000.0 12479176.0
7500.0 0.0 0.0 9.0 107602376.0 176901.0 0.0 60220000.0 52.0 2.0 1000.0 12660723.0
7600.0 0.0 0.0 9.0 107416032.0 180011.0 0.0 60220000.0 52.0 2.0 1000.0 12843957.0
7700.0 0.0 0.0 8.0 107231821.0 188719.0 0.0 60220000.0 51.0 2.0 1000.0 13019460.0
7800.0 0.0 0.0 7.0 107052004.0 205281.0 0.0 60220000.0 50.0 2.0 1000.0 13182715.0
7900.0 0.0 0.0 7.0 106875841.0 229683.0 0.0 60220000.0 49.0 2.0 1000.0 13334476.0
8000.0 0.0 0.0 7.0 106702984.0 247436.0 0.0 60220000.0 47.0 2.0 1000.0 13489580.0
8100.0 0.0 0.0 7.0 106536185.0 256923.0 0.0 60220000.0 46.0 2.0 1000.0 13646892.0
8200.0 0.0 0.0 7.0 106374178.0 260457.0 0.0 60220000.0 45.0 2.0 1000.0 13805365.0
8300.0 0.0 0.0 7.0 106214324.0 261491.0 0.0 60220000.0 44.0 2.0 1000.0 13964185.0
8400.0 0.0 0.0 7.0 106060305.0 256615.0 0.0 60220000.0 43.0 2.0 1000.0 14123080.0
8500.0 0.0 0.0 7.0 105910780.0 248706.0 0.0 60220000.0 41.0 2.0 1000.0 14280514.0
8600.0 0.0 0.0 7.0 105764849.0 239027.0 0.0 60220000.0 41.0 2.0 1000.0 14436124.0
8700.0 0.0 0.0 7.0 105623130.0 226088.0 0.0 60220000.0 39.0 2.0 1000.0 14590782.0
8800.0 0.0 0.0 7.0 105485638.0 211571.0 0.0 60220000.0 38.0 2.0 1000.0 14742791.0
8900.0 0.0 0.0 7.0 105349757.0 198908.0 0.0 60220000.0 38.0 2.0 1000.0 14891335.0
9000.0 0.0 0.0 7.0 105217401.0 185278.0 0.0 60220000.0 37.0 2.0 1000.0 15037321.0
9100.0 0.0 0.0 7.0 105087662.0 172109.0 0.0 60220000.0 36.0 2.0 1000.0 15180229.0
9200.0 0.0 0.0 7.0 104962602.0 158433.0 0.0 60220000.0 35.0 2.0 1000.0 15318965.0
9300.0 0.0 0.0 7.0 104837578.0 147716.0 0.0 60220000.0 35.0 2.0 1000.0 15454706.0
9400.0 0.0 0.0 7.0 104712701.0 139921.0 0.0 60220000.0 35.0 2.0 1000.0 15587378.0
9500.0 0.0 0.0 7.0 104587786.0 134501.0 0.0 60220000.0 35.0 2.0 1000.0 15717713.0
9600.0 0.0 0.0 7.0 104464941.0 128801.0 0.0 60220000.0 33.0 2.0 1000.0 15846258.0
9700.0 0.0 0.0 7.0 104348752.0 119939.0 0.0 60220000.0 32.0 2.0 1000.0 15971309.0
9800.0 0.0 0.0 7.0 104237464.0 109538.0 0.0 60220000.0 30.0 2.0 1000.0 16092998.0
9900.0 0.0 0.0 7.0 104131519.0 99481.0 0.0 60220000.0 29.0 2.0 1000.0 16209000.0
10000.0 0.0 0.0 7.0 104029061.0 90413.0 0.0 60220000.0 28.0 2.0 1000.0 16320526.0
10100.0 0.0 0.0 8.0 103924961.0 81565.0 0.0 60220000.0 31.0 2.0 1000.0 16433474.0
10200.0 0.0 0.0 8.0 103814744.0 76190.0 0.0 60220000.0 31.0 2.0 1000.0 16549066.0
10300.0 0.0 0.0 8.0 103704302.0 74016.0 0.0 60220000.0 30.0 2.0 1000.0 16661682.0
10400.0 0.0 0.0 8.0 103598901.0 69316.0 0.0 60220000.0 28.0 2.0 1000.0 16771783.0
10500.0 0.0 0.0 8.0 103498506.0 64028.0 0.0 60220000.0 28.0 2.0 1000.0 16877466.0
10600.0 0.0 0.0 8.0 103397917.0 61606.0 0.0 60220000.0 28.0 2.0 1000.0 16980477.0
10700.0 0.0 0.0 8.0 103297467.0 60827.0 0.0 60220000.0 28.0 2.0 1000.0 17081706.0
10800.0 0.0 0.0 8.0 103198452.0 59618.0 0.0 60220000.0 27.0 2.0 1000.0 17181930.0
10900.0 0.0 0.0 8.0 103103412.0 56436.0 0.0 60220000.0 26.0 2.0 1000.0 17280152.0
11000.0 0.0 0.0 8.0 103010566.0 54064.0 0.0 60220000.0 26.0 2.0 1000.0 17375370.0
11100.0 0.0 0.0 8.0 102919918.0 52034.0 0.0 60220000.0 25.0 2.0 1000.0 17468048.0
11200.0 0.0 0.0 8.0 102831200.0 50181.0 0.0 60220000.0 24.0 2.0 1000.0 17558619.0
11300.0 0.0 0.0 8.0 102745759.0 48045.0 0.0 60220000.0 24.0 2.0 1000.0 17646196.0
11400.0 0.0 0.0 8.0 102660627.0 46312.0 0.0 60220000.0 23.0 2.0 1000.0 17733061.0
11500.0 0.0 0.0 7.0 102578617.0 48888.0 0.0 60220000.0 23.0 2.0 1000.0 17812495.0
11600.0 0.0 0.0 7.0 102495362.0 52869.0 0.0 60220000.0 23.0 2.0 1000.0 17891769.0
11700.0 0.0 0.0 7.0 102416513.0 51400.0 0.0 60220000.0 22.0 2.0 1000.0 17972087.0
11800.0 0.0 0.0 7.0 102337785.0 50575.0 0.0 60220000.0 22.0 2.0 1000.0 18051640.0
11900.0 0.0 0.0 6.0 102260558.0 56280.0 0.0 60220000.0 21.0 2.0 1000.0 18123162.0
12000.0 0.0 0.0 6.0 102185475.0 58243.0 0.0 60220000.0 21.0 2.0 1000.0 18196282.0
12100.0 0.0 0.0 6.0 102110347.0 59909.0 0.0 60220000.0 21.0 2.0 1000.0 18269744.0
12200.0 0.0 0.0 6.0 102035136.0 60282.0 0.0 60220000.0 21.0 2.0 1000.0 18344582.0
12300.0 0.0 0.0 6.0 101963624.0 57613.0 0.0 60220000.0 19.0 2.0 1000.0 18418763.0
12400.0 0.0 0.0 6.0 101895695.0 54542.0 0.0 60220000.0 19.0 2.0 1000.0 18489763.0
12500.0 0.0 0.0 6.0 101827563.0 52790.0 0.0 60220000.0 19.0 2.0 1000.0 18559647.0
12600.0 0.0 0.0 6.0 101760508.0 51124.0 0.0 60220000.0 18.0 2.0 1000.0 18628368.0
12700.0 0.0 0.0 6.0 101696141.0 48775.0 0.0 60220000.0 18.0 2.0 1000.0 18695084.0
12800.0 0.0 0.0 6.0 101631657.0 47826.0 0.0 60220000.0 18.0 2.0 1000.0 18760517.0
12900.0 0.0 0.0 6.0 101571075.0 44933.0 0.0 60220000.0 16.0 2.0 1000.0 18823992.0
13000.0 0.0 0.0 6.0 101513979.0 41623.0 0.0 60220000.0 16.0 2.0 1000.0 18884398.0
13100.0 0.0 0.0 6.0 101456756.0 40087.0 0.0 60220000.0 16.0 2.0 1000.0 18943157.0
13200.0 0.0 0.0 6.0 101399327.0 39835.0 0.0 60220000.0 16.0 2.0 1000.0 19000838.0
13300.0 0.0 0.0 6.0 101341991.0 39407.0 0.0 60220000.0 16.0 2.0 1000.0 19058602.0
13400.0 1.0 2.0 6.0 101279571.0 44275.0 0.0 60220000.0 27.0 2.0 1000.0 19116154.0
13500.0 0.0 3.0 10.0 101142182.0 75858.0 0.0 60220000.0 48.0 2.0 1000.0 19221960.0
13600.0 0.0 3.0 10.0 100970003.0 95637.0 0.0 60220000.0 48.0 2.0 1000.0 19374360.0
13700.0 0.0 3.0 10.0 100798614.0 104255.0 0.0 60220000.0 48.0 2.0 1000.0 19537131.0
13800.0 0.0 3.0 10.0 100627314.0 107274.0 0.0 60220000.0 47.0 2.0 1000.0 19705412.0
13900.0 0.0 3.0 10.0 100459732.0 106269.0 0.0 60220000.0 47.0 2.0 1000.0 19873999.0
14000.0 0.0 3.0 10.0 100290770.0 107736.0 0.0 60220000.0 47.0 2.0 1000.0 20041494.0
14100.0 0.0 3.0 10.0 100123912.0 106324.0 0.0 60220000.0 46.0 2.0 1000.0 20209764.0
14200.0 0.0 3.0 10.0 99959931.0 103778.0 0.0 60220000.0 46.0 2.0 1000.0 20376291.0
14300.0 0.0 3.0 10.0 99795854.0 102419.0 0.0 60220000.0 46.0 2.0 1000.0 20541727.0
14400.0 1.0 1.0 12.0 99606787.0 113970.0 0.0 60220000.0 67.0 2.0 1000.0 20719243.0
14500.0 1.0 0.0 14.0 99315558.0 172084.0 0.0 60220000.0 97.0 2.0 1000.0 20952358.0
14600.0 0.0 0.0 14.0 98968745.0 223357.0 0.0 60220000.0 96.0 2.0 1000.0 21247898.0
14700.0 0.0 0.0 14.0 98626016.0 255147.0 0.0 60220000.0 96.0 2.0 1000.0 21558837.0
14800.0 0.0 0.0 14.0 98283366.0 278253.0 0.0 60220000.0 94.0 2.0 1000.0 21878381.0
14900.0 0.0 0.0 14.0 97953516.0 284320.0 0.0 60220000.0 92.0 2.0 1000.0 22202164.0
15000.0 0.0 0.0 13.0 97632248.0 284456.0 0.0 60220000.0 89.0 2.0 1000.0 22523296.0
15100.0 0.0 0.0 12.0 97314844.0 315507.0 0.0 60220000.0 89.0 2.0 1000.0 22809649.0
15200.0 0.0 0.0 12.0 97001007.0 342549.0 0.0 60220000.0 87.0 2.0 1000.0 23096444.0
15300.0 0.0 0.0 12.0 96693755.0 359594.0 0.0 60220000.0 86.0 2.0 1000.0 23386651.0
15400.0 0.0 0.0 11.0 96388670.0 394869.0 0.0 60220000.0 85.0 2.0 1000.0 23656461.0
15500.0 0.0 0.0 11.0 96091077.0 418941.0 0.0 60220000.0 82.0 2.0 1000.0 23929982.0
15600.0 0.0 0.0 11.0 95799259.0 434675.0 0.0 60220000.0 80.0 2.0 1000.0 24206066.0
15700.0 0.0 0.0 10.0 95513015.0 460824.0 0.0 60220000.0 80.0 2.0 1000.0 24466161.0
15800.0 0.0 0.0 10.0 95231819.0 487531.0 0.0 60220000.0 78.0 2.0 1000.0 24720650.0
15900.0 0.0 0.0 10.0 94959327.0 503800.0 0.0 60220000.0 74.0 2.0 1000.0 24976873.0
16000.0 0.0 0.0 10.0 94695013.0 510543.0 0.0 60220000.0 74.0 2.0 1000.0 25234444.0
16100.0 0.0 0.0 10.0 94432311.0 515884.0 0.0 60220000.0 73.0 2.0 1000.0 25491805.0
16200.0 0.0 0.0 10.0 94174206.0 516026.0 0.0 60220000.0 70.0 2.0 1000.0 25749768.0
16300.0 0.0 0.0 10.0 93924373.0 508853.0 0.0 60220000.0 70.0 2.0 1000.0 26006774.0
16400.0 0.0 0.0 10.0 93674909.0 501719.0 0.0 60220000.0 70.0 2.0 1000.0 26263372.0
16500.0 0.0 0.0 9.0 93425260.0 502989.0 0.0 60220000.0 69.0 2.0 1000.0 26511751.0
16600.0 0.0 0.0 8.0 93181620.0 517582.0 0.0 60220000.0 68.0 2.0 1000.0 26740798.0
16700.0 0.0 0.0 8.0 92939453.0 552158.0 0.0 60220000.0 68.0 2.0 1000.0 26948389.0
16800.0 0.0 0.0 8.0 92698682.0 584283.0 0.0 60220000.0 67.0 2.0 1000.0 27157035.0
16900.0 0.0 0.0 8.0 92459078.0 613764.0 0.0 60220000.0 66.0 2.0 1000.0 27367158.0
17000.0 0.0 0.0 8.0 92228446.0 632532.0 0.0 60220000.0 64.0 2.0 1000.0 27579022.0
17100.0 0.0 0.0 8.0 91999975.0 648903.0 0.0 60220000.0 63.0 2.0 1000.0 27791122.0
17200.0 0.0 0.0 7.0 91776867.0 662372.0 0.0 60220000.0 61.0 2.0 1000.0 28000761.0
17300.0 0.0 0.0 6.0 91559497.0 703044.0 0.0 60220000.0 61.0 2.0 1000.0 28177459.0
17400.0 0.0 0.0 6.0 91343813.0 757328.0 0.0 60220000.0 60.0 2.0 1000.0 28338859.0
17500.0 0.0 0.0 6.0 91130662.0 807831.0 0.0 60220000.0 59.0 2.0 1000.0 28501507.0
17600.0 0.0 0.0 5.0 90922481.0 863570.0 0.0 60220000.0 58.0 2.0 1000.0 28653949.0
17700.0 0.0 0.0 5.0 90718042.0 930771.0 0.0 60220000.0 57.0 2.0 1000.0 28791187.0
17800.0 0.0 0.0 4.0 90522131.0 1012570.0 0.0 60220000.0 53.0 2.0 1000.0 28905299.0
17900.0 0.0 0.0 4.0 90333132.0 1090228.0 0.0 60220000.0 53.0 2.0 1000.0 29016640.0
18000.0 0.0 0.0 4.0 90144173.0 1167665.0 0.0 60220000.0 53.0 2.0 1000.0 29128162.0
18100.0 0.0 0.0 4.0 89960365.0 1239407.0 0.0 60220000.0 51.0 2.0 1000.0 29240228.0
18200.0 0.0 0.0 4.0 89784377.0 1302754.0 0.0 60220000.0 47.0 2.0 1000.0 29352869.0
18300.0 0.0 0.0 4.0 89617129.0 1357063.0 0.0 60220000.0 47.0 2.0 1000.0 29465808.0
18400.0 0.0 0.0 3.0 89455070.0 1421172.0 0.0 60220000.0 45.0 2.0 1000.0 29563758.0
18500.0 0.0 0.0 3.0 89294370.0 1496598.0 0.0 60220000.0 45.0 2.0 1000.0 29649032.0
18600.0 0.0 0.0 3.0 89134296.0 1571040.0 0.0 60220000.0 45.0 2.0 1000.0 29734664.0
18700.0 0.0 0.0 3.0 88975328.0 1644929.0 0.0 60220000.0 44.0 2.0 1000.0 29819743.0
18800.0 0.0 0.0 2.0 88819003.0 1715673.0 0.0 60220000.0 44.0 2.0 1000.0 29905324.0
18900.0 0.0 0.0 2.0 88662769.0 1814700.0 0.0 60220000.0 44.0 2.0 1000.0 29962531.0
19000.0 0.0 0.0 2.0 88508423.0 1912136.0 0.0 60220000.0 43.0 2.0 1000.0 30019441.0
19100.0 0.0 0.0 2.0 88355781.0 2007546.0 0.0 60220000.0 42.0 2.0 1000.0 30076673.0
19200.0 0.0 0.0 1.0 88209177.0 2101582.0 0.0 60220000.0 41.0 2.0 1000.0 30129241.0
19300.0 0.0 0.0 1.0 88067214.0 2214692.0 0.0 60220000.0 40.0 2.0 1000.0 30158094.0
19400.0 0.0 0.0 1.0 87926271.0 2326342.0 0.0 60220000.0 39.0 2.0 1000.0 30187387.0
19500.0 0.0 0.0 1.0 87794130.0 2429896.0 0.0 60220000.0 37.0 2.0 1000.0 30215974.0
19600.0 0.0 0.0 1.0 87662697.0 2532712.0 0.0 60220000.0 37.0 2.0 1000.0 30244591.0
19700.0 1.0 2.0 3.0 87495494.0 2646307.0 0.0 60220000.0 64.0 2.0 1000.0 30298199.0
19800.0 1.0 1.0 8.0 87217486.0 2778014.0 0.0 60220000.0 94.0 2.0 1000.0 30444500.0
19900.0 1.0 3.0 10.0 86817050.0 2917655.0 0.0 60220000.0 127.0 2.0 1000.0 30705295.0
