time rna_M monomer_betaGal protein_betaGal Lactose_external Lactose_internal Glucose_external Glucose_internal protein_Lactose_Permease dna_Lac_Operon Biomass Lactose_consumed
0.0 0.0 0.0 0.0 120440000.0 0.0 60220000.0 0.0 0.0 2.0 1000.0 0.0
100.0 0.0 0.0 0.0 120440000.0 0.0 30123443.0 30096557.0 0.0 2.0 1000.0 0.0
200.0 0.0 0.0 0.0 120440000.0 0.0 78767.0 60141233.0 0.0 2.0 1000.0 0.0
300.0 0.0 0.0 0.0 120440000.0 0.0 0.0 60220000.0 0.0 2.0 1000.0 0.0
400.0 0.0 0.0 0.0 120440000.0 0.0 0.0 60220000.0 0.0 2.0 1000.0 0.0
500.0 0.0 0.0 0.0 120440000.0 0.0 0.0 60220000.0 0.0 2.0 1000.0 0.0
600.0 0.0 0.0 0.0 120440000.0 0.0 0.0 60220000.0 0.0 2.0 1000.0 0.0
700.0 0.0 0.0 0.0 120440000.0 0.0 0.0 60220000.0 0.0 2.0 1000.0 0.0
800.0 0.0 0.0 0.0 120440000.0 0.0 0.0 60220000.0 0.0 2.0 1000.0 0.0
900.0 0.0 0.0 0.0 120440000.0 0.0 0.0 60220000.0 0.0 2.0 1000.0 0.0
1000.0 0.0 0.0 0.0 120440000.0 0.0 0.0 60220000.0 0.0 2.0 1000.0 0.0
1100.0 0.0 0.0 0.0 120440000.0 0.0 0.0 60220000.0 0.0 2.0 1000.0 0.0
1200.0 0.0 0.0 0.0 120440000.0 0.0 0.0 60220000.0 0.0 2.0 1000.0 0.0
1300.0 0.0 0.0 0.0 120440000.0 0.0 0.0 60220000.0 0.0 2.0 1000.0 0.0
1400.0 0.0 0.0 0.0 120440000.0 0.0 0.0 60220000.0 0.0 2.0 1000.0 0.0
1500.0 0.0 0.0 0.0 120440000.0 0.0 0.0 60220000.0 0.0 2.0 1000.0 0.0
1600.0 0.0 0.0 0.0 120440000.0 0.0 0.0 60220000.0 0.0 2.0 1000.0 0.0
1700.0 0.0 0.0 0.0 120440000.0 0.0 0.0 60220000.0 0.0 2.0 1000.0 0.0
1800.0 0.0 0.0 0.0 120440000.0 0.0 0.0 60220000.0 0.0 2.0 1000.0 0.0
1900.0 0.0 0.0 0.0 120440000.0 0.0 0.0 60220000.0 0.0 2.0 1000.0 0.0
2000.0 0.0 0.0 0.0 120440000.0 0.0 0.0 60220000.0 0.0 2.0 1000.0 0.0
2100.0 0.0 0.0 0.0 120440000.0 0.0 0.0 60220000.0 0.0 2.0 1000.0 0.0
2200.0 0.0 0.0 0.0 120440000.0 0.0 0.0 60220000.0 0.0 2.0 1000.0 0.0
2300.0 0.0 0.0 0.0 120440000.0 0.0 0.0 60220000.0 0.0 2.0 1000.0 0.0
2400.0 0.0 0.0 0.0 120440000.0 0.0 0.0 60220000.0 0.0 2.0 1000.0 0.0
2500.0 0.0 0.0 0.0 120440000.0 0.0 0.0 60220000.0 0.0 2.0 1000.0 0.0
2600.0 0.0 0.0 0.0 120440000.0 0.0 0.0 60220000.0 0.0 2.0 1000.0 0.0
2700.0 0.0 0.0 0.0 120440000.0 0.0 0.0 60220000.0 0.0 2.0 1000.0 0.0
2800.0 0.0 0.0 0.0 120440000.0 0.0 0.0 60220000.0 0.0 2.0 1000.0 0.0
2900.0 0.0 0.0 0.0 120440000.0 0.0 0.0 60220000.0 0.0 2.0 1000.0 0.0
3000.0 0.0 0.0 0.0 120440000.0 0.0 0.0 60220000.0 0.0 2.0 1000.0 0.0
3100.0 0.0 0.0 0.0 120440000.0 0.0 0.0 60220000.0 0.0 2.0 1000.0 0.0
3200.0 0.0 0.0 0.0 120440000.0 0.0 0.0 60220000.0 0.0 2.0 1000.0 0.0
3300.0 0.0 0.0 0.0 120440000.0 0.0 0.0 60220000.0 0.0 2.0 1000.0 0.0
3400.0 0.0 0.0 0.0 120440000.0 0.0 0.0 60220000.0 0.0 2.0 1000.0 0.0
3500.0 0.0 0.0 0.0 120440000.0 0.0 0.0 60220000.0 0.0 2.0 1000.0 0.0
3600.0 0.0 0.0 0.0 120440000.0 0.0 0.0 60220000.0 0.0 2.0 1000.0 0.0
3700.0 0.0 0.0 0.0 120440000.0 0.0 0.0 60220000.0 0.0 2.0 1000.0 0.0
3800.0 0.0 0.0 0.0 120440000.0 0.0 0.0 60220000.0 0.0 2.0 1000.0 0.0
3900.0 0.0 0.0 0.0 120440000.0 0.0 0.0 60220000.0 0.0 2.0 1000.0 0.0
4000.0 0.0 0.0 0.0 120440000.0 0.0 0.0 60220000.0 0.0 2.0 1000.0 0.0
4100.0 0.0 0.0 0.0 120440000.0 0.0 0.0 60220000.0 0.0 2.0 1000.0 0.0
4200.0 0.0 0.0 0.0 120440000.0 0.0 0.0 60220000.0 0.0 2.0 1000.0 0.0
4300.0 0.0 0.0 0.0 120440000.0 0.0 0.0 60220000.0 0.0 2.0 1000.0 0.0
4400.0 0.0 0.0 0.0 120440000.0 0.0 0.0 60220000.0 0.0 2.0 1000.0 0.0
4500.0 0.0 0.0 0.0 120440000.0 0.0 0.0 60220000.0 0.0 2.0 1000.0 0.0
4600.0 0.0 0.0 0.0 120440000.0 0.0 0.0 60220000.0 0.0 2.0 1000.0 0.0
4700.0 0.0 0.0 0.0 120440000.0 0.0 0.0 60220000.0 0.0 2.0 1000.0 0.0
4800.0 0.0 0.0 0.0 120440000.0 0.0 0.0 60220000.0 0.0 2.0 1000.0 0.0
4900.0 0.0 0.0 0.0 120440000.0 0.0 0.0 60220000.0 0.0 2.0 1000.0 0.0
5000.0 0.0 0.0 0.0 120440000.0 0.0 0.0 60220000.0 0.0 2.0 1000.0 0.0
5100.0 0.0 0.0 0.0 120440000.0 0.0 0.0 60220000.0 0.0 2.0 1000.0 0.0
5200.0 0.0 0.0 0.0 120440000.0 0.0 0.0 60220000.0 0.0 2.0 1000.0 0.0
5300.0 0.0 0.0 0.0 120440000.0 0.0 0.0 60220000.0 0.0 2.0 1000.0 0.0
5400.0 0.0 0.0 0.0 120440000.0 0.0 0.0 60220000.0 0.0 2.0 1000.0 0.0
5500.0 0.0 0.0 0.0 120440000.0 0.0 0.0 60220000.0 0.0 2.0 1000.0 0.0
5600.0 0.0 0.0 0.0 120440000.0 0.0 0.0 60220000.0 0.0 2.0 1000.0 0.0
5700.0 0.0 0.0 0.0 120440000.0 0.0 0.0 60220000.0 0.0 2.0 1000.0 0.0
5800.0 0.0 0.0 0.0 120440000.0 0.0 0.0 60220000.0 0.0 2.0 1000.0 0.0
5900.0 0.0 0.0 0.0 120440000.0 0.0 0.0 60220000.0 0.0 2.0 1000.0 0.0
6000.0 0.0 0.0 0.0 120440000.0 0.0 0.0 60220000.0 0.0 2.0 1000.0 0.0
6100.0 0.0 0.0 0.0 120440000.0 0.0 0.0 60220000.0 0.0 2.0 1000.0 0.0
6200.0 0.0 0.0 0.0 120440000.0 0.0 0.0 60220000.0 0.0 2.0 1000.0 0.0
6300.0 0.0 0.0 0.0 120440000.0 0.0 0.0 60220000.0 0.0 2.0 1000.0 0.0
6400.0 0.0 0.0 0.0 120440000.0 0.0 0.0 60220000.0 0.0 2.0 1000.0 0.0
6500.0 0.0 0.0 0.0 120440000.0 0.0 0.0 60220000.0 0.0 2.0 1000.0 0.0
6600.0 0.0 0.0 0.0 120440000.0 0.0 0.0 60220000.0 0.0 2.0 1000.0 0.0
6700.0 0.0 0.0 0.0 120440000.0 0.0 0.0 60220000.0 0.0 2.0 1000.0 0.0
6800.0 0.0 0.0 0.0 120440000.0 0.0 0.0 60220000.0 0.0 2.0 1000.0 0.0
6900.0 0.0 0.0 0.0 120440000.0 0.0 0.0 60220000.0 0.0 2.0 1000.0 0.0
7000.0 0.0 0.0 0.0 120440000.0 0.0 0.0 60220000.0 0.0 2.0 1000.0 0.0
7100.0 0.0 0.0 0.0 120440000.0 0.0 0.0 60220000.0 0.0 2.0 1000.0 0.0
7200.0 0.0 0.0 0.0 120440000.0 0.0 0.0 60220000.0 0.0 2.0 1000.0 0.0
7300.0 0.0 0.0 0.0 120440000.0 0.0 0.0 60220000.0 0.0 2.0 1000.0 0.0
7400.0 0.0 0.0 0.0 120440000.0 0.0 0.0 60220000.0 0.0 2.0 1000.0 0.0
7500.0 0.0 0.0 1.0 120420576.0 17325.0 0.0 60220000.0 7.0 2.0 1000.0 2099.0
7600.0 0.0 0.0 1.0 120395541.0 35082.0 0.0 60220000.0 7.0 2.0 1000.0 9377.0
7700.0 0.0 0.0 1.0 120370418.0 50152.0 0.0 60220000.0 7.0 2.0 1000.0 19430.0
7800.0 0.0 0.0 1.0 120345470.0 63065.0 0.0 60220000.0 7.0 2.0 1000.0 31465.0
7900.0 0.0 0.0 1.0 120320536.0 74506.0 0.0 60220000.0 7.0 2.0 1000.0 44958.0
8000.0 0.0 0.0 1.0 120295619.0 84874.0 0.0 60220000.0 7.0 2.0 1000.0 59507.0
8100.0 0.0 0.0 1.0 120270668.0 94564.0 0.0 60220000.0 7.0 2.0 1000.0 74768.0
8200.0 0.0 0.0 1.0 120246581.0 102596.0 0.0 60220000.0 6.0 2.0 1000.0 90823.0
8300.0 0.0 0.0 1.0 120225137.0 107339.0 0.0 60220000.0 6.0 2.0 1000.0 107524.0
8400.0 0.0 0.0 0.0 120203586.0 119513.0 0.0 60220000.0 6.0 2.0 1000.0 116901.0
8500.0 0.0 0.0 0.0 120182063.0 141036.0 0.0 60220000.0 6.0 2.0 1000.0 116901.0
8600.0 0.0 0.0 0.0 120160482.0 162617.0 0.0 60220000.0 6.0 2.0 1000.0 116901.0
8700.0 0.0 0.0 0.0 120139061.0 184038.0 0.0 60220000.0 6.0 2.0 1000.0 116901.0
8800.0 0.0 0.0 0.0 120117712.0 205387.0 0.0 60220000.0 6.0 2.0 1000.0 116901.0
8900.0 0.0 0.0 0.0 120096231.0 226868.0 0.0 60220000.0 6.0 2.0 1000.0 116901.0
9000.0 0.0 0.0 0.0 120077106.0 245993.0 0.0 60220000.0 5.0 2.0 1000.0 116901.0
9100.0 0.0 0.0 0.0 120059305.0 263794.0 0.0 60220000.0 5.0 2.0 1000.0 116901.0
9200.0 0.0 0.0 0.0 120043057.0 280042.0 0.0 60220000.0 4.0 2.0 1000.0 116901.0
9300.0 0.0 0.0 0.0 120028955.0 294144.0 0.0 60220000.0 4.0 2.0 1000.0 116901.0
9400.0 0.0 0.0 0.0 120014605.0 308494.0 0.0 60220000.0 4.0 2.0 1000.0 116901.0
9500.0 0.0 0.0 0.0 120000298.0 322801.0 0.0 60220000.0 4.0 2.0 1000.0 116901.0
9600.0 0.0 0.0 0.0 119985928.0 337171.0 0.0 60220000.0 4.0 2.0 1000.0 116901.0
9700.0 0.0 0.0 0.0 119971936.0 351163.0 0.0 60220000.0 3.0 2.0 1000.0 116901.0
9800.0 0.0 0.0 0.0 119963429.0 359670.0 0.0 60220000.0 2.0 2.0 1000.0 116901.0
9900.0 0.0 0.0 0.0 119956302.0 366797.0 0.0 60220000.0 2.0 2.0 1000.0 116901.0
10000.0 0.0 0.0 0.0 119949019.0 374080.0 0.0 60220000.0 2.0 2.0 1000.0 116901.0
10100.0 0.0 0.0 0.0 119942081.0 381018.0 0.0 60220000.0 2.0 2.0 1000.0 116901.0
10200.0 0.0 0.0 0.0 119934822.0 388277.0 0.0 60220000.0 2.0 2.0 1000.0 116901.0
10300.0 0.0 0.0 0.0 119927745.0 395354.0 0.0 60220000.0 2.0 2.0 1000.0 116901.0
10400.0 0.0 0.0 0.0 119920506.0 402593.0 0.0 60220000.0 2.0 2.0 1000.0 116901.0
10500.0 0.0 0.0 0.0 119913382.0 409717.0 0.0 60220000.0 2.0 2.0 1000.0 116901.0
10600.0 0.0 0.0 0.0 119906135.0 416964.0 0.0 60220000.0 2.0 2.0 1000.0 116901.0
10700.0 0.0 0.0 0.0 119899105.0 423994.0 0.0 60220000.0 2.0 2.0 1000.0 116901.0
10800.0 0.0 0.0 0.0 119892013.0 431086.0 0.0 60220000.0 2.0 2.0 1000.0 116901.0
10900.0 0.0 0.0 0.0 119884863.0 438236.0 0.0 60220000.0 2.0 2.0 1000.0 116901.0
11000.0 0.0 0.0 0.0 119877608.0 445491.0 0.0 60220000.0 2.0 2.0 1000.0 116901.0
11100.0 0.0 0.0 0.0 119870396.0 452703.0 0.0 60220000.0 2.0 2.0 1000.0 116901.0
11200.0 0.0 0.0 0.0 119863274.0 459825.0 0.0 60220000.0 2.0 2.0 1000.0 116901.0
11300.0 0.0 0.0 0.0 119856191.0 466908.0 0.0 60220000.0 2.0 2.0 1000.0 116901.0
11400.0 1.0 0.0 0.0 119848834.0 474265.0 0.0 60220000.0 6.0 2.0 1000.0 116901.0
11500.0 0.0 3.0 1.0 119771992.0 531830.0 0.0 60220000.0 32.0 2.0 1000.0 136178.0
11600.0 0.0 3.0 1.0 119657970.0 619459.0 0.0 60220000.0 32.0 2.0 1000.0 162571.0
11700.0 0.0 3.0 1.0 119544009.0 706719.0 0.0 60220000.0 32.0 2.0 1000.0 189272.0
11800.0 0.0 3.0 1.0 119430267.0 793415.0 0.0 60220000.0 32.0 2.0 1000.0 216318.0
11900.0 0.0 3.0 0.0 119315962.0 893776.0 0.0 60220000.0 32.0 2.0 1000.0 230262.0
12000.0 0.0 3.0 0.0 119201526.0 1008212.0 0.0 60220000.0 32.0 2.0 1000.0 230262.0
12100.0 0.0 3.0 0.0 119087861.0 1121877.0 0.0 60220000.0 32.0 2.0 1000.0 230262.0
12200.0 0.0 3.0 0.0 118973566.0 1236172.0 0.0 60220000.0 32.0 2.0 1000.0 230262.0
12300.0 0.0 3.0 0.0 118862201.0 1347537.0 0.0 60220000.0 31.0 2.0 1000.0 230262.0
12400.0 0.0 3.0 0.0 118751948.0 1457790.0 0.0 60220000.0 31.0 2.0 1000.0 230262.0
12500.0 0.0 3.0 0.0 118641699.0 1568039.0 0.0 60220000.0 31.0 2.0 1000.0 230262.0
12600.0 0.0 3.0 0.0 118534437.0 1675301.0 0.0 60220000.0 30.0 2.0 1000.0 230262.0
12700.0 0.0 3.0 0.0 118427745.0 1781993.0 0.0 60220000.0 30.0 2.0 1000.0 230262.0
12800.0 0.0 3.0 0.0 118321241.0 1888497.0 0.0 60220000.0 30.0 2.0 1000.0 230262.0
12900.0 0.0 3.0 0.0 118217910.0 1991828.0 0.0 60220000.0 28.0 2.0 1000.0 230262.0
13000.0 0.0 3.0 0.0 118120560.0 2089178.0 0.0 60220000.0 27.0 2.0 1000.0 230262.0
13100.0 0.0 3.0 0.0 118025350.0 2184388.0 0.0 60220000.0 26.0 2.0 1000.0 230262.0
13200.0 0.0 3.0 0.0 117934502.0 2275236.0 0.0 60220000.0 25.0 2.0 1000.0 230262.0
13300.0 0.0 3.0 0.0 117845472.0 2364266.0 0.0 60220000.0 25.0 2.0 1000.0 230262.0
13400.0 0.0 3.0 0.0 117756510.0 2453228.0 0.0 60220000.0 25.0 2.0 1000.0 230262.0
13500.0 0.0 3.0 0.0 117667945.0 2541793.0 0.0 60220000.0 25.0 2.0 1000.0 230262.0
13600.0 0.0 3.0 0.0 117579641.0 2630097.0 0.0 60220000.0 25.0 2.0 1000.0 230262.0
13700.0 0.0 3.0 0.0 117490882.0 2718856.0 0.0 60220000.0 23.0 2.0 1000.0 230262.0
13800.0 1.0 3.0 5.0 117380591.0 2779457.0 0.0 60220000.0 47.0 2.0 1000.0 279952.0
13900.0 1.0 1.0 8.0 117139601.0 2824111.0 0.0 60220000.0 87.0 2.0 1000.0 476288.0
14000.0 2.0 1.0 14.0 116779900.0 2882620.0 0.0 60220000.0 123.0 2.0 1000.0 777480.0
14100.0 2.0 3.0 20.0 116263429.0 2916052.0 0.0 60220000.0 174.0 2.0 1000.0 1260519.0
14200.0 1.0 3.0 27.0 115525548.0 2960487.0 0.0 60220000.0 239.0 2.0 1000.0 1953965.0
14300.0 1.0 3.0 31.0 114617749.0 3001886.0 0.0 60220000.0 273.0 2.0 1000.0 2820365.0
14400.0 0.0 2.0 31.0 113647273.0 3063780.0 0.0 60220000.0 273.0 2.0 1000.0 3728947.0
14500.0 0.0 2.0 31.0 112682158.0 3123921.0 0.0 60220000.0 272.0 2.0 1000.0 4633921.0
14600.0 0.0 2.0 31.0 111723925.0 3176804.0 0.0 60220000.0 269.0 2.0 1000.0 5539271.0
14700.0 0.0 2.0 34.0 110743874.0 3216229.0 0.0 60220000.0 283.0 2.0 1000.0 6479897.0
14800.0 0.0 2.0 33.0 109752934.0 3235290.0 0.0 60220000.0 275.0 2.0 1000.0 7451776.0
14900.0 0.0 2.0 33.0 108795016.0 3229627.0 0.0 60220000.0 268.0 2.0 1000.0 8415357.0
15000.0 0.0 2.0 31.0 107853912.0 3217770.0 0.0 60220000.0 262.0 2.0 1000.0 9368318.0
15100.0 0.0 2.0 31.0 106933020.0 3233583.0 0.0 60220000.0 258.0 2.0 1000.0 10273397.0
15200.0 1.0 1.0 33.0 106007817.0 3243691.0 0.0 60220000.0 275.0 2.0 1000.0 11188492.0
15300.0 0.0 0.0 31.0 105004895.0 3294599.0 0.0 60220000.0 281.0 2.0 1000.0 12140506.0
15400.0 0.0 0.0 31.0 104013165.0 3378772.0 0.0 60220000.0 278.0 2.0 1000.0 13048063.0
15500.0 1.0 1.0 32.0 103012254.0 3461982.0 0.0 60220000.0 292.0 2.0 1000.0 13965764.0
15600.0 2.0 2.0 36.0 101927788.0 3549523.0 0.0 60220000.0 325.0 2.0 1000.0 14962689.0
15700.0 1.0 1.0 47.0 100629285.0 3618873.0 0.0 60220000.0 398.0 2.0 1000.0 16191842.0
15800.0 0.0 2.0 44.0 99228024.0 3666939.0 0.0 60220000.0 395.0 2.0 1000.0 17545037.0
15900.0 1.0 1.0 45.0 97830827.0 3762837.0 0.0 60220000.0 407.0 2.0 1000.0 18846336.0
16000.0 0.0 1.0 45.0 96372936.0 3902747.0 0.0 60220000.0 411.0 2.0 1000.0 20164317.0
16100.0 0.0 1.0 43.0 94925357.0 4055674.0 0.0 60220000.0 406.0 2.0 1000.0 21458969.0
16200.0 1.0 2.0 47.0 93478098.0 4209147.0 0.0 60220000.0 417.0 2.0 1000.0 22752755.0
16300.0 0.0 3.0 47.0 91988468.0 4285373.0 0.0 60220000.0 420.0 2.0 1000.0 24166159.0
16400.0 0.0 3.0 46.0 90512333.0 4388964.0 0.0 60220000.0 412.0 2.0 1000.0 25538703.0
16500.0 0.0 1.0 46.0 89057728.0 4482936.0 0.0 60220000.0 415.0 2.0 1000.0 26899336.0
16600.0 0.0 1.0 45.0 87612501.0 4573769.0 0.0 60220000.0 405.0 2.0 1000.0 28253730.0
16700.0 0.0 1.0 44.0 86192389.0 4693600.0 0.0 60220000.0 398.0 2.0 1000.0 29554011.0
16800.0 0.0 3.0 44.0 84783062.0 4817072.0 0.0 60220000.0 408.0 2.0 1000.0 30839866.0
16900.0 0.0 3.0 44.0 83359770.0 4941631.0 0.0 60220000.0 399.0 2.0 1000.0 32138599.0
17000.0 1.0 0.0 49.0 81928501.0 5008872.0 0.0 60220000.0 416.0 2.0 1000.0 33502627.0
17100.0 1.0 0.0 53.0 80420628.0 5039209.0 0.0 60220000.0 438.0 2.0 1000.0 34980163.0
17200.0 0.0 3.0 52.0 78831347.0 5065815.0 0.0 60220000.0 451.0 2.0 1000.0 36542838.0
17300.0 0.0 3.0 51.0 77248101.0 5124885.0 0.0 60220000.0 446.0 2.0 1000.0 38067014.0
17400.0 0.0 3.0 48.0 75680084.0 5243120.0 0.0 60220000.0 443.0 2.0 1000.0 39516796.0
17500.0 0.0 3.0 46.0 74121294.0 5429721.0 0.0 60220000.0 438.0 2.0 1000.0 40888985.0
17600.0 1.0 3.0 46.0 72582927.0 5607710.0 0.0 60220000.0 438.0 2.0 1000.0 42249363.0
17700.0 1.0 3.0 48.0 70997489.0 5774777.0 0.0 60220000.0 460.0 2.0 1000.0 43667734.0
17800.0 0.0 2.0 50.0 69335711.0 5963090.0 0.0 60220000.0 473.0 2.0 1000.0 45141199.0
17900.0 0.0 2.0 52.0 67620282.0 6178774.0 0.0 60220000.0 501.0 2.0 1000.0 46640944.0
18000.0 0.0 2.0 51.0 65874333.0 6394743.0 0.0 60220000.0 489.0 2.0 1000.0 48170924.0
18100.0 1.0 1.0 51.0 64183092.0 6600359.0 0.0 60220000.0 487.0 2.0 1000.0 49656549.0
18200.0 0.0 3.0 51.0 62456263.0 6813667.0 0.0 60220000.0 488.0 2.0 1000.0 51170070.0
18300.0 0.0 3.0 49.0 60757731.0 7045138.0 0.0 60220000.0 478.0 2.0 1000.0 52637131.0
18400.0 1.0 0.0 53.0 59040169.0 7242748.0 0.0 60220000.0 500.0 2.0 1000.0 54157083.0
18500.0 1.0 1.0 54.0 57222261.0 7468499.0 0.0 60220000.0 528.0 2.0 1000.0 55749240.0
18600.0 0.0 0.0 56.0 55358217.0 7694671.0 0.0 60220000.0 528.0 2.0 1000.0 57387112.0
18700.0 0.0 0.0 55.0 53511464.0 7900074.0 0.0 60220000.0 523.0 2.0 1000.0 59028462.0
18800.0 1.0 1.0 59.0 51652336.0 8108304.0 0.0 60220000.0 530.0 2.0 1000.0 60679360.0
18900.0 1.0 0.0 60.0 49750441.0 8251045.0 0.0 60220000.0 553.0 2.0 1000.0 62438514.0
19000.0 1.0 1.0 63.0 47772245.0 8411542.0 0.0 60220000.0 569.0 2.0 1000.0 64256213.0
19100.0 1.0 3.0 67.0 45731452.0 8509950.0 0.0 60220000.0 594.0 2.0 1000.0 66198598.0
19200.0 0.0 0.0 68.0 43651082.0 8567223.0 0.0 60220000.0 588.0 2.0 1000.0 68221695.0
19300.0 2.0 1.0 69.0 41574101.0 8623807.0 0.0 60220000.0 603.0 2.0 1000.0 70242092.0
19400.0 0.0 0.0 72.0 39430321.0 8670975.0 0.0 60220000.0 621.0 2.0 1000.0 72338704.0
19500.0 1.0 1.0 74.0 37252658.0 8698312.0 0.0 60220000.0 630.0 2.0 1000.0 74489030.0
19600.0 1.0 2.0 77.0 35020946.0 8688836.0 0.0 60220000.0 648.0 2.0 1000.0 76730218.0
19700.0 1.0 1.0 80.0 32727550.0 8654192.0 0.0 60220000.0 662.0 2.0 1000.0 79058258.0
19800.0 1.0 0.0 83.0 30391876.0 8585775.0 0.0 60220000.0 673.0 2.0 1000.0 81462349.0
19900.0 1.0 3.0 83.0 28024594.0 8472267.0 0.0 60220000.0 679.0 2.0 1000.0 83943139.0
