time rna_M monomer_betaGal protein_betaGal Lactose_external Lactose_internal Glucose_external Glucose_internal protein_Lactose_Permease dna_Lac_Operon Biomass Lactose_consumed
0.0 0.0 0.0 0.0 120440000.0 0.0 60220000.0 0.0 0.0 2.0 1000.0 0.0
100.0 0.0 0.0 0.0 120440000.0 0.0 30118311.0 30101689.0 0.0 2.0 1000.0 0.0
200.0 0.0 0.0 0.0 120440000.0 0.0 74771.0 60145229.0 0.0 2.0 1000.0 0.0
300.0 0.0 0.0 0.0 120440000.0 0.0 0.0 60220000.0 0.0 2.0 1000.0 0.0
400.0 0.0 0.0 0.0 120440000.0 0.0 0.0 60220000.0 0.0 2.0 1000.0 0.0
500.0 0.0 0.0 0.0 120440000.0 0.0 0.0 60220000.0 0.0 2.0 1000.0 0.0
600.0 0.0 0.0 0.0 120440000.0 0.0 0.0 60220000.0 0.0 2.0 1000.0 0.0
700.0 0.0 0.0 0.0 120440000.0 0.0 0.0 60220000.0 0.0 2.0 1000.0 0.0
800.0 0.0 0.0 0.0 120440000.0 0.0 0.0 60220000.0 0.0 2.0 1000.0 0.0
900.0 0.0 0.0 0.0 120440000.0 0.0 0.0 60220000.0 0.0 2.0 1000.0 0.0
1000.0 1.0 1.0 0.0 120439603.0 397.0 0.0 60220000.0 2.0 2.0 1000.0 0.0
1100.0 0.0 0.0 1.0 120381902.0 52820.0 0.0 60220000.0 19.0 2.0 1000.0 5278.0
1200.0 0.0 0.0 1.0 120313989.0 106344.0 0.0 60220000.0 18.0 2.0 1000.0 19667.0
1300.0 0.0 0.0 1.0 120249787.0 152136.0 0.0 60220000.0 18.0 2.0 1000.0 38077.0
1400.0 0.0 0.0 1.0 120185273.0 196473.0 0.0 60220000.0 18.0 2.0 1000.0 58254.0
1500.0 0.0 0.0 1.0 120122755.0 237250.0 0.0 60220000.0 17.0 2.0 1000.0 79995.0
1600.0 0.0 0.0 1.0 120062776.0 274717.0 0.0 60220000.0 16.0 2.0 1000.0 102507.0
1700.0 0.0 0.0 1.0 120006464.0 307982.0 0.0 60220000.0 15.0 2.0 1000.0 125554.0
1800.0 0.0 0.0 1.0 119953321.0 337243.0 0.0 60220000.0 15.0 2.0 1000.0 149436.0
1900.0 0.0 0.0 1.0 119899713.0 366686.0 0.0 60220000.0 15.0 2.0 1000.0 173601.0
2000.0 0.0 0.0 1.0 119845775.0 395909.0 0.0 60220000.0 15.0 2.0 1000.0 198316.0
2100.0 0.0 0.0 1.0 119792544.0 424275.0 0.0 60220000.0 15.0 2.0 1000.0 223181.0
2200.0 1.0 2.0 3.0 119732200.0 451693.0 0.0 60220000.0 26.0 2.0 1000.0 256107.0
2300.0 0.0 0.0 6.0 119599816.0 450812.0 0.0 60220000.0 39.0 2.0 1000.0 389372.0
2400.0 0.0 0.0 6.0 119460617.0 438226.0 0.0 60220000.0 39.0 2.0 1000.0 541157.0
2500.0 0.0 0.0 6.0 119321512.0 426172.0 0.0 60220000.0 39.0 2.0 1000.0 692316.0
2600.0 0.0 0.0 6.0 119182768.0 415239.0 0.0 60220000.0 39.0 2.0 1000.0 841993.0
2700.0 1.0 1.0 8.0 119030666.0 408995.0 0.0 60220000.0 51.0 2.0 1000.0 1000339.0
2800.0 1.0 3.0 10.0 118784134.0 430692.0 0.0 60220000.0 89.0 2.0 1000.0 1225174.0
2900.0 1.0 0.0 15.0 118405127.0 487312.0 0.0 60220000.0 120.0 2.0 1000.0 1547561.0
3000.0 1.0 2.0 20.0 117931089.0 526717.0 0.0 60220000.0 146.0 2.0 1000.0 1982194.0
3100.0 1.0 2.0 27.0 117352219.0 495445.0 0.0 60220000.0 175.0 2.0 1000.0 2592336.0
3200.0 0.0 2.0 27.0 116704923.0 455196.0 0.0 60220000.0 181.0 2.0 1000.0 3279881.0
3300.0 0.0 2.0 26.0 116065925.0 438588.0 0.0 60220000.0 177.0 2.0 1000.0 3935487.0
3400.0 0.0 2.0 25.0 115437174.0 435304.0 0.0 60220000.0 176.0 2.0 1000.0 4567522.0
3500.0 0.0 2.0 24.0 114817091.0 432109.0 0.0 60220000.0 171.0 2.0 1000.0 5190800.0
3600.0 0.0 2.0 23.0 114214042.0 436397.0 0.0 60220000.0 168.0 2.0 1000.0 5789561.0
3700.0 0.0 2.0 23.0 113620742.0 450138.0 0.0 60220000.0 165.0 2.0 1000.0 6369120.0
3800.0 0.0 2.0 23.0 113032262.0 456250.0 0.0 60220000.0 164.0 2.0 1000.0 6951488.0
3900.0 0.0 2.0 22.0 112452964.0 461196.0 0.0 60220000.0 160.0 2.0 1000.0 7525840.0
4000.0 0.0 2.0 20.0 111888645.0 504816.0 0.0 60220000.0 156.0 2.0 1000.0 8046539.0
4100.0 0.0 2.0 20.0 111332207.0 544252.0 0.0 60220000.0 156.0 2.0 1000.0 8563541.0
4200.0 0.0 2.0 20.0 110778269.0 575710.0 0.0 60220000.0 155.0 2.0 1000.0 9086021.0
4300.0 0.0 2.0 19.0 110224335.0 620356.0 0.0 60220000.0 155.0 2.0 1000.0 9595309.0
4400.0 0.0 2.0 19.0 109678976.0 661471.0 0.0 60220000.0 151.0 2.0 1000.0 10099553.0
4500.0 0.0 2.0 17.0 109141926.0 700222.0 0.0 60220000.0 148.0 2.0 1000.0 10597852.0
4600.0 0.0 2.0 17.0 108620128.0 764776.0 0.0 60220000.0 146.0 2.0 1000.0 11055096.0
4700.0 0.0 2.0 17.0 108109214.0 814116.0 0.0 60220000.0 140.0 2.0 1000.0 11516670.0
4800.0 0.0 2.0 17.0 107616379.0 844521.0 0.0 60220000.0 136.0 2.0 1000.0 11979100.0
4900.0 0.0 2.0 17.0 107135988.0 860614.0 0.0 60220000.0 134.0 2.0 1000.0 12443398.0
5000.0 0.0 2.0 17.0 106664424.0 866689.0 0.0 60220000.0 131.0 2.0 1000.0 12908887.0
5100.0 0.0 2.0 17.0 106207787.0 857998.0 0.0 60220000.0 127.0 2.0 1000.0 13374215.0
5200.0 0.0 2.0 17.0 105758234.0 843624.0 0.0 60220000.0 125.0 2.0 1000.0 13838142.0
5300.0 0.0 2.0 17.0 105316872.0 822531.0 0.0 60220000.0 123.0 2.0 1000.0 14300597.0
5400.0 0.0 2.0 17.0 104882882.0 794131.0 0.0 60220000.0 121.0 2.0 1000.0 14762987.0
5500.0 0.0 2.0 17.0 104464971.0 751605.0 0.0 60220000.0 114.0 2.0 1000.0 15223424.0
5600.0 0.0 2.0 17.0 104061752.0 698203.0 0.0 60220000.0 113.0 2.0 1000.0 15680045.0
5700.0 0.0 2.0 17.0 103661655.0 646273.0 0.0 60220000.0 112.0 2.0 1000.0 16132072.0
5800.0 0.0 2.0 17.0 103271391.0 588329.0 0.0 60220000.0 109.0 2.0 1000.0 16580280.0
5900.0 0.0 2.0 17.0 102884487.0 531576.0 0.0 60220000.0 108.0 2.0 1000.0 17023937.0
6000.0 0.0 2.0 16.0 102500680.0 500540.0 0.0 60220000.0 106.0 2.0 1000.0 17438780.0
6100.0 0.0 2.0 16.0 102126672.0 466794.0 0.0 60220000.0 104.0 2.0 1000.0 17846534.0
6200.0 0.0 2.0 15.0 101757808.0 451543.0 0.0 60220000.0 102.0 2.0 1000.0 18230649.0
6300.0 0.0 2.0 15.0 101394086.0 437776.0 0.0 60220000.0 101.0 2.0 1000.0 18608138.0
6400.0 0.0 2.0 15.0 101034926.0 421362.0 0.0 60220000.0 100.0 2.0 1000.0 18983712.0
6500.0 0.0 2.0 15.0 100680549.0 402419.0 0.0 60220000.0 99.0 2.0 1000.0 19357032.0
6600.0 0.0 2.0 13.0 100327155.0 409881.0 0.0 60220000.0 99.0 2.0 1000.0 19702964.0
6700.0 0.0 2.0 13.0 99977925.0 434250.0 0.0 60220000.0 97.0 2.0 1000.0 20027825.0
6800.0 0.0 2.0 11.0 99636971.0 490721.0 0.0 60220000.0 94.0 2.0 1000.0 20312308.0
6900.0 0.0 2.0 11.0 99302040.0 541719.0 0.0 60220000.0 94.0 2.0 1000.0 20596241.0
7000.0 0.0 2.0 11.0 98970434.0 586330.0 0.0 60220000.0 92.0 2.0 1000.0 20883236.0
7100.0 0.0 2.0 11.0 98644604.0 622571.0 0.0 60220000.0 91.0 2.0 1000.0 21172825.0
7200.0 0.0 2.0 10.0 98324378.0 665760.0 0.0 60220000.0 89.0 2.0 1000.0 21449862.0
7300.0 0.0 2.0 10.0 98015161.0 707649.0 0.0 60220000.0 85.0 2.0 1000.0 21717190.0
7400.0 0.0 2.0 9.0 97713176.0 754165.0 0.0 60220000.0 84.0 2.0 1000.0 21972659.0
7500.0 0.0 2.0 9.0 97416239.0 807282.0 0.0 60220000.0 82.0 2.0 1000.0 22216479.0
7600.0 0.0 2.0 9.0 97123964.0 855081.0 0.0 60220000.0 81.0 2.0 1000.0 22460955.0
7700.0 0.0 2.0 9.0 96838204.0 895286.0 0.0 60220000.0 80.0 2.0 1000.0 22706510.0
7800.0 0.0 2.0 9.0 96556483.0 929334.0 0.0 60220000.0 78.0 2.0 1000.0 22954183.0
7900.0 0.0 2.0 9.0 96279889.0 958323.0 0.0 60220000.0 77.0 2.0 1000.0 23201788.0
8000.0 1.0 0.0 10.0 95997822.0 983601.0 0.0 60220000.0 86.0 2.0 1000.0 23458577.0
8100.0 0.0 1.0 13.0 95635184.0 1036980.0 0.0 60220000.0 123.0 2.0 1000.0 23767836.0
8200.0 0.0 1.0 12.0 95197049.0 1119223.0 0.0 60220000.0 123.0 2.0 1000.0 24123728.0
8300.0 0.0 1.0 12.0 94761528.0 1218579.0 0.0 60220000.0 122.0 2.0 1000.0 24459893.0
8400.0 0.0 1.0 12.0 94328295.0 1313984.0 0.0 60220000.0 120.0 2.0 1000.0 24797721.0
8500.0 0.0 1.0 11.0 93903495.0 1420529.0 0.0 60220000.0 119.0 2.0 1000.0 25115976.0
8600.0 1.0 2.0 13.0 93472732.0 1519407.0 0.0 60220000.0 130.0 2.0 1000.0 25447861.0
8700.0 1.0 1.0 17.0 92966787.0 1608524.0 0.0 60220000.0 157.0 2.0 1000.0 25864689.0
8800.0 1.0 1.0 21.0 92364032.0 1673609.0 0.0 60220000.0 185.0 2.0 1000.0 26402359.0
8900.0 0.0 3.0 24.0 91658446.0 1750075.0 0.0 60220000.0 217.0 2.0 1000.0 27031479.0
9000.0 1.0 0.0 28.0 90868848.0 1815904.0 0.0 60220000.0 237.0 2.0 1000.0 27755248.0
9100.0 1.0 1.0 31.0 89959561.0 1885302.0 0.0 60220000.0 267.0 2.0 1000.0 28595137.0
9200.0 1.0 2.0 33.0 88938630.0 1985778.0 0.0 60220000.0 303.0 2.0 1000.0 29515592.0
9300.0 0.0 1.0 35.0 87840200.0 2091116.0 0.0 60220000.0 307.0 2.0 1000.0 30508684.0
9400.0 0.0 1.0 35.0 86774793.0 2145786.0 0.0 60220000.0 297.0 2.0 1000.0 31519421.0
9500.0 0.0 1.0 34.0 85719374.0 2201700.0 0.0 60220000.0 296.0 2.0 1000.0 32518926.0
9600.0 0.0 1.0 34.0 84684148.0 2253512.0 0.0 60220000.0 289.0 2.0 1000.0 33502340.0
9700.0 0.0 1.0 33.0 83666589.0 2312814.0 0.0 60220000.0 285.0 2.0 1000.0 34460597.0
9800.0 0.0 1.0 32.0 82659163.0 2380437.0 0.0 60220000.0 283.0 2.0 1000.0 35400400.0
9900.0 0.0 1.0 32.0 81660751.0 2452033.0 0.0 60220000.0 280.0 2.0 1000.0 36327216.0
10000.0 0.0 1.0 30.0 80672628.0 2555308.0 0.0 60220000.0 278.0 2.0 1000.0 37212064.0
10100.0 0.0 1.0 29.0 79698758.0 2665020.0 0.0 60220000.0 274.0 2.0 1000.0 38076222.0
10200.0 0.0 1.0 26.0 78730697.0 2853008.0 0.0 60220000.0 271.0 2.0 1000.0 38856295.0
10300.0 0.0 1.0 26.0 77777100.0 3048519.0 0.0 60220000.0 267.0 2.0 1000.0 39614381.0
10400.0 0.0 1.0 26.0 76839928.0 3225220.0 0.0 60220000.0 262.0 2.0 1000.0 40374852.0
10500.0 0.0 1.0 26.0 75919874.0 3385073.0 0.0 60220000.0 258.0 2.0 1000.0 41135053.0
10600.0 2.0 0.0 31.0 74979203.0 3526993.0 0.0 60220000.0 281.0 2.0 1000.0 41933804.0
10700.0 1.0 2.0 35.0 73897991.0 3634185.0 0.0 60220000.0 325.0 2.0 1000.0 42907824.0
10800.0 1.0 0.0 39.0 72686516.0 3771955.0 0.0 60220000.0 361.0 2.0 1000.0 43981529.0
10900.0 0.0 0.0 41.0 71371186.0 3905077.0 0.0 60220000.0 375.0 2.0 1000.0 45163737.0
11000.0 0.0 0.0 38.0 70061151.0 4058550.0 0.0 60220000.0 366.0 2.0 1000.0 46320299.0
11100.0 0.0 2.0 38.0 68780176.0 4223296.0 0.0 60220000.0 360.0 2.0 1000.0 47436528.0
11200.0 0.0 2.0 38.0 67521178.0 4364751.0 0.0 60220000.0 353.0 2.0 1000.0 48554071.0
11300.0 0.0 2.0 37.0 66283105.0 4495521.0 0.0 60220000.0 348.0 2.0 1000.0 49661374.0
11400.0 0.0 2.0 35.0 65064026.0 4647946.0 0.0 60220000.0 343.0 2.0 1000.0 50728028.0
11500.0 1.0 2.0 37.0 63857429.0 4815827.0 0.0 60220000.0 345.0 2.0 1000.0 51766744.0
11600.0 0.0 3.0 40.0 62592865.0 4939433.0 0.0 60220000.0 375.0 2.0 1000.0 52907702.0
11700.0 0.0 3.0 40.0 61277356.0 5074814.0 0.0 60220000.0 371.0 2.0 1000.0 54087830.0
11800.0 0.0 1.0 42.0 59953930.0 5189784.0 0.0 60220000.0 380.0 2.0 1000.0 55296286.0
11900.0 0.0 2.0 42.0 58612762.0 5288998.0 0.0 60220000.0 378.0 2.0 1000.0 56538240.0
12000.0 0.0 2.0 41.0 57286264.0 5387483.0 0.0 60220000.0 373.0 2.0 1000.0 57766253.0
12100.0 0.0 2.0 40.0 55980247.0 5508954.0 0.0 60220000.0 365.0 2.0 1000.0 58950799.0
12200.0 0.0 2.0 40.0 54705879.0 5601697.0 0.0 60220000.0 357.0 2.0 1000.0 60132424.0
12300.0 0.0 0.0 41.0 53432758.0 5667607.0 0.0 60220000.0 361.0 2.0 1000.0 61339635.0
12400.0 0.0 1.0 38.0 52170053.0 5748651.0 0.0 60220000.0 356.0 2.0 1000.0 62521296.0
12500.0 0.0 1.0 37.0 50921544.0 5874932.0 0.0 60220000.0 354.0 2.0 1000.0 63643524.0
12600.0 0.0 1.0 36.0 49690743.0 6019547.0 0.0 60220000.0 346.0 2.0 1000.0 64729710.0
12700.0 0.0 1.0 36.0 48478345.0 6165329.0 0.0 60220000.0 340.0 2.0 1000.0 65796326.0
12800.0 0.0 1.0 35.0 47302789.0 6289597.0 0.0 60220000.0 330.0 2.0 1000.0 66847614.0
12900.0 2.0 1.0 39.0 46111266.0 6399566.0 0.0 60220000.0 356.0 2.0 1000.0 67929168.0
13000.0 0.0 2.0 43.0 44803362.0 6461695.0 0.0 60220000.0 376.0 2.0 1000.0 69174943.0
13100.0 0.0 2.0 43.0 43482675.0 6506393.0 0.0 60220000.0 374.0 2.0 1000.0 70450932.0
13200.0 1.0 0.0 47.0 42149585.0 6504106.0 0.0 60220000.0 390.0 2.0 1000.0 71786309.0
13300.0 1.0 3.0 47.0 40759348.0 6503004.0 0.0 60220000.0 395.0 2.0 1000.0 73177648.0
13400.0 0.0 0.0 49.0 39375474.0 6441639.0 0.0 60220000.0 388.0 2.0 1000.0 74622887.0
13500.0 1.0 3.0 50.0 38010363.0 6346612.0 0.0 60220000.0 396.0 2.0 1000.0 76083025.0
13600.0 1.0 2.0 54.0 36577903.0 6230029.0 0.0 60220000.0 423.0 2.0 1000.0 77632068.0
13700.0 2.0 3.0 56.0 35057712.0 6132673.0 0.0 60220000.0 441.0 2.0 1000.0 79249615.0
13800.0 0.0 2.0 58.0 33454974.0 5997959.0 0.0 60220000.0 452.0 2.0 1000.0 80987067.0
13900.0 0.0 2.0 56.0 31884557.0 5889486.0 0.0 60220000.0 440.0 2.0 1000.0 82665957.0
14000.0 1.0 0.0 58.0 30310962.0 5800686.0 0.0 60220000.0 465.0 2.0 1000.0 84328352.0
14100.0 1.0 1.0 62.0 28622581.0 5716987.0 0.0 60220000.0 492.0 2.0 1000.0 86100432.0
14200.0 0.0 1.0 64.0 26875503.0 5575318.0 0.0 60220000.0 497.0 2.0 1000.0 87989179.0
14300.0 0.0 1.0 63.0 25137707.0 5424914.0 0.0 60220000.0 491.0 2.0 1000.0 89877379.0
14400.0 1.0 0.0 65.0 23394694.0 5315460.0 0.0 60220000.0 514.0 2.0 1000.0 91729846.0
14500.0 2.0 2.0 70.0 21528822.0 5209595.0 0.0 60220000.0 560.0 2.0 1000.0 93701583.0
14600.0 0.0 0.0 73.0 19478736.0 5149506.0 0.0 60220000.0 596.0 2.0 1000.0 95811758.0
14700.0 2.0 0.0 74.0 17397883.0 5077252.0 0.0 60220000.0 598.0 2.0 1000.0 97964865.0
14800.0 0.0 3.0 77.0 15224550.0 4985840.0 0.0 60220000.0 626.0 2.0 1000.0 100229610.0
14900.0 0.0 0.0 78.0 13052407.0 4866022.0 0.0 60220000.0 617.0 2.0 1000.0 102521571.0
15000.0 0.0 0.0 74.0 10908080.0 4777025.0 0.0 60220000.0 610.0 2.0 1000.0 104754895.0
15100.0 0.0 0.0 73.0 8792276.0 4719260.0 0.0 60220000.0 601.0 2.0 1000.0 106928464.0
15200.0 1.0 1.0 72.0 6718198.0 4647745.0 0.0 60220000.0 591.0 2.0 1000.0 109074057.0
15300.0 0.0 1.0 73.0 4668260.0 4545521.0 0.0 60220000.0 593.0 2.0 1000.0 111226219.0
15400.0 0.0 1.0 72.0 2676471.0 4415794.0 0.0 60220000.0 582.0 2.0 1000.0 113347735.0
15500.0 0.0 1.0 69.0 825912.0 4198537.0 0.0 60220000.0 567.0 2.0 1000.0 115415551.0
15600.0 0.0 1.0 68.0 1896.0 3018752.0 0.0 60220000.0 555.0 2.0 1000.0 117419352.0
15700.0 0.0 1.0 68.0 597.0 1068591.0 0.0 60220000.0 546.0 2.0 1000.0 119370812.0
15800.0 0.0 1.0 66.0 2.0 27.0 0.0 60220000.0 532.0 2.0 1000.0 120439971.0
15900.0 0.0 1.0 63.0 0.0 0.0 0.0 60220000.0 524.0 2.0 1000.0 120440000.0
16000.0 0.0 1.0 62.0 0.0 0.0 0.0 60220000.0 513.0 2.0 1000.0 120440000.0
16100.0 0.0 1.0 62.0 0.0 0.0 0.0 60220000.0 506.0 2.0 1000.0 120440000.0
16200.0 0.0 1.0 62.0 0.0 0.0 0.0 60220000.0 501.0 2.0 1000.0 120440000.0
16300.0 0.0 1.0 62.0 0.0 0.0 0.0 60220000.0 493.0 2.0 1000.0 120440000.0
16400.0 0.0 1.0 59.0 0.0 0.0 0.0 60220000.0 482.0 2.0 1000.0 120440000.0
16500.0 0.0 1.0 59.0 0.0 0.0 0.0 60220000.0 473.0 2.0 1000.0 120440000.0
16600.0 0.0 1.0 59.0 0.0 0.0 0.0 60220000.0 472.0 2.0 1000.0 120440000.0
16700.0 0.0 1.0 59.0 0.0 0.0 0.0 60220000.0 465.0 2.0 1000.0 120440000.0
16800.0 0.0 1.0 58.0 0.0 0.0 0.0 60220000.0 453.0 2.0 1000.0 120440000.0
16900.0 0.0 1.0 56.0 0.0 0.0 0.0 60220000.0 446.0 2.0 1000.0 120440000.0
17000.0 0.0 1.0 56.0 0.0 0.0 0.0 60220000.0 437.0 2.0 1000.0 120440000.0
17100.0 0.0 1.0 56.0 0.0 0.0 0.0 60220000.0 431.0 2.0 1000.0 120440000.0
17200.0 1.0 1.0 60.0 0.0 0.0 0.0 60220000.0 442.0 2.0 1000.0 120440000.0
17300.0 0.0 2.0 63.0 0.0 0.0 0.0 60220000.0 457.0 2.0 1000.0 120440000.0
17400.0 0.0 2.0 62.0 0.0 0.0 0.0 60220000.0 449.0 2.0 1000.0 120440000.0
17500.0 0.0 2.0 61.0 0.0 0.0 0.0 60220000.0 444.0 2.0 1000.0 120440000.0
17600.0 0.0 2.0 59.0 0.0 0.0 0.0 60220000.0 436.0 2.0 1000.0 120440000.0
17700.0 0.0 2.0 59.0 0.0 0.0 0.0 60220000.0 428.0 2.0 1000.0 120440000.0
17800.0 0.0 2.0 58.0 0.0 0.0 0.0 60220000.0 419.0 2.0 1000.0 120440000.0
17900.0 0.0 2.0 58.0 0.0 0.0 0.0 60220000.0 413.0 2.0 1000.0 120440000.0
18000.0 0.0 2.0 55.0 0.0 0.0 0.0 60220000.0 408.0 2.0 1000.0 120440000.0
18100.0 0.0 2.0 54.0 0.0 0.0 0.0 60220000.0 402.0 2.0 1000.0 120440000.0
18200.0 0.0 2.0 53.0 0.0 0.0 0.0 60220000.0 401.0 2.0 1000.0 120440000.0
18300.0 0.0 2.0 53.0 0.0 0.0 0.0 60220000.0 399.0 2.0 1000.0 120440000.0
18400.0 0.0 2.0 52.0 0.0 0.0 0.0 60220000.0 393.0 2.0 1000.0 120440000.0
18500.0 0.0 2.0 52.0 0.0 0.0 0.0 60220000.0 379.0 2.0 1000.0 120440000.0
18600.0 0.0 2.0 51.0 0.0 0.0 0.0 60220000.0 372.0 2.0 1000.0 120440000.0
18700.0 0.0 2.0 51.0 0.0 0.0 0.0 60220000.0 368.0 2.0 1000.0 120440000.0
18800.0 0.0 2.0 50.0 0.0 0.0 0.0 60220000.0 362.0 2.0 1000.0 120440000.0
18900.0 0.0 2.0 50.0 0.0 0.0 0.0 60220000.0 357.0 2.0 1000.0 120440000.0
19000.0 0.0 2.0 50.0 0.0 0.0 0.0 60220000.0 349.0 2.0 1000.0 120440000.0
19100.0 0.0 2.0 50.0 0.0 0.0 0.0 60220000.0 346.0 2.0 1000.0 120440000.0
19200.0 0.0 2.0 50.0 0.0 0.0 0.0 60220000.0 340.0 2.0 1000.0 120440000.0
19300.0 0.0 2.0 50.0 0.0 0.0 0.0 60220000.0 333.0 2.0 1000.0 120440000.0
19400.0 0.0 2.0 49.0 0.0 0.0 0.0 60220000.0 327.0 2.0 1000.0 120440000.0
19500.0 0.0 2.0 48.0 0.0 0.0 0.0 60220000.0 324.0 2.0 1000.0 120440000.0
19600.0 0.0 2.0 46.0 0.0 0.0 0.0 60220000.0 322.0 2.0 1000.0 120440000.0
19700.0 0.0 2.0 46.0 0.0 0.0 0.0 60220000.0 318.0 2.0 1000.0 120440000.0
19800.0 0.0 2.0 46.0 0.0 0.0 0.0 60220000.0 315.0 2.0 1000.0 120440000.0
19900.0 0.0 2.0 46.0 0.0 0.0 0.0 60220000.0 312.0 2.0 1000.0 120440000.0
