time rna_M monomer_betaGal protein_betaGal Lactose_external Lactose_internal Glucose_external Glucose_internal protein_Lactose_Permease dna_Lac_Operon Biomass Lactose_consumed
0.0 0.0 0.0 0.0 120440000.0 0.0 60220000.0 0.0 0.0 2.0 1000.0 0.0
100.0 0.0 0.0 0.0 120440000.0 0.0 30117738.0 30102262.0 0.0 2.0 1000.0 0.0
200.0 0.0 0.0 0.0 120440000.0 0.0 68779.0 60151221.0 0.0 2.0 1000.0 0.0
300.0 0.0 0.0 0.0 120440000.0 0.0 0.0 60220000.0 0.0 2.0 1000.0 0.0
400.0 0.0 0.0 0.0 120440000.0 0.0 0.0 60220000.0 0.0 2.0 1000.0 0.0
500.0 0.0 0.0 0.0 120440000.0 0.0 0.0 60220000.0 0.0 2.0 1000.0 0.0
600.0 0.0 0.0 0.0 120440000.0 0.0 0.0 60220000.0 0.0 2.0 1000.0 0.0
700.0 0.0 0.0 0.0 120440000.0 0.0 0.0 60220000.0 0.0 2.0 1000.0 0.0
800.0 0.0 0.0 0.0 120440000.0 0.0 0.0 60220000.0 0.0 2.0 1000.0 0.0
900.0 0.0 0.0 0.0 120440000.0 0.0 0.0 60220000.0 0.0 2.0 1000.0 0.0
1000.0 0.0 0.0 0.0 120440000.0 0.0 0.0 60220000.0 0.0 2.0 1000.0 0.0
1100.0 0.0 0.0 0.0 120440000.0 0.0 0.0 60220000.0 0.0 2.0 1000.0 0.0
1200.0 0.0 0.0 0.0 120440000.0 0.0 0.0 60220000.0 0.0 2.0 1000.0 0.0
1300.0 0.0 0.0 0.0 120440000.0 0.0 0.0 60220000.0 0.0 2.0 1000.0 0.0
1400.0 0.0 0.0 0.0 120440000.0 0.0 0.0 60220000.0 0.0 2.0 1000.0 0.0
1500.0 0.0 0.0 0.0 120440000.0 0.0 0.0 60220000.0 0.0 2.0 1000.0 0.0
1600.0 0.0 0.0 0.0 120440000.0 0.0 0.0 60220000.0 0.0 2.0 1000.0 0.0
1700.0 0.0 0.0 0.0 120440000.0 0.0 0.0 60220000.0 0.0 2.0 1000.0 0.0
1800.0 0.0 0.0 0.0 120440000.0 0.0 0.0 60220000.0 0.0 2.0 1000.0 0.0
1900.0 0.0 0.0 0.0 120440000.0 0.0 0.0 60220000.0 0.0 2.0 1000.0 0.0
2000.0 0.0 0.0 0.0 120440000.0 0.0 0.0 60220000.0 0.0 2.0 1000.0 0.0
2100.0 0.0 0.0 0.0 120440000.0 0.0 0.0 60220000.0 0.0 2.0 1000.0 0.0
2200.0 0.0 0.0 0.0 120440000.0 0.0 0.0 60220000.0 0.0 2.0 1000.0 0.0
2300.0 0.0 0.0 0.0 120440000.0 0.0 0.0 60220000.0 0.0 2.0 1000.0 0.0
2400.0 0.0 0.0 0.0 120440000.0 0.0 0.0 60220000.0 0.0 2.0 1000.0 0.0
2500.0 0.0 0.0 0.0 120440000.0 0.0 0.0 60220000.0 0.0 2.0 1000.0 0.0
2600.0 0.0 0.0 0.0 120440000.0 0.0 0.0 60220000.0 0.0 2.0 1000.0 0.0
2700.0 0.0 0.0 0.0 120440000.0 0.0 0.0 60220000.0 0.0 2.0 1000.0 0.0
2800.0 0.0 0.0 0.0 120440000.0 0.0 0.0 60220000.0 0.0 2.0 1000.0 0.0
2900.0 0.0 0.0 0.0 120440000.0 0.0 0.0 60220000.0 0.0 2.0 1000.0 0.0
3000.0 0.0 0.0 0.0 120440000.0 0.0 0.0 60220000.0 0.0 2.0 1000.0 0.0
3100.0 0.0 0.0 0.0 120440000.0 0.0 0.0 60220000.0 0.0 2.0 1000.0 0.0
3200.0 0.0 0.0 0.0 120440000.0 0.0 0.0 60220000.0 0.0 2.0 1000.0 0.0
3300.0 0.0 0.0 0.0 120440000.0 0.0 0.0 60220000.0 0.0 2.0 1000.0 0.0
3400.0 0.0 0.0 0.0 120440000.0 0.0 0.0 60220000.0 0.0 2.0 1000.0 0.0
3500.0 0.0 0.0 0.0 120440000.0 0.0 0.0 60220000.0 0.0 2.0 1000.0 0.0
3600.0 0.0 0.0 0.0 120440000.0 0.0 0.0 60220000.0 0.0 2.0 1000.0 0.0
3700.0 0.0 0.0 0.0 120440000.0 0.0 0.0 60220000.0 0.0 2.0 1000.0 0.0
3800.0 0.0 0.0 0.0 120440000.0 0.0 0.0 60220000.0 0.0 2.0 1000.0 0.0
3900.0 0.0 0.0 0.0 120440000.0 0.0 0.0 60220000.0 0.0 2.0 1000.0 0.0
4000.0 0.0 0.0 0.0 120440000.0 0.0 0.0 60220000.0 0.0 2.0 1000.0 0.0
4100.0 0.0 0.0 0.0 120440000.0 0.0 0.0 60220000.0 0.0 2.0 1000.0 0.0
4200.0 0.0 0.0 0.0 120440000.0 0.0 0.0 60220000.0 0.0 2.0 1000.0 0.0
4300.0 0.0 0.0 0.0 120440000.0 0.0 0.0 60220000.0 0.0 2.0 1000.0 0.0
4400.0 0.0 0.0 0.0 120440000.0 0.0 0.0 60220000.0 0.0 2.0 1000.0 0.0
4500.0 0.0 0.0 0.0 120440000.0 0.0 0.0 60220000.0 0.0 2.0 1000.0 0.0
4600.0 0.0 0.0 0.0 120440000.0 0.0 0.0 60220000.0 0.0 2.0 1000.0 0.0
4700.0 0.0 3.0 0.0 120426286.0 13714.0 0.0 60220000.0 8.0 2.0 1000.0 0.0
4800.0 0.0 3.0 0.0 120397875.0 42125.0 0.0 60220000.0 8.0 2.0 1000.0 0.0
4900.0 0.0 3.0 0.0 120369477.0 70523.0 0.0 60220000.0 8.0 2.0 1000.0 0.0
5000.0 0.0 3.0 0.0 120340612.0 99388.0 0.0 60220000.0 8.0 2.0 1000.0 0.0
5100.0 0.0 3.0 0.0 120311699.0 128301.0 0.0 60220000.0 8.0 2.0 1000.0 0.0
5200.0 0.0 3.0 0.0 120283184.0 156816.0 0.0 60220000.0 8.0 2.0 1000.0 0.0
5300.0 0.0 3.0 0.0 120254592.0 185408.0 0.0 60220000.0 8.0 2.0 1000.0 0.0
5400.0 0.0 3.0 0.0 120225715.0 214285.0 0.0 60220000.0 8.0 2.0 1000.0 0.0
5500.0 0.0 3.0 0.0 120197190.0 242810.0 0.0 60220000.0 8.0 2.0 1000.0 0.0
5600.0 0.0 3.0 0.0 120168400.0 271600.0 0.0 60220000.0 8.0 2.0 1000.0 0.0
5700.0 0.0 3.0 0.0 120139748.0 300252.0 0.0 60220000.0 8.0 2.0 1000.0 0.0
5800.0 0.0 3.0 0.0 120111152.0 328848.0 0.0 60220000.0 8.0 2.0 1000.0 0.0
5900.0 0.0 3.0 0.0 120083040.0 356960.0 0.0 60220000.0 7.0 2.0 1000.0 0.0
6000.0 0.0 3.0 0.0 120057891.0 382109.0 0.0 60220000.0 7.0 2.0 1000.0 0.0
6100.0 0.0 3.0 0.0 120033022.0 406978.0 0.0 60220000.0 7.0 2.0 1000.0 0.0
6200.0 0.0 3.0 0.0 120008050.0 431950.0 0.0 60220000.0 7.0 2.0 1000.0 0.0
6300.0 0.0 3.0 0.0 119984341.0 455659.0 0.0 60220000.0 6.0 2.0 1000.0 0.0
6400.0 1.0 2.0 3.0 119933562.0 468239.0 0.0 60220000.0 25.0 2.0 1000.0 38199.0
6500.0 0.0 3.0 3.0 119809224.0 515857.0 0.0 60220000.0 36.0 2.0 1000.0 114919.0
6600.0 0.0 3.0 3.0 119683087.0 564202.0 0.0 60220000.0 35.0 2.0 1000.0 192711.0
6700.0 0.0 3.0 3.0 119560166.0 607978.0 0.0 60220000.0 33.0 2.0 1000.0 271856.0
6800.0 0.0 3.0 3.0 119442582.0 646881.0 0.0 60220000.0 33.0 2.0 1000.0 350537.0
6900.0 0.0 3.0 3.0 119324453.0 684356.0 0.0 60220000.0 33.0 2.0 1000.0 431191.0
7000.0 0.0 3.0 3.0 119206717.0 722019.0 0.0 60220000.0 33.0 2.0 1000.0 511264.0
7100.0 0.0 3.0 3.0 119091591.0 756185.0 0.0 60220000.0 32.0 2.0 1000.0 592224.0
7200.0 0.0 3.0 3.0 118977347.0 789366.0 0.0 60220000.0 32.0 2.0 1000.0 673287.0
7300.0 0.0 3.0 3.0 118863707.0 821309.0 0.0 60220000.0 32.0 2.0 1000.0 754984.0
7400.0 0.0 3.0 3.0 118749109.0 854126.0 0.0 60220000.0 32.0 2.0 1000.0 836765.0
7500.0 0.0 3.0 3.0 118634868.0 886045.0 0.0 60220000.0 32.0 2.0 1000.0 919087.0
7600.0 0.0 3.0 3.0 118520732.0 918046.0 0.0 60220000.0 32.0 2.0 1000.0 1001222.0
7700.0 0.0 3.0 3.0 118407172.0 949255.0 0.0 60220000.0 32.0 2.0 1000.0 1083573.0
7800.0 0.0 3.0 3.0 118293557.0 980011.0 0.0 60220000.0 32.0 2.0 1000.0 1166432.0
7900.0 0.0 3.0 3.0 118180228.0 1010490.0 0.0 60220000.0 32.0 2.0 1000.0 1249282.0
8000.0 0.0 3.0 3.0 118066614.0 1040792.0 0.0 60220000.0 32.0 2.0 1000.0 1332594.0
8100.0 0.0 3.0 3.0 117954434.0 1069921.0 0.0 60220000.0 31.0 2.0 1000.0 1415645.0
8200.0 0.0 3.0 3.0 117844102.0 1096729.0 0.0 60220000.0 31.0 2.0 1000.0 1499169.0
8300.0 0.0 3.0 2.0 117733848.0 1130232.0 0.0 60220000.0 31.0 2.0 1000.0 1575920.0
8400.0 0.0 3.0 2.0 117623687.0 1184490.0 0.0 60220000.0 31.0 2.0 1000.0 1631823.0
8500.0 0.0 3.0 2.0 117512969.0 1239103.0 0.0 60220000.0 31.0 2.0 1000.0 1687928.0
8600.0 0.0 3.0 2.0 117402859.0 1293031.0 0.0 60220000.0 31.0 2.0 1000.0 1744110.0
8700.0 0.0 3.0 2.0 117292394.0 1347030.0 0.0 60220000.0 31.0 2.0 1000.0 1800576.0
8800.0 0.0 3.0 2.0 117181793.0 1401236.0 0.0 60220000.0 31.0 2.0 1000.0 1856971.0
8900.0 0.0 3.0 2.0 117071769.0 1454160.0 0.0 60220000.0 31.0 2.0 1000.0 1914071.0
9000.0 0.0 3.0 2.0 116964179.0 1504924.0 0.0 60220000.0 30.0 2.0 1000.0 1970897.0
9100.0 0.0 3.0 2.0 116857761.0 1554567.0 0.0 60220000.0 30.0 2.0 1000.0 2027672.0
9200.0 0.0 3.0 2.0 116751180.0 1603745.0 0.0 60220000.0 30.0 2.0 1000.0 2085075.0
9300.0 0.0 3.0 2.0 116644677.0 1653418.0 0.0 60220000.0 30.0 2.0 1000.0 2141905.0
9400.0 0.0 3.0 2.0 116538995.0 1701837.0 0.0 60220000.0 29.0 2.0 1000.0 2199168.0
9500.0 1.0 3.0 3.0 116428883.0 1750116.0 0.0 60220000.0 37.0 2.0 1000.0 2261001.0
9600.0 1.0 0.0 8.0 116246586.0 1780698.0 0.0 60220000.0 65.0 2.0 1000.0 2412716.0
9700.0 0.0 2.0 10.0 115960952.0 1797673.0 0.0 60220000.0 88.0 2.0 1000.0 2681375.0
9800.0 0.0 2.0 9.0 115655040.0 1825540.0 0.0 60220000.0 84.0 2.0 1000.0 2959420.0
9900.0 0.0 2.0 9.0 115355453.0 1866693.0 0.0 60220000.0 84.0 2.0 1000.0 3217854.0
10000.0 0.0 2.0 9.0 115059707.0 1904235.0 0.0 60220000.0 83.0 2.0 1000.0 3476058.0
10100.0 0.0 2.0 9.0 114764086.0 1940507.0 0.0 60220000.0 83.0 2.0 1000.0 3735407.0
10200.0 0.0 2.0 8.0 114469242.0 1977601.0 0.0 60220000.0 83.0 2.0 1000.0 3993157.0
10300.0 0.0 2.0 8.0 114174985.0 2041195.0 0.0 60220000.0 82.0 2.0 1000.0 4223820.0
10400.0 0.0 2.0 8.0 113888825.0 2096789.0 0.0 60220000.0 79.0 2.0 1000.0 4454386.0
10500.0 0.0 2.0 8.0 113612914.0 2141295.0 0.0 60220000.0 77.0 2.0 1000.0 4685791.0
10600.0 0.0 2.0 8.0 113340360.0 2182474.0 0.0 60220000.0 76.0 2.0 1000.0 4917166.0
10700.0 0.0 2.0 8.0 113075633.0 2216707.0 0.0 60220000.0 74.0 2.0 1000.0 5147660.0
10800.0 0.0 2.0 8.0 112816791.0 2244427.0 0.0 60220000.0 72.0 2.0 1000.0 5378782.0
10900.0 1.0 1.0 9.0 112559259.0 2287200.0 0.0 60220000.0 79.0 2.0 1000.0 5593541.0
11000.0 0.0 2.0 9.0 112279883.0 2305286.0 0.0 60220000.0 77.0 2.0 1000.0 5854831.0
11100.0 1.0 1.0 11.0 112000888.0 2315753.0 0.0 60220000.0 90.0 2.0 1000.0 6123359.0
11200.0 1.0 2.0 15.0 111629767.0 2307061.0 0.0 60220000.0 122.0 2.0 1000.0 6503172.0
11300.0 1.0 3.0 19.0 111142005.0 2296341.0 0.0 60220000.0 151.0 2.0 1000.0 7001654.0
11400.0 0.0 1.0 20.0 110603567.0 2257575.0 0.0 60220000.0 150.0 2.0 1000.0 7578858.0
11500.0 0.0 1.0 19.0 110072085.0 2237035.0 0.0 60220000.0 149.0 2.0 1000.0 8130880.0
11600.0 0.0 1.0 19.0 109542783.0 2217441.0 0.0 60220000.0 147.0 2.0 1000.0 8679776.0
11700.0 0.0 1.0 19.0 109027479.0 2183944.0 0.0 60220000.0 144.0 2.0 1000.0 9228577.0
11800.0 0.0 1.0 19.0 108523742.0 2138920.0 0.0 60220000.0 141.0 2.0 1000.0 9777338.0
11900.0 0.0 1.0 19.0 108034016.0 2080329.0 0.0 60220000.0 136.0 2.0 1000.0 10325655.0
12000.0 0.0 1.0 18.0 107549243.0 2036472.0 0.0 60220000.0 136.0 2.0 1000.0 10854285.0
12100.0 1.0 3.0 17.0 107061424.0 2012676.0 0.0 60220000.0 145.0 2.0 1000.0 11365900.0
12200.0 0.0 3.0 18.0 106524571.0 2033301.0 0.0 60220000.0 152.0 2.0 1000.0 11882128.0
12300.0 0.0 3.0 18.0 105987578.0 2050620.0 0.0 60220000.0 150.0 2.0 1000.0 12401802.0
12400.0 0.0 3.0 18.0 105463726.0 2057150.0 0.0 60220000.0 146.0 2.0 1000.0 12919124.0
12500.0 1.0 1.0 22.0 104878638.0 2073650.0 0.0 60220000.0 180.0 2.0 1000.0 13487712.0
12600.0 0.0 2.0 22.0 104216064.0 2101036.0 0.0 60220000.0 187.0 2.0 1000.0 14122900.0
12700.0 0.0 2.0 22.0 103554942.0 2128560.0 0.0 60220000.0 186.0 2.0 1000.0 14756498.0
12800.0 0.0 2.0 22.0 102906990.0 2141545.0 0.0 60220000.0 180.0 2.0 1000.0 15391465.0
12900.0 1.0 3.0 23.0 102274737.0 2132330.0 0.0 60220000.0 180.0 2.0 1000.0 16032933.0
13000.0 1.0 0.0 28.0 101561545.0 2112436.0 0.0 60220000.0 220.0 2.0 1000.0 16766019.0
13100.0 1.0 1.0 29.0 100762181.0 2097626.0 0.0 60220000.0 233.0 2.0 1000.0 17580193.0
13200.0 0.0 2.0 29.0 99922944.0 2100767.0 0.0 60220000.0 236.0 2.0 1000.0 18416289.0
13300.0 0.0 2.0 29.0 99094817.0 2092051.0 0.0 60220000.0 231.0 2.0 1000.0 19253132.0
13400.0 0.0 2.0 29.0 98284541.0 2066850.0 0.0 60220000.0 225.0 2.0 1000.0 20088609.0
13500.0 0.0 2.0 28.0 97493411.0 2031189.0 0.0 60220000.0 220.0 2.0 1000.0 20915400.0
13600.0 0.0 2.0 25.0 96716881.0 2057713.0 0.0 60220000.0 217.0 2.0 1000.0 21665406.0
13700.0 0.0 2.0 25.0 95952656.0 2102526.0 0.0 60220000.0 212.0 2.0 1000.0 22384818.0
13800.0 0.0 2.0 24.0 95203643.0 2138120.0 0.0 60220000.0 210.0 2.0 1000.0 23098237.0
13900.0 0.0 2.0 23.0 94458803.0 2195854.0 0.0 60220000.0 209.0 2.0 1000.0 23785343.0
14000.0 0.0 2.0 23.0 93721974.0 2268191.0 0.0 60220000.0 207.0 2.0 1000.0 24449835.0
14100.0 0.0 2.0 23.0 92989914.0 2334309.0 0.0 60220000.0 204.0 2.0 1000.0 25115777.0
14200.0 0.0 2.0 22.0 92269623.0 2414368.0 0.0 60220000.0 202.0 2.0 1000.0 25756009.0
14300.0 1.0 0.0 23.0 91560060.0 2485085.0 0.0 60220000.0 203.0 2.0 1000.0 26394855.0
14400.0 0.0 1.0 22.0 90826951.0 2561448.0 0.0 60220000.0 207.0 2.0 1000.0 27051601.0
14500.0 0.0 1.0 21.0 90100043.0 2667601.0 0.0 60220000.0 203.0 2.0 1000.0 27672356.0
14600.0 1.0 2.0 21.0 89385452.0 2771420.0 0.0 60220000.0 202.0 2.0 1000.0 28283128.0
14700.0 0.0 1.0 24.0 88653470.0 2824942.0 0.0 60220000.0 207.0 2.0 1000.0 28961588.0
14800.0 0.0 1.0 22.0 87932526.0 2864999.0 0.0 60220000.0 202.0 2.0 1000.0 29642475.0
14900.0 0.0 1.0 22.0 87224948.0 2931586.0 0.0 60220000.0 198.0 2.0 1000.0 30283466.0
15000.0 1.0 1.0 21.0 86528858.0 3005886.0 0.0 60220000.0 195.0 2.0 1000.0 30905256.0
15100.0 1.0 3.0 22.0 85820842.0 3091787.0 0.0 60220000.0 209.0 2.0 1000.0 31527371.0
15200.0 1.0 1.0 26.0 85025907.0 3184899.0 0.0 60220000.0 242.0 2.0 1000.0 32229194.0
15300.0 0.0 2.0 29.0 84113316.0 3286230.0 0.0 60220000.0 274.0 2.0 1000.0 33040454.0
15400.0 0.0 2.0 28.0 83150700.0 3423357.0 0.0 60220000.0 269.0 2.0 1000.0 33865943.0
15500.0 0.0 3.0 28.0 82202358.0 3551404.0 0.0 60220000.0 267.0 2.0 1000.0 34686238.0
15600.0 1.0 2.0 31.0 81211038.0 3697136.0 0.0 60220000.0 302.0 2.0 1000.0 35531826.0
15700.0 3.0 1.0 41.0 80015266.0 3839830.0 0.0 60220000.0 376.0 2.0 1000.0 36584904.0
15800.0 2.0 0.0 51.0 78512791.0 4018554.0 0.0 60220000.0 473.0 2.0 1000.0 37908655.0
15900.0 1.0 0.0 58.0 76767999.0 4184900.0 0.0 60220000.0 527.0 2.0 1000.0 39487101.0
16000.0 0.0 2.0 61.0 74871881.0 4315108.0 0.0 60220000.0 540.0 2.0 1000.0 41253011.0
16100.0 0.0 2.0 61.0 72974607.0 4416631.0 0.0 60220000.0 533.0 2.0 1000.0 43048762.0
16200.0 0.0 1.0 62.0 71099708.0 4491945.0 0.0 60220000.0 538.0 2.0 1000.0 44848347.0
16300.0 0.0 1.0 62.0 69206145.0 4563092.0 0.0 60220000.0 534.0 2.0 1000.0 46670763.0
16400.0 0.0 1.0 61.0 67328306.0 4626840.0 0.0 60220000.0 527.0 2.0 1000.0 48484854.0
16500.0 0.0 1.0 60.0 65488708.0 4681793.0 0.0 60220000.0 517.0 2.0 1000.0 50269499.0
16600.0 0.0 3.0 57.0 63653181.0 4761112.0 0.0 60220000.0 520.0 2.0 1000.0 52025707.0
16700.0 0.0 3.0 55.0 61839371.0 4901856.0 0.0 60220000.0 511.0 2.0 1000.0 53698773.0
16800.0 1.0 1.0 58.0 60014907.0 5070351.0 0.0 60220000.0 524.0 2.0 1000.0 55354742.0
16900.0 1.0 3.0 63.0 58115720.0 5171950.0 0.0 60220000.0 557.0 2.0 1000.0 57152330.0
17000.0 1.0 1.0 65.0 56108707.0 5279592.0 0.0 60220000.0 582.0 2.0 1000.0 59051701.0
17100.0 0.0 0.0 65.0 54055952.0 5408124.0 0.0 60220000.0 582.0 2.0 1000.0 60975924.0
17200.0 0.0 0.0 64.0 52022836.0 5546317.0 0.0 60220000.0 573.0 2.0 1000.0 62870847.0
17300.0 0.0 0.0 63.0 50012394.0 5688986.0 0.0 60220000.0 567.0 2.0 1000.0 64738620.0
17400.0 0.0 0.0 62.0 48026547.0 5830423.0 0.0 60220000.0 560.0 2.0 1000.0 66583030.0
17500.0 0.0 2.0 62.0 46046460.0 5961559.0 0.0 60220000.0 560.0 2.0 1000.0 68431981.0
17600.0 1.0 2.0 61.0 44085525.0 6093313.0 0.0 60220000.0 554.0 2.0 1000.0 70261162.0
17700.0 0.0 0.0 62.0 42113195.0 6265152.0 0.0 60220000.0 567.0 2.0 1000.0 72061653.0
17800.0 1.0 0.0 63.0 40118354.0 6424894.0 0.0 60220000.0 577.0 2.0 1000.0 73896752.0
17900.0 1.0 0.0 66.0 38044887.0 6597671.0 0.0 60220000.0 601.0 2.0 1000.0 75797442.0
18000.0 0.0 1.0 66.0 35907793.0 6751139.0 0.0 60220000.0 611.0 2.0 1000.0 77781068.0
18100.0 0.0 1.0 64.0 33790621.0 6928742.0 0.0 60220000.0 598.0 2.0 1000.0 79720637.0
18200.0 1.0 3.0 63.0 31707882.0 7139133.0 0.0 60220000.0 593.0 2.0 1000.0 81592985.0
18300.0 2.0 2.0 68.0 29557756.0 7313033.0 0.0 60220000.0 632.0 2.0 1000.0 83569211.0
18400.0 1.0 0.0 67.0 27295285.0 7556505.0 0.0 60220000.0 649.0 2.0 1000.0 85588210.0
18500.0 1.0 3.0 69.0 24987311.0 7841915.0 0.0 60220000.0 671.0 2.0 1000.0 87610774.0
18600.0 1.0 2.0 74.0 22599183.0 8091278.0 0.0 60220000.0 696.0 2.0 1000.0 89749539.0
18700.0 0.0 2.0 76.0 20137498.0 8322869.0 0.0 60220000.0 707.0 2.0 1000.0 91979633.0
18800.0 0.0 2.0 76.0 17689821.0 8511525.0 0.0 60220000.0 695.0 2.0 1000.0 94238654.0
18900.0 2.0 0.0 78.0 15270989.0 8665074.0 0.0 60220000.0 700.0 2.0 1000.0 96503937.0
19000.0 2.0 0.0 89.0 12716031.0 8774496.0 0.0 60220000.0 759.0 2.0 1000.0 98949473.0
19100.0 1.0 0.0 95.0 10005782.0 8753870.0 0.0 60220000.0 797.0 2.0 1000.0 101680348.0
19200.0 0.0 2.0 94.0 7263522.0 8691523.0 0.0 60220000.0 789.0 2.0 1000.0 104484955.0
19300.0 0.0 2.0 93.0 4587373.0 8597114.0 0.0 60220000.0 774.0 2.0 1000.0 107255513.0
19400.0 1.0 2.0 91.0 2016746.0 8434945.0 0.0 60220000.0 763.0 2.0 1000.0 109988309.0
19500.0 2.0 1.0 90.0 27996.0 7737052.0 0.0 60220000.0 764.0 2.0 1000.0 112674952.0
19600.0 1.0 1.0 93.0 1918.0 5046414.0 0.0 60220000.0 784.0 2.0 1000.0 115391668.0
19700.0 2.0 0.0 102.0 1098.0 2190815.0 0.0 60220000.0 828.0 2.0 1000.0 118248087.0
19800.0 1.0 2.0 107.0 3.0 22.0 0.0 60220000.0 902.0 2.0 1000.0 120439975.0
19900.0 1.0 0.0 110.0 0.0 0.0 0.0 60220000.0 903.0 2.0 1000.0 120440000.0
