time rna_M monomer_betaGal protein_betaGal Lactose_external Lactose_internal Glucose_external Glucose_internal protein_Lactose_Permease dna_Lac_Operon Biomass Lactose_consumed
0.0 0.0 0.0 0.0 120440000.0 0.0 60220000.0 0.0 0.0 2.0 1000.0 0.0
100.0 0.0 0.0 0.0 120440000.0 0.0 30130166.0 30089834.0 0.0 2.0 1000.0 0.0
200.0 0.0 0.0 0.0 120440000.0 0.0 77882.0 60142118.0 0.0 2.0 1000.0 0.0
300.0 0.0 0.0 0.0 120440000.0 0.0 0.0 60220000.0 0.0 2.0 1000.0 0.0
400.0 0.0 0.0 0.0 120440000.0 0.0 0.0 60220000.0 0.0 2.0 1000.0 0.0
500.0 0.0 0.0 0.0 120440000.0 0.0 0.0 60220000.0 0.0 2.0 1000.0 0.0
600.0 0.0 2.0 1.0 120419698.0 18930.0 0.0 60220000.0 12.0 2.0 1000.0 1372.0
700.0 0.0 2.0 1.0 120376695.0 53069.0 0.0 60220000.0 12.0 2.0 1000.0 10236.0
800.0 0.0 2.0 1.0 120333582.0 82837.0 0.0 60220000.0 12.0 2.0 1000.0 23581.0
900.0 0.0 2.0 1.0 120290803.0 109817.0 0.0 60220000.0 12.0 2.0 1000.0 39380.0
1000.0 0.0 2.0 1.0 120248153.0 134590.0 0.0 60220000.0 12.0 2.0 1000.0 57257.0
1100.0 0.0 2.0 1.0 120205200.0 158525.0 0.0 60220000.0 12.0 2.0 1000.0 76275.0
1200.0 0.0 2.0 1.0 120162570.0 181163.0 0.0 60220000.0 12.0 2.0 1000.0 96267.0
1300.0 0.0 2.0 1.0 120119450.0 203457.0 0.0 60220000.0 12.0 2.0 1000.0 117093.0
1400.0 0.0 2.0 1.0 120076363.0 224824.0 0.0 60220000.0 12.0 2.0 1000.0 138813.0
1500.0 0.0 2.0 1.0 120033305.0 245909.0 0.0 60220000.0 12.0 2.0 1000.0 160786.0
1600.0 0.0 2.0 1.0 119990050.0 266407.0 0.0 60220000.0 12.0 2.0 1000.0 183543.0
1700.0 0.0 2.0 1.0 119947238.0 286462.0 0.0 60220000.0 12.0 2.0 1000.0 206300.0
1800.0 0.0 2.0 1.0 119904090.0 306385.0 0.0 60220000.0 12.0 2.0 1000.0 229525.0
1900.0 0.0 2.0 1.0 119861510.0 325350.0 0.0 60220000.0 12.0 2.0 1000.0 253140.0
2000.0 0.0 2.0 1.0 119818445.0 344420.0 0.0 60220000.0 12.0 2.0 1000.0 277135.0
2100.0 0.0 2.0 1.0 119775346.0 363302.0 0.0 60220000.0 12.0 2.0 1000.0 301352.0
2200.0 0.0 2.0 1.0 119732542.0 381411.0 0.0 60220000.0 12.0 2.0 1000.0 326047.0
2300.0 0.0 2.0 1.0 119689517.0 399658.0 0.0 60220000.0 12.0 2.0 1000.0 350825.0
2400.0 0.0 2.0 1.0 119646573.0 417680.0 0.0 60220000.0 12.0 2.0 1000.0 375747.0
2500.0 0.0 2.0 1.0 119603979.0 435046.0 0.0 60220000.0 12.0 2.0 1000.0 400975.0
2600.0 0.0 2.0 1.0 119561091.0 452865.0 0.0 60220000.0 12.0 2.0 1000.0 426044.0
2700.0 0.0 2.0 1.0 119518447.0 469911.0 0.0 60220000.0 12.0 2.0 1000.0 451642.0
2800.0 0.0 2.0 0.0 119475672.0 500427.0 0.0 60220000.0 12.0 2.0 1000.0 463901.0
2900.0 0.0 2.0 0.0 119432642.0 543457.0 0.0 60220000.0 12.0 2.0 1000.0 463901.0
3000.0 0.0 2.0 0.0 119389524.0 586575.0 0.0 60220000.0 12.0 2.0 1000.0 463901.0
3100.0 0.0 2.0 0.0 119346914.0 629185.0 0.0 60220000.0 11.0 2.0 1000.0 463901.0
3200.0 0.0 2.0 0.0 119307684.0 668415.0 0.0 60220000.0 11.0 2.0 1000.0 463901.0
3300.0 0.0 2.0 0.0 119268404.0 707695.0 0.0 60220000.0 11.0 2.0 1000.0 463901.0
3400.0 0.0 2.0 0.0 119229151.0 746948.0 0.0 60220000.0 11.0 2.0 1000.0 463901.0
3500.0 0.0 2.0 0.0 119189989.0 786110.0 0.0 60220000.0 11.0 2.0 1000.0 463901.0
3600.0 0.0 2.0 0.0 119150677.0 825422.0 0.0 60220000.0 11.0 2.0 1000.0 463901.0
3700.0 0.0 2.0 0.0 119111270.0 864829.0 0.0 60220000.0 11.0 2.0 1000.0 463901.0
3800.0 0.0 2.0 0.0 119072288.0 903811.0 0.0 60220000.0 11.0 2.0 1000.0 463901.0
3900.0 0.0 2.0 0.0 119032861.0 943238.0 0.0 60220000.0 11.0 2.0 1000.0 463901.0
4000.0 0.0 2.0 0.0 118993663.0 982436.0 0.0 60220000.0 11.0 2.0 1000.0 463901.0
4100.0 0.0 2.0 0.0 118956890.0 1019209.0 0.0 60220000.0 10.0 2.0 1000.0 463901.0
4200.0 0.0 2.0 0.0 118921612.0 1054487.0 0.0 60220000.0 10.0 2.0 1000.0 463901.0
4300.0 0.0 2.0 0.0 118889084.0 1087015.0 0.0 60220000.0 9.0 2.0 1000.0 463901.0
4400.0 0.0 2.0 0.0 118857028.0 1119071.0 0.0 60220000.0 9.0 2.0 1000.0 463901.0
4500.0 0.0 2.0 0.0 118824858.0 1151241.0 0.0 60220000.0 9.0 2.0 1000.0 463901.0
4600.0 0.0 2.0 0.0 118792594.0 1183505.0 0.0 60220000.0 9.0 2.0 1000.0 463901.0
4700.0 0.0 2.0 0.0 118760441.0 1215658.0 0.0 60220000.0 9.0 2.0 1000.0 463901.0
4800.0 0.0 2.0 0.0 118728465.0 1247634.0 0.0 60220000.0 9.0 2.0 1000.0 463901.0
4900.0 0.0 2.0 0.0 118696842.0 1279257.0 0.0 60220000.0 9.0 2.0 1000.0 463901.0
5000.0 0.0 2.0 0.0 118664753.0 1311346.0 0.0 60220000.0 9.0 2.0 1000.0 463901.0
5100.0 0.0 2.0 0.0 118632881.0 1343218.0 0.0 60220000.0 9.0 2.0 1000.0 463901.0
5200.0 0.0 2.0 0.0 118601035.0 1375064.0 0.0 60220000.0 8.0 2.0 1000.0 463901.0
5300.0 0.0 2.0 0.0 118572751.0 1403348.0 0.0 60220000.0 8.0 2.0 1000.0 463901.0
5400.0 0.0 2.0 0.0 118544428.0 1431671.0 0.0 60220000.0 8.0 2.0 1000.0 463901.0
5500.0 0.0 2.0 0.0 118516154.0 1459945.0 0.0 60220000.0 8.0 2.0 1000.0 463901.0
5600.0 0.0 2.0 0.0 118487941.0 1488158.0 0.0 60220000.0 8.0 2.0 1000.0 463901.0
5700.0 0.0 2.0 0.0 118462561.0 1513538.0 0.0 60220000.0 7.0 2.0 1000.0 463901.0
5800.0 0.0 2.0 0.0 118437309.0 1538790.0 0.0 60220000.0 7.0 2.0 1000.0 463901.0
5900.0 0.0 2.0 0.0 118412527.0 1563572.0 0.0 60220000.0 7.0 2.0 1000.0 463901.0
6000.0 0.0 2.0 0.0 118387565.0 1588534.0 0.0 60220000.0 7.0 2.0 1000.0 463901.0
6100.0 0.0 2.0 0.0 118362524.0 1613575.0 0.0 60220000.0 7.0 2.0 1000.0 463901.0
6200.0 0.0 2.0 0.0 118337648.0 1638451.0 0.0 60220000.0 7.0 2.0 1000.0 463901.0
6300.0 0.0 2.0 0.0 118312897.0 1663202.0 0.0 60220000.0 7.0 2.0 1000.0 463901.0
6400.0 0.0 2.0 0.0 118288443.0 1687656.0 0.0 60220000.0 7.0 2.0 1000.0 463901.0
6500.0 0.0 2.0 0.0 118263545.0 1712554.0 0.0 60220000.0 7.0 2.0 1000.0 463901.0
6600.0 0.0 2.0 0.0 118238841.0 1737258.0 0.0 60220000.0 7.0 2.0 1000.0 463901.0
6700.0 0.0 2.0 0.0 118213983.0 1762116.0 0.0 60220000.0 7.0 2.0 1000.0 463901.0
6800.0 0.0 2.0 0.0 118189017.0 1787082.0 0.0 60220000.0 7.0 2.0 1000.0 463901.0
6900.0 0.0 2.0 0.0 118164009.0 1812090.0 0.0 60220000.0 7.0 2.0 1000.0 463901.0
7000.0 0.0 2.0 0.0 118139096.0 1837003.0 0.0 60220000.0 7.0 2.0 1000.0 463901.0
7100.0 0.0 2.0 0.0 118114205.0 1861894.0 0.0 60220000.0 7.0 2.0 1000.0 463901.0
7200.0 0.0 2.0 0.0 118089318.0 1886781.0 0.0 60220000.0 7.0 2.0 1000.0 463901.0
7300.0 0.0 2.0 0.0 118064143.0 1911956.0 0.0 60220000.0 7.0 2.0 1000.0 463901.0
7400.0 0.0 2.0 0.0 118039159.0 1936940.0 0.0 60220000.0 7.0 2.0 1000.0 463901.0
7500.0 0.0 2.0 0.0 118014382.0 1961717.0 0.0 60220000.0 7.0 2.0 1000.0 463901.0
7600.0 1.0 3.0 1.0 117985798.0 1985834.0 0.0 60220000.0 17.0 2.0 1000.0 468368.0
7700.0 1.0 3.0 5.0 117867899.0 2008331.0 0.0 60220000.0 55.0 2.0 1000.0 563770.0
7800.0 1.0 3.0 10.0 117603791.0 2045676.0 0.0 60220000.0 90.0 2.0 1000.0 790533.0
7900.0 0.0 3.0 10.0 117263569.0 2092841.0 0.0 60220000.0 95.0 2.0 1000.0 1083590.0
8000.0 0.0 3.0 10.0 116930026.0 2137789.0 0.0 60220000.0 94.0 2.0 1000.0 1372185.0
8100.0 1.0 2.0 13.0 116534693.0 2190537.0 0.0 60220000.0 129.0 2.0 1000.0 1714770.0
8200.0 1.0 2.0 17.0 116023364.0 2269211.0 0.0 60220000.0 159.0 2.0 1000.0 2147425.0
8300.0 1.0 2.0 18.0 115394288.0 2375006.0 0.0 60220000.0 192.0 2.0 1000.0 2670706.0
8400.0 0.0 2.0 22.0 114670218.0 2493786.0 0.0 60220000.0 210.0 2.0 1000.0 3275996.0
8500.0 0.0 2.0 22.0 113924474.0 2600366.0 0.0 60220000.0 209.0 2.0 1000.0 3915160.0
8600.0 0.0 2.0 22.0 113193121.0 2691409.0 0.0 60220000.0 205.0 2.0 1000.0 4555470.0
8700.0 0.0 2.0 21.0 112465817.0 2791908.0 0.0 60220000.0 205.0 2.0 1000.0 5182275.0
8800.0 0.0 2.0 21.0 111752513.0 2893340.0 0.0 60220000.0 198.0 2.0 1000.0 5794147.0
8900.0 0.0 2.0 21.0 111056716.0 2976393.0 0.0 60220000.0 195.0 2.0 1000.0 6406891.0
9000.0 0.0 2.0 20.0 110368340.0 3074574.0 0.0 60220000.0 193.0 2.0 1000.0 6997086.0
9100.0 0.0 2.0 20.0 109691433.0 3167588.0 0.0 60220000.0 189.0 2.0 1000.0 7580979.0
9200.0 0.0 2.0 19.0 109026067.0 3253172.0 0.0 60220000.0 184.0 2.0 1000.0 8160761.0
9300.0 0.0 2.0 19.0 108380814.0 3343152.0 0.0 60220000.0 180.0 2.0 1000.0 8716034.0
9400.0 0.0 2.0 19.0 107748865.0 3418377.0 0.0 60220000.0 176.0 2.0 1000.0 9272758.0
9500.0 1.0 2.0 23.0 107089461.0 3471841.0 0.0 60220000.0 197.0 2.0 1000.0 9878698.0
9600.0 1.0 3.0 25.0 106346317.0 3526487.0 0.0 60220000.0 227.0 2.0 1000.0 10567196.0
9700.0 0.0 1.0 26.0 105546768.0 3565351.0 0.0 60220000.0 222.0 2.0 1000.0 11327881.0
9800.0 0.0 1.0 26.0 104765540.0 3583972.0 0.0 60220000.0 219.0 2.0 1000.0 12090488.0
9900.0 1.0 2.0 26.0 103991360.0 3602870.0 0.0 60220000.0 221.0 2.0 1000.0 12845770.0
10000.0 1.0 3.0 29.0 103152828.0 3617309.0 0.0 60220000.0 249.0 2.0 1000.0 13669863.0
10100.0 0.0 3.0 28.0 102283933.0 3648891.0 0.0 60220000.0 244.0 2.0 1000.0 14507176.0
10200.0 1.0 1.0 30.0 101385181.0 3702998.0 0.0 60220000.0 263.0 2.0 1000.0 15351821.0
10300.0 1.0 0.0 34.0 100421398.0 3736115.0 0.0 60220000.0 278.0 2.0 1000.0 16282487.0
10400.0 1.0 0.0 39.0 99393827.0 3710409.0 0.0 60220000.0 298.0 2.0 1000.0 17335764.0
10500.0 0.0 3.0 38.0 98334437.0 3637836.0 0.0 60220000.0 298.0 2.0 1000.0 18467727.0
10600.0 0.0 3.0 41.0 97260914.0 3559152.0 0.0 60220000.0 320.0 2.0 1000.0 19619934.0
10700.0 1.0 3.0 41.0 96135142.0 3483255.0 0.0 60220000.0 319.0 2.0 1000.0 20821603.0
10800.0 0.0 1.0 42.0 94961262.0 3403810.0 0.0 60220000.0 335.0 2.0 1000.0 22074928.0
10900.0 0.0 1.0 40.0 93788090.0 3388551.0 0.0 60220000.0 331.0 2.0 1000.0 23263359.0
11000.0 1.0 1.0 42.0 92604591.0 3399922.0 0.0 60220000.0 345.0 2.0 1000.0 24435487.0
11100.0 1.0 3.0 45.0 91358117.0 3383164.0 0.0 60220000.0 358.0 2.0 1000.0 25698719.0
11200.0 0.0 2.0 47.0 90040434.0 3325749.0 0.0 60220000.0 379.0 2.0 1000.0 27073817.0
11300.0 0.0 2.0 47.0 88701852.0 3288694.0 0.0 60220000.0 374.0 2.0 1000.0 28449454.0
11400.0 0.0 2.0 47.0 87392292.0 3224737.0 0.0 60220000.0 362.0 2.0 1000.0 29822971.0
11500.0 0.0 2.0 46.0 86119793.0 3124691.0 0.0 60220000.0 356.0 2.0 1000.0 31195516.0
11600.0 0.0 2.0 46.0 84860820.0 3039063.0 0.0 60220000.0 353.0 2.0 1000.0 32540117.0
11700.0 0.0 2.0 43.0 83622955.0 2984306.0 0.0 60220000.0 348.0 2.0 1000.0 33832739.0
11800.0 0.0 2.0 43.0 82393224.0 2959344.0 0.0 60220000.0 346.0 2.0 1000.0 35087432.0
11900.0 0.0 2.0 42.0 81173822.0 2944241.0 0.0 60220000.0 340.0 2.0 1000.0 36321937.0
12000.0 0.0 2.0 41.0 79976901.0 2945156.0 0.0 60220000.0 335.0 2.0 1000.0 37517943.0
12100.0 0.0 2.0 40.0 78801656.0 2936054.0 0.0 60220000.0 328.0 2.0 1000.0 38702290.0
12200.0 1.0 0.0 41.0 77640909.0 2923527.0 0.0 60220000.0 332.0 2.0 1000.0 39875564.0
12300.0 1.0 3.0 43.0 76429068.0 2906467.0 0.0 60220000.0 353.0 2.0 1000.0 41104465.0
12400.0 1.0 1.0 45.0 75134301.0 2911502.0 0.0 60220000.0 382.0 2.0 1000.0 42394197.0
12500.0 0.0 1.0 45.0 73760180.0 2963930.0 0.0 60220000.0 386.0 2.0 1000.0 43715890.0
12600.0 0.0 1.0 44.0 72410531.0 3024799.0 0.0 60220000.0 376.0 2.0 1000.0 45004670.0
12700.0 0.0 1.0 44.0 71092842.0 3058931.0 0.0 60220000.0 369.0 2.0 1000.0 46288227.0
12800.0 0.0 1.0 42.0 69794236.0 3101624.0 0.0 60220000.0 365.0 2.0 1000.0 47544140.0
12900.0 1.0 3.0 44.0 68491613.0 3150284.0 0.0 60220000.0 378.0 2.0 1000.0 48798103.0
13000.0 1.0 0.0 47.0 67126538.0 3194278.0 0.0 60220000.0 393.0 2.0 1000.0 50119184.0
13100.0 0.0 1.0 49.0 65719248.0 3177951.0 0.0 60220000.0 392.0 2.0 1000.0 51542801.0
13200.0 1.0 1.0 50.0 64331352.0 3130668.0 0.0 60220000.0 398.0 2.0 1000.0 52977980.0
13300.0 1.0 3.0 49.0 62899113.0 3127711.0 0.0 60220000.0 418.0 2.0 1000.0 54413176.0
13400.0 0.0 3.0 52.0 61380825.0 3194355.0 0.0 60220000.0 440.0 2.0 1000.0 55864820.0
13500.0 0.0 3.0 51.0 59838825.0 3232914.0 0.0 60220000.0 430.0 2.0 1000.0 57368261.0
13600.0 0.0 3.0 49.0 58330801.0 3264190.0 0.0 60220000.0 423.0 2.0 1000.0 58845009.0
13700.0 1.0 0.0 54.0 56786497.0 3324828.0 0.0 60220000.0 451.0 2.0 1000.0 60328675.0
13800.0 0.0 3.0 52.0 55167073.0 3391967.0 0.0 60220000.0 457.0 2.0 1000.0 61880960.0
13900.0 0.0 3.0 53.0 53548260.0 3466848.0 0.0 60220000.0 456.0 2.0 1000.0 63424892.0
14000.0 0.0 3.0 53.0 51957941.0 3505862.0 0.0 60220000.0 447.0 2.0 1000.0 64976197.0
14100.0 0.0 3.0 52.0 50396694.0 3531546.0 0.0 60220000.0 435.0 2.0 1000.0 66511760.0
14200.0 0.0 3.0 51.0 48871021.0 3561053.0 0.0 60220000.0 428.0 2.0 1000.0 68007926.0
14300.0 1.0 2.0 53.0 47351107.0 3590034.0 0.0 60220000.0 439.0 2.0 1000.0 69498859.0
14400.0 1.0 3.0 56.0 45772302.0 3571008.0 0.0 60220000.0 459.0 2.0 1000.0 71096690.0
14500.0 3.0 2.0 65.0 44099582.0 3479312.0 0.0 60220000.0 498.0 2.0 1000.0 72861106.0
14600.0 2.0 3.0 72.0 42241262.0 3327139.0 0.0 60220000.0 551.0 2.0 1000.0 74871599.0
14700.0 0.0 1.0 73.0 40241405.0 3197662.0 0.0 60220000.0 568.0 2.0 1000.0 77000933.0
14800.0 3.0 3.0 76.0 38158607.0 3153531.0 0.0 60220000.0 632.0 2.0 1000.0 79127862.0
14900.0 2.0 1.0 84.0 35798945.0 3166637.0 0.0 60220000.0 699.0 2.0 1000.0 81474418.0
15000.0 1.0 0.0 92.0 33267039.0 3135550.0 0.0 60220000.0 732.0 2.0 1000.0 84037411.0
15100.0 0.0 0.0 97.0 30624647.0 3008823.0 0.0 60220000.0 758.0 2.0 1000.0 86806530.0
15200.0 0.0 0.0 95.0 27973331.0 2863647.0 0.0 60220000.0 744.0 2.0 1000.0 89603022.0
15300.0 0.0 0.0 94.0 25372054.0 2707789.0 0.0 60220000.0 725.0 2.0 1000.0 92360157.0
15400.0 0.0 0.0 92.0 22836216.0 2548280.0 0.0 60220000.0 715.0 2.0 1000.0 95055504.0
15500.0 0.0 0.0 88.0 20338217.0 2440668.0 0.0 60220000.0 701.0 2.0 1000.0 97661115.0
15600.0 1.0 0.0 87.0 17890470.0 2361371.0 0.0 60220000.0 700.0 2.0 1000.0 100188159.0
15700.0 1.0 3.0 90.0 15404615.0 2278897.0 0.0 60220000.0 717.0 2.0 1000.0 102756488.0
15800.0 1.0 1.0 94.0 12870444.0 2156164.0 0.0 60220000.0 727.0 2.0 1000.0 105413392.0
15900.0 1.0 3.0 96.0 10279772.0 2005382.0 0.0 60220000.0 748.0 2.0 1000.0 108154846.0
16000.0 0.0 0.0 96.0 7652259.0 1851436.0 0.0 60220000.0 749.0 2.0 1000.0 110936305.0
16100.0 0.0 0.0 95.0 5069674.0 1688485.0 0.0 60220000.0 735.0 2.0 1000.0 113681841.0
16200.0 0.0 0.0 94.0 2576868.0 1479322.0 0.0 60220000.0 725.0 2.0 1000.0 116383810.0
16300.0 0.0 0.0 93.0 333330.0 1086639.0 0.0 60220000.0 717.0 2.0 1000.0 119020031.0
16400.0 0.0 0.0 92.0 0.0 1.0 0.0 60220000.0 700.0 2.0 1000.0 120439999.0
16500.0 0.0 0.0 91.0 0.0 0.0 0.0 60220000.0 682.0 2.0 1000.0 120440000.0
16600.0 0.0 0.0 90.0 0.0 0.0 0.0 60220000.0 674.0 2.0 1000.0 120440000.0
16700.0 0.0 0.0 90.0 0.0 0.0 0.0 60220000.0 665.0 2.0 1000.0 120440000.0
16800.0 0.0 0.0 89.0 0.0 0.0 0.0 60220000.0 656.0 2.0 1000.0 120440000.0
16900.0 0.0 0.0 89.0 0.0 0.0 0.0 60220000.0 647.0 2.0 1000.0 120440000.0
17000.0 0.0 0.0 85.0 0.0 0.0 0.0 60220000.0 640.0 2.0 1000.0 120440000.0
17100.0 0.0 0.0 83.0 0.0 0.0 0.0 60220000.0 630.0 2.0 1000.0 120440000.0
17200.0 0.0 0.0 82.0 0.0 0.0 0.0 60220000.0 623.0 2.0 1000.0 120440000.0
17300.0 0.0 0.0 82.0 0.0 0.0 0.0 60220000.0 607.0 2.0 1000.0 120440000.0
17400.0 0.0 0.0 77.0 0.0 0.0 0.0 60220000.0 595.0 2.0 1000.0 120440000.0
17500.0 0.0 0.0 76.0 0.0 0.0 0.0 60220000.0 588.0 2.0 1000.0 120440000.0
17600.0 0.0 0.0 76.0 0.0 0.0 0.0 60220000.0 576.0 2.0 1000.0 120440000.0
17700.0 0.0 0.0 74.0 0.0 0.0 0.0 60220000.0 570.0 2.0 1000.0 120440000.0
17800.0 0.0 0.0 74.0 0.0 0.0 0.0 60220000.0 560.0 2.0 1000.0 120440000.0
17900.0 0.0 0.0 74.0 0.0 0.0 0.0 60220000.0 548.0 2.0 1000.0 120440000.0
18000.0 0.0 0.0 73.0 0.0 0.0 0.0 60220000.0 537.0 2.0 1000.0 120440000.0
18100.0 0.0 0.0 70.0 0.0 0.0 0.0 60220000.0 527.0 2.0 1000.0 120440000.0
18200.0 0.0 0.0 70.0 0.0 0.0 0.0 60220000.0 521.0 2.0 1000.0 120440000.0
18300.0 0.0 0.0 70.0 0.0 0.0 0.0 60220000.0 518.0 2.0 1000.0 120440000.0
18400.0 0.0 0.0 68.0 0.0 0.0 0.0 60220000.0 512.0 2.0 1000.0 120440000.0
18500.0 0.0 0.0 68.0 0.0 0.0 0.0 60220000.0 503.0 2.0 1000.0 120440000.0
18600.0 0.0 0.0 68.0 0.0 0.0 0.0 60220000.0 497.0 2.0 1000.0 120440000.0
18700.0 0.0 0.0 67.0 0.0 0.0 0.0 60220000.0 490.0 2.0 1000.0 120440000.0
18800.0 0.0 0.0 66.0 0.0 0.0 0.0 60220000.0 481.0 2.0 1000.0 120440000.0
18900.0 0.0 0.0 64.0 0.0 0.0 0.0 60220000.0 475.0 2.0 1000.0 120440000.0
19000.0 0.0 0.0 63.0 0.0 0.0 0.0 60220000.0 471.0 2.0 1000.0 120440000.0
19100.0 0.0 0.0 63.0 0.0 0.0 0.0 60220000.0 462.0 2.0 1000.0 120440000.0
19200.0 0.0 0.0 63.0 0.0 0.0 0.0 60220000.0 454.0 2.0 1000.0 120440000.0
19300.0 0.0 0.0 63.0 0.0 0.0 0.0 60220000.0 450.0 2.0 1000.0 120440000.0
19400.0 0.0 0.0 62.0 0.0 0.0 0.0 60220000.0 448.0 2.0 1000.0 120440000.0
19500.0 0.0 0.0 62.0 0.0 0.0 0.0 60220000.0 442.0 2.0 1000.0 120440000.0
19600.0 0.0 0.0 62.0 0.0 0.0 0.0 60220000.0 430.0 2.0 1000.0 120440000.0
19700.0 0.0 0.0 62.0 0.0 0.0 0.0 60220000.0 424.0 2.0 1000.0 120440000.0
19800.0 0.0 0.0 61.0 0.0 0.0 0.0 60220000.0 415.0 2.0 1000.0 120440000.0
19900.0 0.0 0.0 59.0 0.0 0.0 0.0 60220000.0 408.0 2.0 1000.0 120440000.0
