time rna_M monomer_betaGal protein_betaGal Lactose_external Lactose_internal Glucose_external Glucose_internal protein_Lactose_Permease dna_Lac_Operon Biomass Lactose_consumed
0.0 0.0 0.0 0.0 120440000.0 0.0 60220000.0 0.0 0.0 2.0 1000.0 0.0
100.0 0.0 0.0 0.0 120440000.0 0.0 30127991.0 30092009.0 0.0 2.0 1000.0 0.0
200.0 0.0 0.0 0.0 120440000.0 0.0 78748.0 60141252.0 0.0 2.0 1000.0 0.0
300.0 0.0 0.0 0.0 120440000.0 0.0 0.0 60220000.0 0.0 2.0 1000.0 0.0
400.0 0.0 0.0 0.0 120440000.0 0.0 0.0 60220000.0 0.0 2.0 1000.0 0.0
500.0 0.0 0.0 0.0 120440000.0 0.0 0.0 60220000.0 0.0 2.0 1000.0 0.0
600.0 0.0 0.0 0.0 120440000.0 0.0 0.0 60220000.0 0.0 2.0 1000.0 0.0
700.0 0.0 0.0 0.0 120440000.0 0.0 0.0 60220000.0 0.0 2.0 1000.0 0.0
800.0 0.0 0.0 0.0 120440000.0 0.0 0.0 60220000.0 0.0 2.0 1000.0 0.0
900.0 0.0 0.0 0.0 120440000.0 0.0 0.0 60220000.0 0.0 2.0 1000.0 0.0
1000.0 0.0 0.0 0.0 120440000.0 0.0 0.0 60220000.0 0.0 2.0 1000.0 0.0
1100.0 0.0 0.0 0.0 120440000.0 0.0 0.0 60220000.0 0.0 2.0 1000.0 0.0
1200.0 0.0 0.0 0.0 120440000.0 0.0 0.0 60220000.0 0.0 2.0 1000.0 0.0
1300.0 0.0 0.0 0.0 120440000.0 0.0 0.0 60220000.0 0.0 2.0 1000.0 0.0
1400.0 0.0 0.0 0.0 120440000.0 0.0 0.0 60220000.0 0.0 2.0 1000.0 0.0
1500.0 0.0 0.0 0.0 120440000.0 0.0 0.0 60220000.0 0.0 2.0 1000.0 0.0
1600.0 0.0 0.0 0.0 120440000.0 0.0 0.0 60220000.0 0.0 2.0 1000.0 0.0
1700.0 0.0 0.0 0.0 120440000.0 0.0 0.0 60220000.0 0.0 2.0 1000.0 0.0
1800.0 0.0 0.0 0.0 120440000.0 0.0 0.0 60220000.0 0.0 2.0 1000.0 0.0
1900.0 1.0 1.0 0.0 120439635.0 365.0 0.0 60220000.0 1.0 2.0 1000.0 0.0
2000.0 1.0 1.0 5.0 120384155.0 42983.0 0.0 60220000.0 35.0 2.0 1000.0 12862.0
2100.0 0.0 2.0 6.0 120234303.0 108947.0 0.0 60220000.0 42.0 2.0 1000.0 96750.0
2200.0 0.0 2.0 6.0 120084094.0 149886.0 0.0 60220000.0 42.0 2.0 1000.0 206020.0
2300.0 0.0 2.0 6.0 119933969.0 180843.0 0.0 60220000.0 42.0 2.0 1000.0 325188.0
2400.0 0.0 2.0 6.0 119783385.0 205761.0 0.0 60220000.0 42.0 2.0 1000.0 450854.0
2500.0 0.0 2.0 6.0 119635572.0 224134.0 0.0 60220000.0 41.0 2.0 1000.0 580294.0
2600.0 0.0 2.0 5.0 119489044.0 238793.0 0.0 60220000.0 41.0 2.0 1000.0 712163.0
2700.0 0.0 2.0 5.0 119342773.0 272055.0 0.0 60220000.0 41.0 2.0 1000.0 825172.0
2800.0 0.0 2.0 5.0 119197508.0 301444.0 0.0 60220000.0 41.0 2.0 1000.0 941048.0
2900.0 0.0 2.0 5.0 119050682.0 330067.0 0.0 60220000.0 41.0 2.0 1000.0 1059251.0
3000.0 0.0 2.0 5.0 118904418.0 355628.0 0.0 60220000.0 41.0 2.0 1000.0 1179954.0
3100.0 0.0 2.0 5.0 118758166.0 379576.0 0.0 60220000.0 40.0 2.0 1000.0 1302258.0
3200.0 0.0 2.0 5.0 118617776.0 397063.0 0.0 60220000.0 38.0 2.0 1000.0 1425161.0
3300.0 0.0 2.0 4.0 118482561.0 423866.0 0.0 60220000.0 37.0 2.0 1000.0 1533573.0
3400.0 0.0 2.0 4.0 118351438.0 453933.0 0.0 60220000.0 37.0 2.0 1000.0 1634629.0
3500.0 0.0 2.0 4.0 118219253.0 484615.0 0.0 60220000.0 37.0 2.0 1000.0 1736132.0
3600.0 0.0 2.0 4.0 118091294.0 509355.0 0.0 60220000.0 35.0 2.0 1000.0 1839351.0
3700.0 0.0 2.0 4.0 117968898.0 528598.0 0.0 60220000.0 33.0 2.0 1000.0 1942504.0
3800.0 0.0 2.0 4.0 117851711.0 541798.0 0.0 60220000.0 32.0 2.0 1000.0 2046491.0
3900.0 0.0 2.0 4.0 117739565.0 550233.0 0.0 60220000.0 31.0 2.0 1000.0 2150202.0
4000.0 0.0 2.0 4.0 117629199.0 556469.0 0.0 60220000.0 31.0 2.0 1000.0 2254332.0
4100.0 0.0 2.0 3.0 117519742.0 566788.0 0.0 60220000.0 30.0 2.0 1000.0 2353470.0
4200.0 0.0 2.0 3.0 117412480.0 595367.0 0.0 60220000.0 30.0 2.0 1000.0 2432153.0
4300.0 0.0 2.0 3.0 117305964.0 622467.0 0.0 60220000.0 30.0 2.0 1000.0 2511569.0
4400.0 0.0 2.0 3.0 117200755.0 648805.0 0.0 60220000.0 29.0 2.0 1000.0 2590440.0
4500.0 0.0 2.0 3.0 117103235.0 666162.0 0.0 60220000.0 27.0 2.0 1000.0 2670603.0
4600.0 0.0 2.0 3.0 117007005.0 682446.0 0.0 60220000.0 27.0 2.0 1000.0 2750549.0
4700.0 0.0 2.0 3.0 116910817.0 698572.0 0.0 60220000.0 27.0 2.0 1000.0 2830611.0
4800.0 0.0 2.0 2.0 116814747.0 719404.0 0.0 60220000.0 27.0 2.0 1000.0 2905849.0
4900.0 0.0 2.0 2.0 116718538.0 761625.0 0.0 60220000.0 27.0 2.0 1000.0 2959837.0
5000.0 0.0 2.0 2.0 116622736.0 803293.0 0.0 60220000.0 27.0 2.0 1000.0 3013971.0
5100.0 0.0 2.0 2.0 116529498.0 842045.0 0.0 60220000.0 26.0 2.0 1000.0 3068457.0
5200.0 0.0 2.0 2.0 116438305.0 878940.0 0.0 60220000.0 25.0 2.0 1000.0 3122755.0
5300.0 0.0 2.0 2.0 116348766.0 913647.0 0.0 60220000.0 25.0 2.0 1000.0 3177587.0
5400.0 0.0 2.0 2.0 116262404.0 944875.0 0.0 60220000.0 24.0 2.0 1000.0 3232721.0
5500.0 0.0 2.0 2.0 116177874.0 973568.0 0.0 60220000.0 23.0 2.0 1000.0 3288558.0
5600.0 0.0 2.0 2.0 116096383.0 999902.0 0.0 60220000.0 22.0 2.0 1000.0 3343715.0
5700.0 0.0 2.0 2.0 116020148.0 1020862.0 0.0 60220000.0 21.0 2.0 1000.0 3398990.0
5800.0 0.0 2.0 2.0 115945114.0 1040753.0 0.0 60220000.0 21.0 2.0 1000.0 3454133.0
5900.0 0.0 2.0 2.0 115870525.0 1059905.0 0.0 60220000.0 21.0 2.0 1000.0 3509570.0
6000.0 0.0 2.0 2.0 115795576.0 1079120.0 0.0 60220000.0 21.0 2.0 1000.0 3565304.0
6100.0 0.0 2.0 2.0 115724028.0 1095268.0 0.0 60220000.0 19.0 2.0 1000.0 3620704.0
6200.0 0.0 2.0 2.0 115656126.0 1107379.0 0.0 60220000.0 19.0 2.0 1000.0 3676495.0
6300.0 0.0 2.0 2.0 115587936.0 1119661.0 0.0 60220000.0 19.0 2.0 1000.0 3732403.0
6400.0 0.0 2.0 2.0 115522508.0 1129308.0 0.0 60220000.0 18.0 2.0 1000.0 3788184.0
6500.0 0.0 2.0 2.0 115458238.0 1138136.0 0.0 60220000.0 18.0 2.0 1000.0 3843626.0
6600.0 0.0 2.0 2.0 115393897.0 1146671.0 0.0 60220000.0 18.0 2.0 1000.0 3899432.0
6700.0 0.0 2.0 2.0 115330859.0 1153369.0 0.0 60220000.0 17.0 2.0 1000.0 3955772.0
6800.0 0.0 2.0 2.0 115270326.0 1158068.0 0.0 60220000.0 17.0 2.0 1000.0 4011606.0
6900.0 0.0 2.0 2.0 115209943.0 1162695.0 0.0 60220000.0 17.0 2.0 1000.0 4067362.0
7000.0 0.0 2.0 2.0 115149972.0 1166699.0 0.0 60220000.0 17.0 2.0 1000.0 4123329.0
7100.0 0.0 2.0 1.0 115089201.0 1198101.0 0.0 60220000.0 17.0 2.0 1000.0 4152698.0
7200.0 0.0 2.0 1.0 115028690.0 1230576.0 0.0 60220000.0 17.0 2.0 1000.0 4180734.0
7300.0 0.0 2.0 1.0 114968604.0 1262468.0 0.0 60220000.0 17.0 2.0 1000.0 4208928.0
7400.0 0.0 2.0 1.0 114912387.0 1290761.0 0.0 60220000.0 15.0 2.0 1000.0 4236852.0
7500.0 0.0 2.0 1.0 114859035.0 1316374.0 0.0 60220000.0 15.0 2.0 1000.0 4264591.0
7600.0 0.0 2.0 1.0 114805503.0 1341499.0 0.0 60220000.0 15.0 2.0 1000.0 4292998.0
7700.0 0.0 2.0 1.0 114752554.0 1366420.0 0.0 60220000.0 14.0 2.0 1000.0 4321026.0
7800.0 0.0 2.0 1.0 114705321.0 1385425.0 0.0 60220000.0 13.0 2.0 1000.0 4349254.0
7900.0 0.0 2.0 1.0 114659020.0 1403104.0 0.0 60220000.0 13.0 2.0 1000.0 4377876.0
8000.0 0.0 2.0 1.0 114612793.0 1421152.0 0.0 60220000.0 13.0 2.0 1000.0 4406055.0
8100.0 0.0 2.0 1.0 114566508.0 1439135.0 0.0 60220000.0 13.0 2.0 1000.0 4434357.0
8200.0 0.0 2.0 1.0 114519940.0 1457339.0 0.0 60220000.0 13.0 2.0 1000.0 4462721.0
8300.0 0.0 2.0 1.0 114473630.0 1475229.0 0.0 60220000.0 13.0 2.0 1000.0 4491141.0
8400.0 0.0 2.0 1.0 114427515.0 1492816.0 0.0 60220000.0 13.0 2.0 1000.0 4519669.0
8500.0 0.0 2.0 1.0 114380991.0 1511032.0 0.0 60220000.0 13.0 2.0 1000.0 4547977.0
8600.0 0.0 2.0 1.0 114335201.0 1528491.0 0.0 60220000.0 13.0 2.0 1000.0 4576308.0
8700.0 0.0 2.0 1.0 114288640.0 1546529.0 0.0 60220000.0 13.0 2.0 1000.0 4604831.0
8800.0 0.0 0.0 3.0 114204992.0 1558186.0 0.0 60220000.0 26.0 2.0 1000.0 4676822.0
8900.0 0.0 0.0 3.0 114112484.0 1565310.0 0.0 60220000.0 26.0 2.0 1000.0 4762206.0
9000.0 0.0 0.0 2.0 114019571.0 1579655.0 0.0 60220000.0 26.0 2.0 1000.0 4840774.0
9100.0 0.0 0.0 2.0 113927108.0 1614710.0 0.0 60220000.0 26.0 2.0 1000.0 4898182.0
9200.0 0.0 0.0 2.0 113834527.0 1650494.0 0.0 60220000.0 26.0 2.0 1000.0 4954979.0
9300.0 0.0 0.0 2.0 113744047.0 1683593.0 0.0 60220000.0 25.0 2.0 1000.0 5012360.0
9400.0 0.0 0.0 2.0 113655351.0 1714883.0 0.0 60220000.0 25.0 2.0 1000.0 5069766.0
9500.0 0.0 0.0 2.0 113566364.0 1746885.0 0.0 60220000.0 25.0 2.0 1000.0 5126751.0
9600.0 0.0 0.0 2.0 113477325.0 1778171.0 0.0 60220000.0 25.0 2.0 1000.0 5184504.0
9700.0 0.0 0.0 2.0 113391497.0 1806614.0 0.0 60220000.0 24.0 2.0 1000.0 5241889.0
9800.0 0.0 0.0 2.0 113309760.0 1831390.0 0.0 60220000.0 23.0 2.0 1000.0 5298850.0
9900.0 0.0 0.0 2.0 113227965.0 1855917.0 0.0 60220000.0 23.0 2.0 1000.0 5356118.0
10000.0 0.0 0.0 2.0 113146146.0 1880406.0 0.0 60220000.0 23.0 2.0 1000.0 5413448.0
10100.0 0.0 0.0 2.0 113064744.0 1904785.0 0.0 60220000.0 23.0 2.0 1000.0 5470471.0
10200.0 0.0 0.0 2.0 112983048.0 1929037.0 0.0 60220000.0 23.0 2.0 1000.0 5527915.0
10300.0 0.0 0.0 2.0 112901497.0 1953148.0 0.0 60220000.0 22.0 2.0 1000.0 5585355.0
10400.0 0.0 0.0 2.0 112823648.0 1973256.0 0.0 60220000.0 22.0 2.0 1000.0 5643096.0
10500.0 0.0 0.0 2.0 112748536.0 1990936.0 0.0 60220000.0 21.0 2.0 1000.0 5700528.0
10600.0 0.0 0.0 2.0 112674091.0 2007448.0 0.0 60220000.0 21.0 2.0 1000.0 5758461.0
10700.0 0.0 0.0 2.0 112599438.0 2024708.0 0.0 60220000.0 21.0 2.0 1000.0 5815854.0
10800.0 0.0 0.0 2.0 112525082.0 2041674.0 0.0 60220000.0 21.0 2.0 1000.0 5873244.0
10900.0 0.0 0.0 2.0 112450452.0 2058486.0 0.0 60220000.0 21.0 2.0 1000.0 5931062.0
11000.0 0.0 0.0 2.0 112375786.0 2075971.0 0.0 60220000.0 21.0 2.0 1000.0 5988243.0
11100.0 0.0 0.0 2.0 112301558.0 2092804.0 0.0 60220000.0 20.0 2.0 1000.0 6045638.0
11200.0 0.0 0.0 2.0 112230913.0 2106049.0 0.0 60220000.0 20.0 2.0 1000.0 6103038.0
11300.0 0.0 0.0 2.0 112160843.0 2118518.0 0.0 60220000.0 19.0 2.0 1000.0 6160639.0
11400.0 0.0 0.0 2.0 112093388.0 2128018.0 0.0 60220000.0 19.0 2.0 1000.0 6218594.0
11500.0 0.0 0.0 2.0 112030408.0 2133295.0 0.0 60220000.0 17.0 2.0 1000.0 6276297.0
11600.0 0.0 0.0 2.0 111970293.0 2135507.0 0.0 60220000.0 17.0 2.0 1000.0 6334200.0
11700.0 0.0 0.0 2.0 111912880.0 2135336.0 0.0 60220000.0 16.0 2.0 1000.0 6391784.0
11800.0 0.0 0.0 2.0 111856467.0 2133962.0 0.0 60220000.0 15.0 2.0 1000.0 6449571.0
11900.0 1.0 0.0 2.0 111802987.0 2129232.0 0.0 60220000.0 15.0 2.0 1000.0 6507781.0
12000.0 1.0 3.0 6.0 111678488.0 2134469.0 0.0 60220000.0 53.0 2.0 1000.0 6627043.0
12100.0 0.0 3.0 8.0 111467674.0 2126890.0 0.0 60220000.0 62.0 2.0 1000.0 6845436.0
12200.0 0.0 3.0 7.0 111248444.0 2129795.0 0.0 60220000.0 60.0 2.0 1000.0 7061761.0
12300.0 0.0 3.0 7.0 111035244.0 2141500.0 0.0 60220000.0 60.0 2.0 1000.0 7263256.0
12400.0 0.0 3.0 7.0 110821427.0 2154094.0 0.0 60220000.0 60.0 2.0 1000.0 7464479.0
12500.0 0.0 3.0 7.0 110608063.0 2165258.0 0.0 60220000.0 60.0 2.0 1000.0 7666679.0
12600.0 0.0 3.0 7.0 110396846.0 2174017.0 0.0 60220000.0 59.0 2.0 1000.0 7869137.0
12700.0 0.0 3.0 7.0 110186450.0 2182457.0 0.0 60220000.0 59.0 2.0 1000.0 8071093.0
12800.0 0.0 3.0 7.0 109980583.0 2186118.0 0.0 60220000.0 57.0 2.0 1000.0 8273299.0
12900.0 0.0 3.0 7.0 109786242.0 2178281.0 0.0 60220000.0 54.0 2.0 1000.0 8475477.0
13000.0 0.0 3.0 7.0 109597731.0 2164366.0 0.0 60220000.0 52.0 2.0 1000.0 8677903.0
13100.0 0.0 3.0 7.0 109412775.0 2147343.0 0.0 60220000.0 52.0 2.0 1000.0 8879882.0
13200.0 0.0 3.0 7.0 109231568.0 2126346.0 0.0 60220000.0 51.0 2.0 1000.0 9082086.0
13300.0 0.0 3.0 6.0 109050760.0 2107479.0 0.0 60220000.0 51.0 2.0 1000.0 9281761.0
13400.0 0.0 3.0 6.0 108869328.0 2115972.0 0.0 60220000.0 51.0 2.0 1000.0 9454700.0
13500.0 0.0 3.0 6.0 108691065.0 2120687.0 0.0 60220000.0 50.0 2.0 1000.0 9628248.0
13600.0 0.0 3.0 6.0 108519409.0 2119724.0 0.0 60220000.0 48.0 2.0 1000.0 9800867.0
13700.0 1.0 2.0 7.0 108349181.0 2109055.0 0.0 60220000.0 56.0 2.0 1000.0 9981764.0
13800.0 0.0 2.0 10.0 108082354.0 2121497.0 0.0 60220000.0 85.0 2.0 1000.0 10236149.0
13900.0 0.0 2.0 10.0 107784369.0 2130771.0 0.0 60220000.0 83.0 2.0 1000.0 10524860.0
14000.0 0.0 2.0 10.0 107497462.0 2128790.0 0.0 60220000.0 80.0 2.0 1000.0 10813748.0
14100.0 0.0 2.0 10.0 107213026.0 2124477.0 0.0 60220000.0 80.0 2.0 1000.0 11102497.0
14200.0 0.0 2.0 10.0 106929479.0 2120104.0 0.0 60220000.0 80.0 2.0 1000.0 11390417.0
14300.0 0.0 2.0 10.0 106644362.0 2116756.0 0.0 60220000.0 80.0 2.0 1000.0 11678882.0
14400.0 0.0 2.0 10.0 106362883.0 2109865.0 0.0 60220000.0 78.0 2.0 1000.0 11967252.0
14500.0 0.0 2.0 10.0 106088444.0 2096843.0 0.0 60220000.0 77.0 2.0 1000.0 12254713.0
14600.0 0.0 2.0 10.0 105817042.0 2079424.0 0.0 60220000.0 76.0 2.0 1000.0 12543534.0
14700.0 0.0 2.0 10.0 105550455.0 2057427.0 0.0 60220000.0 75.0 2.0 1000.0 12832118.0
14800.0 0.0 2.0 10.0 105283083.0 2036908.0 0.0 60220000.0 75.0 2.0 1000.0 13120009.0
14900.0 0.0 2.0 9.0 105017359.0 2028280.0 0.0 60220000.0 73.0 2.0 1000.0 13394361.0
15000.0 1.0 2.0 8.0 104758556.0 2027151.0 0.0 60220000.0 74.0 2.0 1000.0 13654293.0
15100.0 0.0 0.0 9.0 104482569.0 2046916.0 0.0 60220000.0 78.0 2.0 1000.0 13910515.0
15200.0 0.0 0.0 9.0 104205493.0 2064909.0 0.0 60220000.0 78.0 2.0 1000.0 14169598.0
15300.0 0.0 0.0 9.0 103928783.0 2081694.0 0.0 60220000.0 76.0 2.0 1000.0 14429523.0
15400.0 0.0 0.0 9.0 103661023.0 2089755.0 0.0 60220000.0 75.0 2.0 1000.0 14689222.0
15500.0 0.0 0.0 9.0 103394396.0 2096297.0 0.0 60220000.0 75.0 2.0 1000.0 14949307.0
15600.0 0.0 0.0 9.0 103136891.0 2094631.0 0.0 60220000.0 71.0 2.0 1000.0 15208478.0
15700.0 0.0 0.0 9.0 102887039.0 2085556.0 0.0 60220000.0 70.0 2.0 1000.0 15467405.0
15800.0 0.0 0.0 9.0 102638235.0 2075348.0 0.0 60220000.0 70.0 2.0 1000.0 15726417.0
15900.0 0.0 0.0 9.0 102395018.0 2059462.0 0.0 60220000.0 67.0 2.0 1000.0 15985520.0
16000.0 0.0 0.0 8.0 102158608.0 2061071.0 0.0 60220000.0 66.0 2.0 1000.0 16220321.0
16100.0 0.0 0.0 8.0 101924166.0 2064602.0 0.0 60220000.0 66.0 2.0 1000.0 16451232.0
16200.0 0.0 0.0 8.0 101690834.0 2066386.0 0.0 60220000.0 65.0 2.0 1000.0 16682780.0
16300.0 1.0 2.0 10.0 101443930.0 2069751.0 0.0 60220000.0 81.0 2.0 1000.0 16926319.0
16400.0 1.0 1.0 14.0 101114287.0 2060730.0 0.0 60220000.0 105.0 2.0 1000.0 17264983.0
16500.0 0.0 1.0 14.0 100744906.0 2027225.0 0.0 60220000.0 103.0 2.0 1000.0 17667869.0
16600.0 0.0 1.0 14.0 100381816.0 1987329.0 0.0 60220000.0 101.0 2.0 1000.0 18070855.0
16700.0 0.0 1.0 14.0 100026361.0 1939493.0 0.0 60220000.0 100.0 2.0 1000.0 18474146.0
16800.0 0.0 1.0 14.0 99672780.0 1889371.0 0.0 60220000.0 99.0 2.0 1000.0 18877849.0
16900.0 0.0 1.0 14.0 99326681.0 1833161.0 0.0 60220000.0 97.0 2.0 1000.0 19280158.0
17000.0 0.0 1.0 13.0 98983543.0 1793272.0 0.0 60220000.0 96.0 2.0 1000.0 19663185.0
17100.0 0.0 1.0 13.0 98647857.0 1755591.0 0.0 60220000.0 93.0 2.0 1000.0 20036552.0
17200.0 0.0 1.0 13.0 98320402.0 1712342.0 0.0 60220000.0 91.0 2.0 1000.0 20407256.0
17300.0 0.0 1.0 13.0 97996723.0 1663848.0 0.0 60220000.0 90.0 2.0 1000.0 20779429.0
17400.0 0.0 1.0 12.0 97681662.0 1629584.0 0.0 60220000.0 88.0 2.0 1000.0 21128754.0
17500.0 0.0 1.0 12.0 97376776.0 1592129.0 0.0 60220000.0 84.0 2.0 1000.0 21471095.0
17600.0 0.0 1.0 12.0 97078480.0 1549274.0 0.0 60220000.0 84.0 2.0 1000.0 21812246.0
17700.0 0.0 1.0 12.0 96779662.0 1507903.0 0.0 60220000.0 84.0 2.0 1000.0 22152435.0
17800.0 0.0 1.0 12.0 96487254.0 1460392.0 0.0 60220000.0 81.0 2.0 1000.0 22492354.0
17900.0 0.0 1.0 12.0 96202685.0 1404567.0 0.0 60220000.0 80.0 2.0 1000.0 22832748.0
18000.0 0.0 1.0 12.0 95921099.0 1346113.0 0.0 60220000.0 79.0 2.0 1000.0 23172788.0
18100.0 0.0 1.0 12.0 95643576.0 1284749.0 0.0 60220000.0 77.0 2.0 1000.0 23511675.0
18200.0 0.0 1.0 12.0 95371080.0 1219522.0 0.0 60220000.0 76.0 2.0 1000.0 23849398.0
18300.0 0.0 1.0 12.0 95105825.0 1147270.0 0.0 60220000.0 74.0 2.0 1000.0 24186905.0
18400.0 0.0 1.0 12.0 94841642.0 1077302.0 0.0 60220000.0 74.0 2.0 1000.0 24521056.0
18500.0 0.0 1.0 12.0 94577874.0 1007745.0 0.0 60220000.0 74.0 2.0 1000.0 24854381.0
18600.0 0.0 1.0 12.0 94313949.0 940785.0 0.0 60220000.0 74.0 2.0 1000.0 25185266.0
18700.0 0.0 1.0 12.0 94049217.0 876582.0 0.0 60220000.0 74.0 2.0 1000.0 25514201.0
18800.0 0.0 1.0 12.0 93783829.0 814577.0 0.0 60220000.0 74.0 2.0 1000.0 25841594.0
18900.0 0.0 1.0 11.0 93519800.0 757499.0 0.0 60220000.0 74.0 2.0 1000.0 26162701.0
19000.0 0.0 1.0 11.0 93261392.0 719316.0 0.0 60220000.0 72.0 2.0 1000.0 26459292.0
19100.0 0.0 1.0 11.0 93004792.0 682054.0 0.0 60220000.0 72.0 2.0 1000.0 26753154.0
19200.0 0.0 1.0 11.0 92748582.0 645473.0 0.0 60220000.0 72.0 2.0 1000.0 27045945.0
19300.0 0.0 1.0 9.0 92501579.0 643879.0 0.0 60220000.0 68.0 2.0 1000.0 27294542.0
19400.0 0.0 1.0 9.0 92261956.0 645328.0 0.0 60220000.0 66.0 2.0 1000.0 27532716.0
19500.0 0.0 1.0 9.0 92038012.0 630619.0 0.0 60220000.0 62.0 2.0 1000.0 27771369.0
19600.0 0.0 1.0 9.0 91819710.0 611926.0 0.0 60220000.0 60.0 2.0 1000.0 28008364.0
19700.0 0.0 1.0 9.0 91611020.0 583443.0 0.0 60220000.0 58.0 2.0 1000.0 28245537.0
19800.0 0.0 1.0 9.0 91404910.0 554192.0 0.0 60220000.0 58.0 2.0 1000.0 28480898.0
19900.0 0.0 1.0 9.0 91199519.0 526765.0 0.0 60220000.0 57.0 2.0 1000.0 28713716.0
