time rna_M monomer_betaGal protein_betaGal Lactose_external Lactose_internal Glucose_external Glucose_internal protein_Lactose_Permease dna_Lac_Operon Biomass Lactose_consumed
0.0 0.0 0.0 0.0 120440000.0 0.0 60220000.0 0.0 0.0 2.0 1000.0 0.0
100.0 0.0 0.0 0.0 120440000.0 0.0 30120730.0 30099270.0 0.0 2.0 1000.0 0.0
200.0 0.0 0.0 0.0 120440000.0 0.0 75082.0 60144918.0 0.0 2.0 1000.0 0.0
300.0 0.0 0.0 0.0 120440000.0 0.0 0.0 60220000.0 0.0 2.0 1000.0 0.0
400.0 0.0 0.0 0.0 120440000.0 0.0 0.0 60220000.0 0.0 2.0 1000.0 0.0
500.0 0.0 0.0 0.0 120440000.0 0.0 0.0 60220000.0 0.0 2.0 1000.0 0.0
600.0 0.0 0.0 0.0 120440000.0 0.0 0.0 60220000.0 0.0 2.0 1000.0 0.0
700.0 0.0 0.0 0.0 120440000.0 0.0 0.0 60220000.0 0.0 2.0 1000.0 0.0
800.0 0.0 0.0 0.0 120440000.0 0.0 0.0 60220000.0 0.0 2.0 1000.0 0.0
900.0 0.0 0.0 0.0 120440000.0 0.0 0.0 60220000.0 0.0 2.0 1000.0 0.0
1000.0 0.0 0.0 0.0 120440000.0 0.0 0.0 60220000.0 0.0 2.0 1000.0 0.0
1100.0 0.0 0.0 0.0 120440000.0 0.0 0.0 60220000.0 0.0 2.0 1000.0 0.0
1200.0 0.0 0.0 0.0 120440000.0 0.0 0.0 60220000.0 0.0 2.0 1000.0 0.0
1300.0 0.0 0.0 0.0 120440000.0 0.0 0.0 60220000.0 0.0 2.0 1000.0 0.0
1400.0 0.0 0.0 0.0 120440000.0 0.0 0.0 60220000.0 0.0 2.0 1000.0 0.0
1500.0 0.0 0.0 0.0 120440000.0 0.0 0.0 60220000.0 0.0 2.0 1000.0 0.0
1600.0 0.0 0.0 0.0 120440000.0 0.0 0.0 60220000.0 0.0 2.0 1000.0 0.0
1700.0 0.0 0.0 0.0 120440000.0 0.0 0.0 60220000.0 0.0 2.0 1000.0 0.0
1800.0 0.0 0.0 0.0 120440000.0 0.0 0.0 60220000.0 0.0 2.0 1000.0 0.0
1900.0 0.0 0.0 0.0 120440000.0 0.0 0.0 60220000.0 0.0 2.0 1000.0 0.0
2000.0 0.0 0.0 0.0 120440000.0 0.0 0.0 60220000.0 0.0 2.0 1000.0 0.0
2100.0 0.0 0.0 0.0 120440000.0 0.0 0.0 60220000.0 0.0 2.0 1000.0 0.0
2200.0 0.0 0.0 0.0 120440000.0 0.0 0.0 60220000.0 0.0 2.0 1000.0 0.0
2300.0 0.0 0.0 0.0 120440000.0 0.0 0.0 60220000.0 0.0 2.0 1000.0 0.0
2400.0 0.0 0.0 0.0 120440000.0 0.0 0.0 60220000.0 0.0 2.0 1000.0 0.0
2500.0 0.0 0.0 0.0 120440000.0 0.0 0.0 60220000.0 0.0 2.0 1000.0 0.0
2600.0 0.0 0.0 0.0 120440000.0 0.0 0.0 60220000.0 0.0 2.0 1000.0 0.0
2700.0 0.0 0.0 0.0 120440000.0 0.0 0.0 60220000.0 0.0 2.0 1000.0 0.0
2800.0 0.0 0.0 0.0 120440000.0 0.0 0.0 60220000.0 0.0 2.0 1000.0 0.0
2900.0 0.0 0.0 0.0 120440000.0 0.0 0.0 60220000.0 0.0 2.0 1000.0 0.0
3000.0 0.0 0.0 0.0 120440000.0 0.0 0.0 60220000.0 0.0 2.0 1000.0 0.0
3100.0 0.0 0.0 0.0 120440000.0 0.0 0.0 60220000.0 0.0 2.0 1000.0 0.0
3200.0 0.0 0.0 0.0 120440000.0 0.0 0.0 60220000.0 0.0 2.0 1000.0 0.0
3300.0 0.0 0.0 0.0 120440000.0 0.0 0.0 60220000.0 0.0 2.0 1000.0 0.0
3400.0 0.0 0.0 0.0 120440000.0 0.0 0.0 60220000.0 0.0 2.0 1000.0 0.0
3500.0 0.0 0.0 0.0 120440000.0 0.0 0.0 60220000.0 0.0 2.0 1000.0 0.0
3600.0 0.0 0.0 0.0 120440000.0 0.0 0.0 60220000.0 0.0 2.0 1000.0 0.0
3700.0 0.0 0.0 0.0 120440000.0 0.0 0.0 60220000.0 0.0 2.0 1000.0 0.0
3800.0 0.0 0.0 0.0 120440000.0 0.0 0.0 60220000.0 0.0 2.0 1000.0 0.0
3900.0 0.0 0.0 0.0 120440000.0 0.0 0.0 60220000.0 0.0 2.0 1000.0 0.0
4000.0 1.0 0.0 2.0 120430177.0 9235.0 0.0 60220000.0 17.0 2.0 1000.0 588.0
4100.0 2.0 1.0 7.0 120298957.0 97880.0 0.0 60220000.0 67.0 2.0 1000.0 43163.0
4200.0 1.0 1.0 10.0 120011279.0 218113.0 0.0 60220000.0 94.0 2.0 1000.0 210608.0
4300.0 1.0 2.0 12.0 119614741.0 354427.0 0.0 60220000.0 124.0 2.0 1000.0 470832.0
4400.0 0.0 1.0 15.0 119119074.0 512730.0 0.0 60220000.0 149.0 2.0 1000.0 808196.0
4500.0 0.0 1.0 15.0 118593118.0 646287.0 0.0 60220000.0 148.0 2.0 1000.0 1200595.0
4600.0 0.0 1.0 14.0 118068594.0 780982.0 0.0 60220000.0 147.0 2.0 1000.0 1590424.0
4700.0 0.0 1.0 14.0 117546849.0 920516.0 0.0 60220000.0 146.0 2.0 1000.0 1972635.0
4800.0 0.0 1.0 14.0 117028702.0 1051573.0 0.0 60220000.0 145.0 2.0 1000.0 2359725.0
4900.0 0.0 1.0 14.0 116511610.0 1177704.0 0.0 60220000.0 145.0 2.0 1000.0 2750686.0
5000.0 0.0 1.0 14.0 115994636.0 1301816.0 0.0 60220000.0 144.0 2.0 1000.0 3143548.0
5100.0 0.0 1.0 14.0 115487364.0 1414003.0 0.0 60220000.0 140.0 2.0 1000.0 3538633.0
5200.0 0.0 1.0 14.0 114995501.0 1508935.0 0.0 60220000.0 136.0 2.0 1000.0 3935564.0
5300.0 0.0 1.0 14.0 114512894.0 1593020.0 0.0 60220000.0 135.0 2.0 1000.0 4334086.0
5400.0 0.0 1.0 14.0 114035635.0 1670919.0 0.0 60220000.0 132.0 2.0 1000.0 4733446.0
5500.0 0.0 1.0 14.0 113577163.0 1729433.0 0.0 60220000.0 128.0 2.0 1000.0 5133404.0
5600.0 1.0 1.0 15.0 113119641.0 1783698.0 0.0 60220000.0 134.0 2.0 1000.0 5536661.0
5700.0 0.0 3.0 18.0 112609495.0 1801327.0 0.0 60220000.0 146.0 2.0 1000.0 6029178.0
5800.0 0.0 3.0 18.0 112090690.0 1803066.0 0.0 60220000.0 144.0 2.0 1000.0 6546244.0
5900.0 0.0 3.0 18.0 111584976.0 1793071.0 0.0 60220000.0 142.0 2.0 1000.0 7061953.0
6000.0 0.0 3.0 18.0 111084515.0 1778430.0 0.0 60220000.0 140.0 2.0 1000.0 7577055.0
6100.0 0.0 3.0 17.0 110592411.0 1774925.0 0.0 60220000.0 136.0 2.0 1000.0 8072664.0
6200.0 0.0 3.0 15.0 110109867.0 1804990.0 0.0 60220000.0 134.0 2.0 1000.0 8525143.0
6300.0 0.0 3.0 14.0 109644161.0 1866509.0 0.0 60220000.0 130.0 2.0 1000.0 8929330.0
6400.0 0.0 3.0 14.0 109182231.0 1925283.0 0.0 60220000.0 130.0 2.0 1000.0 9332486.0
6500.0 0.0 3.0 14.0 108732428.0 1972192.0 0.0 60220000.0 126.0 2.0 1000.0 9735380.0
6600.0 0.0 3.0 14.0 108285163.0 2016798.0 0.0 60220000.0 125.0 2.0 1000.0 10138039.0
6700.0 0.0 3.0 14.0 107841824.0 2057245.0 0.0 60220000.0 125.0 2.0 1000.0 10540931.0
6800.0 0.0 3.0 13.0 107401713.0 2107071.0 0.0 60220000.0 123.0 2.0 1000.0 10931216.0
6900.0 0.0 3.0 13.0 106965055.0 2168395.0 0.0 60220000.0 122.0 2.0 1000.0 11306550.0
7000.0 0.0 3.0 13.0 106534592.0 2223493.0 0.0 60220000.0 121.0 2.0 1000.0 11681915.0
7100.0 0.0 3.0 13.0 106106838.0 2275755.0 0.0 60220000.0 119.0 2.0 1000.0 12057407.0
7200.0 0.0 3.0 13.0 105690261.0 2316968.0 0.0 60220000.0 116.0 2.0 1000.0 12432771.0
7300.0 1.0 1.0 16.0 105262941.0 2350716.0 0.0 60220000.0 133.0 2.0 1000.0 12826343.0
7400.0 0.0 1.0 18.0 104766829.0 2325530.0 0.0 60220000.0 144.0 2.0 1000.0 13347641.0
7500.0 0.0 1.0 18.0 104261680.0 2309452.0 0.0 60220000.0 142.0 2.0 1000.0 13868868.0
7600.0 0.0 1.0 17.0 103763518.0 2309653.0 0.0 60220000.0 139.0 2.0 1000.0 14366829.0
7700.0 0.0 1.0 16.0 103279776.0 2305539.0 0.0 60220000.0 134.0 2.0 1000.0 14854685.0
7800.0 0.0 1.0 15.0 102806527.0 2317350.0 0.0 60220000.0 131.0 2.0 1000.0 15316123.0
7900.0 0.0 1.0 15.0 102347592.0 2343161.0 0.0 60220000.0 129.0 2.0 1000.0 15749247.0
8000.0 0.0 1.0 15.0 101892056.0 2364604.0 0.0 60220000.0 128.0 2.0 1000.0 16183340.0
8100.0 0.0 1.0 15.0 101442269.0 2380346.0 0.0 60220000.0 126.0 2.0 1000.0 16617385.0
8200.0 0.0 1.0 15.0 100999104.0 2388914.0 0.0 60220000.0 124.0 2.0 1000.0 17051982.0
8300.0 0.0 1.0 15.0 100562142.0 2389748.0 0.0 60220000.0 122.0 2.0 1000.0 17488110.0
8400.0 0.0 1.0 15.0 100129983.0 2387225.0 0.0 60220000.0 121.0 2.0 1000.0 17922792.0
8500.0 0.0 1.0 15.0 99700775.0 2382041.0 0.0 60220000.0 121.0 2.0 1000.0 18357184.0
8600.0 0.0 1.0 15.0 99275520.0 2372259.0 0.0 60220000.0 119.0 2.0 1000.0 18792221.0
8700.0 0.0 1.0 18.0 98825741.0 2352479.0 0.0 60220000.0 136.0 2.0 1000.0 19261780.0
8800.0 0.0 1.0 16.0 98344647.0 2340230.0 0.0 60220000.0 135.0 2.0 1000.0 19755123.0
8900.0 0.0 1.0 15.0 97874460.0 2375242.0 0.0 60220000.0 132.0 2.0 1000.0 20190298.0
9000.0 0.0 1.0 15.0 97408984.0 2406654.0 0.0 60220000.0 131.0 2.0 1000.0 20624362.0
9100.0 0.0 1.0 14.0 96951808.0 2452518.0 0.0 60220000.0 126.0 2.0 1000.0 21035674.0
9200.0 0.0 1.0 14.0 96507778.0 2490619.0 0.0 60220000.0 125.0 2.0 1000.0 21441603.0
9300.0 0.0 1.0 14.0 96071023.0 2521556.0 0.0 60220000.0 122.0 2.0 1000.0 21847421.0
9400.0 1.0 0.0 17.0 95586548.0 2553568.0 0.0 60220000.0 154.0 2.0 1000.0 22299884.0
9500.0 1.0 1.0 18.0 95027616.0 2615085.0 0.0 60220000.0 166.0 2.0 1000.0 22797299.0
9600.0 0.0 0.0 21.0 94388838.0 2676542.0 0.0 60220000.0 193.0 2.0 1000.0 23374620.0
9700.0 1.0 1.0 22.0 93703351.0 2744009.0 0.0 60220000.0 197.0 2.0 1000.0 23992640.0
9800.0 0.0 1.0 22.0 93007530.0 2797560.0 0.0 60220000.0 195.0 2.0 1000.0 24634910.0
9900.0 0.0 1.0 22.0 92321255.0 2843404.0 0.0 60220000.0 193.0 2.0 1000.0 25275341.0
10000.0 0.0 1.0 22.0 91643743.0 2880250.0 0.0 60220000.0 190.0 2.0 1000.0 25916007.0
10100.0 1.0 0.0 25.0 90912373.0 2932068.0 0.0 60220000.0 222.0 2.0 1000.0 26595559.0
10200.0 1.0 2.0 28.0 90087498.0 2988482.0 0.0 60220000.0 244.0 2.0 1000.0 27364020.0
10300.0 0.0 2.0 29.0 89200716.0 3033381.0 0.0 60220000.0 252.0 2.0 1000.0 28205903.0
10400.0 0.0 2.0 29.0 88311871.0 3076530.0 0.0 60220000.0 251.0 2.0 1000.0 29051599.0
10500.0 0.0 2.0 29.0 87423088.0 3117483.0 0.0 60220000.0 250.0 2.0 1000.0 29899429.0
10600.0 0.0 2.0 29.0 86550071.0 3142808.0 0.0 60220000.0 244.0 2.0 1000.0 30747121.0
10700.0 0.0 2.0 28.0 85690071.0 3164287.0 0.0 60220000.0 241.0 2.0 1000.0 31585642.0
10800.0 0.0 2.0 27.0 84849961.0 3193064.0 0.0 60220000.0 235.0 2.0 1000.0 32396975.0
10900.0 0.0 2.0 26.0 84020533.0 3238198.0 0.0 60220000.0 233.0 2.0 1000.0 33181269.0
11000.0 0.0 2.0 26.0 83208115.0 3288793.0 0.0 60220000.0 227.0 2.0 1000.0 33943092.0
11100.0 1.0 1.0 29.0 82358943.0 3333135.0 0.0 60220000.0 254.0 2.0 1000.0 34747922.0
11200.0 1.0 0.0 33.0 81420916.0 3376375.0 0.0 60220000.0 276.0 2.0 1000.0 35642709.0
11300.0 1.0 0.0 36.0 80389554.0 3402844.0 0.0 60220000.0 308.0 2.0 1000.0 36647602.0
11400.0 0.0 1.0 39.0 79252042.0 3453418.0 0.0 60220000.0 331.0 2.0 1000.0 37734540.0
11500.0 0.0 1.0 38.0 78092536.0 3487519.0 0.0 60220000.0 322.0 2.0 1000.0 38859945.0
11600.0 0.0 1.0 38.0 76959531.0 3506907.0 0.0 60220000.0 319.0 2.0 1000.0 39973562.0
11700.0 0.0 1.0 37.0 75832081.0 3521977.0 0.0 60220000.0 318.0 2.0 1000.0 41085942.0
11800.0 0.0 1.0 39.0 74655707.0 3584318.0 0.0 60220000.0 341.0 2.0 1000.0 42199975.0
11900.0 0.0 1.0 39.0 73464921.0 3629930.0 0.0 60220000.0 333.0 2.0 1000.0 43345149.0
12000.0 0.0 1.0 39.0 72294201.0 3657991.0 0.0 60220000.0 328.0 2.0 1000.0 44487808.0
12100.0 0.0 1.0 38.0 71140454.0 3683242.0 0.0 60220000.0 324.0 2.0 1000.0 45616304.0
12200.0 0.0 1.0 37.0 70000178.0 3723852.0 0.0 60220000.0 320.0 2.0 1000.0 46715970.0
12300.0 0.0 1.0 37.0 68873163.0 3763826.0 0.0 60220000.0 314.0 2.0 1000.0 47803011.0
12400.0 0.0 1.0 37.0 67774134.0 3777403.0 0.0 60220000.0 306.0 2.0 1000.0 48888463.0
12500.0 0.0 2.0 38.0 66672096.0 3770460.0 0.0 60220000.0 312.0 2.0 1000.0 49997444.0
12600.0 0.0 2.0 37.0 65590098.0 3762074.0 0.0 60220000.0 302.0 2.0 1000.0 51087828.0
12700.0 1.0 1.0 36.0 64518372.0 3766712.0 0.0 60220000.0 316.0 2.0 1000.0 52154916.0
12800.0 1.0 0.0 39.0 63367552.0 3841837.0 0.0 60220000.0 338.0 2.0 1000.0 53230611.0
12900.0 1.0 2.0 45.0 62106421.0 3862438.0 0.0 60220000.0 374.0 2.0 1000.0 54471141.0
13000.0 3.0 1.0 54.0 60709225.0 3821819.0 0.0 60220000.0 438.0 2.0 1000.0 55908956.0
13100.0 1.0 0.0 64.0 59020997.0 3753219.0 0.0 60220000.0 496.0 2.0 1000.0 57665784.0
13200.0 1.0 2.0 70.0 57175012.0 3623105.0 0.0 60220000.0 549.0 2.0 1000.0 59641883.0
13300.0 1.0 3.0 72.0 55127541.0 3580897.0 0.0 60220000.0 598.0 2.0 1000.0 61731562.0
13400.0 0.0 2.0 72.0 53016950.0 3551663.0 0.0 60220000.0 595.0 2.0 1000.0 63871387.0
13500.0 0.0 2.0 71.0 50935003.0 3532143.0 0.0 60220000.0 584.0 2.0 1000.0 65972854.0
13600.0 0.0 2.0 70.0 48894822.0 3500400.0 0.0 60220000.0 567.0 2.0 1000.0 68044778.0
13700.0 0.0 2.0 67.0 46897608.0 3501805.0 0.0 60220000.0 562.0 2.0 1000.0 70040587.0
13800.0 0.0 2.0 67.0 44920939.0 3518167.0 0.0 60220000.0 556.0 2.0 1000.0 72000894.0
13900.0 0.0 2.0 64.0 42970606.0 3529897.0 0.0 60220000.0 548.0 2.0 1000.0 73939497.0
14000.0 0.0 2.0 63.0 41044651.0 3587913.0 0.0 60220000.0 542.0 2.0 1000.0 75807436.0
14100.0 1.0 1.0 64.0 39134359.0 3646339.0 0.0 60220000.0 546.0 2.0 1000.0 77659302.0
14200.0 1.0 0.0 65.0 37149601.0 3749867.0 0.0 60220000.0 577.0 2.0 1000.0 79540532.0
14300.0 1.0 2.0 69.0 35060986.0 3877687.0 0.0 60220000.0 606.0 2.0 1000.0 81501327.0
14400.0 2.0 1.0 75.0 32894265.0 3935446.0 0.0 60220000.0 634.0 2.0 1000.0 83610289.0
14500.0 2.0 3.0 81.0 30548900.0 3975276.0 0.0 60220000.0 699.0 2.0 1000.0 85915824.0
14600.0 1.0 1.0 87.0 28009975.0 4042818.0 0.0 60220000.0 739.0 2.0 1000.0 88387207.0
14700.0 1.0 1.0 90.0 25396953.0 4057591.0 0.0 60220000.0 747.0 2.0 1000.0 90985456.0
14800.0 1.0 3.0 90.0 22743364.0 4081767.0 0.0 60220000.0 767.0 2.0 1000.0 93614869.0
14900.0 1.0 3.0 93.0 20022786.0 4106514.0 0.0 60220000.0 781.0 2.0 1000.0 96310700.0
15000.0 0.0 1.0 93.0 17282137.0 4096783.0 0.0 60220000.0 769.0 2.0 1000.0 99061080.0
15100.0 0.0 1.0 93.0 14617153.0 4030097.0 0.0 60220000.0 756.0 2.0 1000.0 101792750.0
15200.0 0.0 1.0 92.0 11994969.0 3936527.0 0.0 60220000.0 742.0 2.0 1000.0 104508504.0
15300.0 0.0 1.0 89.0 9441051.0 3837162.0 0.0 60220000.0 722.0 2.0 1000.0 107161787.0
15400.0 0.0 1.0 87.0 6949970.0 3746470.0 0.0 60220000.0 711.0 2.0 1000.0 109743560.0
15500.0 0.0 1.0 84.0 4514975.0 3694264.0 0.0 60220000.0 703.0 2.0 1000.0 112230761.0
15600.0 0.0 1.0 83.0 2133503.0 3637132.0 0.0 60220000.0 709.0 2.0 1000.0 114669365.0
15700.0 0.0 1.0 82.0 108969.0 3236782.0 0.0 60220000.0 697.0 2.0 1000.0 117094249.0
15800.0 0.0 1.0 81.0 589.0 1013538.0 0.0 60220000.0 686.0 2.0 1000.0 119425873.0
15900.0 0.0 1.0 81.0 0.0 0.0 0.0 60220000.0 676.0 2.0 1000.0 120440000.0
16000.0 0.0 1.0 80.0 0.0 0.0 0.0 60220000.0 665.0 2.0 1000.0 120440000.0
16100.0 0.0 1.0 77.0 0.0 0.0 0.0 60220000.0 651.0 2.0 1000.0 120440000.0
16200.0 0.0 1.0 75.0 0.0 0.0 0.0 60220000.0 641.0 2.0 1000.0 120440000.0
16300.0 0.0 1.0 73.0 0.0 0.0 0.0 60220000.0 631.0 2.0 1000.0 120440000.0
16400.0 0.0 1.0 72.0 0.0 0.0 0.0 60220000.0 624.0 2.0 1000.0 120440000.0
16500.0 0.0 1.0 71.0 0.0 0.0 0.0 60220000.0 619.0 2.0 1000.0 120440000.0
16600.0 0.0 1.0 68.0 0.0 0.0 0.0 60220000.0 609.0 2.0 1000.0 120440000.0
16700.0 0.0 1.0 66.0 0.0 0.0 0.0 60220000.0 598.0 2.0 1000.0 120440000.0
16800.0 0.0 1.0 65.0 0.0 0.0 0.0 60220000.0 592.0 2.0 1000.0 120440000.0
16900.0 0.0 1.0 63.0 0.0 0.0 0.0 60220000.0 580.0 2.0 1000.0 120440000.0
17000.0 0.0 1.0 62.0 0.0 0.0 0.0 60220000.0 574.0 2.0 1000.0 120440000.0
17100.0 0.0 1.0 61.0 0.0 0.0 0.0 60220000.0 565.0 2.0 1000.0 120440000.0
17200.0 0.0 1.0 60.0 0.0 0.0 0.0 60220000.0 556.0 2.0 1000.0 120440000.0
17300.0 0.0 1.0 60.0 0.0 0.0 0.0 60220000.0 552.0 2.0 1000.0 120440000.0
17400.0 0.0 1.0 59.0 0.0 0.0 0.0 60220000.0 541.0 2.0 1000.0 120440000.0
17500.0 0.0 1.0 58.0 0.0 0.0 0.0 60220000.0 534.0 2.0 1000.0 120440000.0
17600.0 0.0 1.0 58.0 0.0 0.0 0.0 60220000.0 527.0 2.0 1000.0 120440000.0
17700.0 0.0 1.0 55.0 0.0 0.0 0.0 60220000.0 521.0 2.0 1000.0 120440000.0
17800.0 0.0 1.0 55.0 0.0 0.0 0.0 60220000.0 513.0 2.0 1000.0 120440000.0
17900.0 0.0 1.0 54.0 0.0 0.0 0.0 60220000.0 503.0 2.0 1000.0 120440000.0
18000.0 0.0 1.0 53.0 0.0 0.0 0.0 60220000.0 493.0 2.0 1000.0 120440000.0
18100.0 0.0 1.0 53.0 0.0 0.0 0.0 60220000.0 491.0 2.0 1000.0 120440000.0
18200.0 0.0 1.0 52.0 0.0 0.0 0.0 60220000.0 486.0 2.0 1000.0 120440000.0
18300.0 0.0 1.0 51.0 0.0 0.0 0.0 60220000.0 480.0 2.0 1000.0 120440000.0
18400.0 0.0 1.0 49.0 0.0 0.0 0.0 60220000.0 479.0 2.0 1000.0 120440000.0
18500.0 0.0 1.0 49.0 0.0 0.0 0.0 60220000.0 469.0 2.0 1000.0 120440000.0
18600.0 0.0 1.0 49.0 0.0 0.0 0.0 60220000.0 461.0 2.0 1000.0 120440000.0
18700.0 0.0 1.0 49.0 0.0 0.0 0.0 60220000.0 455.0 2.0 1000.0 120440000.0
18800.0 0.0 1.0 49.0 0.0 0.0 0.0 60220000.0 448.0 2.0 1000.0 120440000.0
18900.0 0.0 1.0 48.0 0.0 0.0 0.0 60220000.0 442.0 2.0 1000.0 120440000.0
19000.0 0.0 1.0 47.0 0.0 0.0 0.0 60220000.0 434.0 2.0 1000.0 120440000.0
19100.0 0.0 1.0 46.0 0.0 0.0 0.0 60220000.0 430.0 2.0 1000.0 120440000.0
19200.0 0.0 1.0 45.0 0.0 0.0 0.0 60220000.0 425.0 2.0 1000.0 120440000.0
19300.0 0.0 1.0 45.0 0.0 0.0 0.0 60220000.0 416.0 2.0 1000.0 120440000.0
19400.0 0.0 1.0 44.0 0.0 0.0 0.0 60220000.0 410.0 2.0 1000.0 120440000.0
19500.0 0.0 1.0 42.0 0.0 0.0 0.0 60220000.0 401.0 2.0 1000.0 120440000.0
19600.0 0.0 1.0 42.0 0.0 0.0 0.0 60220000.0 394.0 2.0 1000.0 120440000.0
19700.0 0.0 1.0 41.0 0.0 0.0 0.0 60220000.0 386.0 2.0 1000.0 120440000.0
19800.0 0.0 1.0 41.0 0.0 0.0 0.0 60220000.0 379.0 2.0 1000.0 120440000.0
19900.0 0.0 1.0 41.0 0.0 0.0 0.0 60220000.0 371.0 2.0 1000.0 120440000.0
