time rna_M monomer_betaGal protein_betaGal Lactose_external Lactose_internal Glucose_external Glucose_internal protein_Lactose_Permease dna_Lac_Operon Biomass Lactose_consumed
0.0 0.0 0.0 0.0 120440000.0 0.0 60220000.0 0.0 0.0 2.0 1000.0 0.0
100.0 0.0 0.0 0.0 120440000.0 0.0 30122738.0 30097262.0 0.0 2.0 1000.0 0.0
200.0 0.0 0.0 0.0 120440000.0 0.0 75764.0 60144236.0 0.0 2.0 1000.0 0.0
300.0 0.0 0.0 0.0 120440000.0 0.0 0.0 60220000.0 0.0 2.0 1000.0 0.0
400.0 0.0 0.0 0.0 120440000.0 0.0 0.0 60220000.0 0.0 2.0 1000.0 0.0
500.0 0.0 0.0 0.0 120440000.0 0.0 0.0 60220000.0 0.0 2.0 1000.0 0.0
600.0 0.0 0.0 0.0 120440000.0 0.0 0.0 60220000.0 0.0 2.0 1000.0 0.0
700.0 0.0 0.0 0.0 120440000.0 0.0 0.0 60220000.0 0.0 2.0 1000.0 0.0
800.0 1.0 0.0 2.0 120387201.0 47769.0 0.0 60220000.0 31.0 2.0 1000.0 5030.0
900.0 0.0 2.0 4.0 120232951.0 148605.0 0.0 60220000.0 49.0 2.0 1000.0 58444.0
1000.0 0.0 2.0 4.0 120060816.0 237646.0 0.0 60220000.0 48.0 2.0 1000.0 141538.0
1100.0 0.0 2.0 4.0 119889170.0 317093.0 0.0 60220000.0 48.0 2.0 1000.0 233737.0
1200.0 0.0 2.0 4.0 119717766.0 391858.0 0.0 60220000.0 47.0 2.0 1000.0 330376.0
1300.0 0.0 2.0 4.0 119553296.0 456313.0 0.0 60220000.0 46.0 2.0 1000.0 430391.0
1400.0 0.0 2.0 4.0 119393794.0 513237.0 0.0 60220000.0 43.0 2.0 1000.0 532969.0
1500.0 0.0 2.0 4.0 119243467.0 559842.0 0.0 60220000.0 42.0 2.0 1000.0 636691.0
1600.0 0.0 2.0 4.0 119096303.0 602481.0 0.0 60220000.0 41.0 2.0 1000.0 741216.0
1700.0 0.0 2.0 4.0 118950105.0 642245.0 0.0 60220000.0 41.0 2.0 1000.0 847650.0
1800.0 0.0 2.0 4.0 118805009.0 681500.0 0.0 60220000.0 40.0 2.0 1000.0 953491.0
1900.0 0.0 2.0 4.0 118662792.0 716749.0 0.0 60220000.0 40.0 2.0 1000.0 1060459.0
2000.0 0.0 2.0 4.0 118521775.0 750552.0 0.0 60220000.0 39.0 2.0 1000.0 1167673.0
2100.0 0.0 2.0 4.0 118388124.0 776194.0 0.0 60220000.0 37.0 2.0 1000.0 1275682.0
2200.0 0.0 2.0 4.0 118255736.0 800290.0 0.0 60220000.0 37.0 2.0 1000.0 1383974.0
2300.0 0.0 2.0 4.0 118123991.0 822928.0 0.0 60220000.0 37.0 2.0 1000.0 1493081.0
2400.0 0.0 2.0 4.0 117992224.0 845288.0 0.0 60220000.0 37.0 2.0 1000.0 1602488.0
2500.0 0.0 2.0 4.0 117862044.0 866172.0 0.0 60220000.0 36.0 2.0 1000.0 1711784.0
2600.0 0.0 2.0 4.0 117734273.0 884238.0 0.0 60220000.0 36.0 2.0 1000.0 1821489.0
2700.0 0.0 2.0 4.0 117605908.0 902742.0 0.0 60220000.0 36.0 2.0 1000.0 1931350.0
2800.0 0.0 2.0 4.0 117477123.0 921415.0 0.0 60220000.0 36.0 2.0 1000.0 2041462.0
2900.0 0.0 2.0 4.0 117348668.0 939784.0 0.0 60220000.0 36.0 2.0 1000.0 2151548.0
3000.0 0.0 2.0 4.0 117220321.0 957940.0 0.0 60220000.0 36.0 2.0 1000.0 2261739.0
3100.0 0.0 2.0 4.0 117092598.0 975221.0 0.0 60220000.0 36.0 2.0 1000.0 2372181.0
3200.0 0.0 2.0 4.0 116964006.0 993586.0 0.0 60220000.0 36.0 2.0 1000.0 2482408.0
3300.0 0.0 2.0 4.0 116835734.0 1011278.0 0.0 60220000.0 36.0 2.0 1000.0 2592988.0
3400.0 0.0 2.0 4.0 116707478.0 1028442.0 0.0 60220000.0 36.0 2.0 1000.0 2704080.0
3500.0 0.0 2.0 4.0 116579194.0 1045378.0 0.0 60220000.0 36.0 2.0 1000.0 2815428.0
3600.0 0.0 2.0 4.0 116451255.0 1062218.0 0.0 60220000.0 36.0 2.0 1000.0 2926527.0
3700.0 0.0 2.0 4.0 116325800.0 1076684.0 0.0 60220000.0 35.0 2.0 1000.0 3037516.0
3800.0 0.0 2.0 4.0 116203457.0 1087643.0 0.0 60220000.0 34.0 2.0 1000.0 3148900.0
3900.0 0.0 2.0 4.0 116086327.0 1093341.0 0.0 60220000.0 33.0 2.0 1000.0 3260332.0
4000.0 0.0 2.0 4.0 115969158.0 1099103.0 0.0 60220000.0 33.0 2.0 1000.0 3371739.0
4100.0 0.0 2.0 4.0 115854536.0 1102155.0 0.0 60220000.0 32.0 2.0 1000.0 3483309.0
4200.0 0.0 2.0 4.0 115740627.0 1104240.0 0.0 60220000.0 32.0 2.0 1000.0 3595133.0
4300.0 0.0 2.0 4.0 115626682.0 1106324.0 0.0 60220000.0 31.0 2.0 1000.0 3706994.0
4400.0 0.0 2.0 4.0 115515366.0 1105929.0 0.0 60220000.0 31.0 2.0 1000.0 3818705.0
4500.0 0.0 2.0 4.0 115405313.0 1105436.0 0.0 60220000.0 31.0 2.0 1000.0 3929251.0
4600.0 0.0 2.0 4.0 115295935.0 1102962.0 0.0 60220000.0 30.0 2.0 1000.0 4041103.0
4700.0 0.0 2.0 4.0 115193570.0 1094111.0 0.0 60220000.0 28.0 2.0 1000.0 4152319.0
4800.0 0.0 2.0 4.0 115096113.0 1080331.0 0.0 60220000.0 26.0 2.0 1000.0 4263556.0
4900.0 0.0 2.0 4.0 115003477.0 1062376.0 0.0 60220000.0 26.0 2.0 1000.0 4374147.0
5000.0 0.0 2.0 4.0 114910127.0 1044473.0 0.0 60220000.0 26.0 2.0 1000.0 4485400.0
5100.0 0.0 2.0 4.0 114817529.0 1026082.0 0.0 60220000.0 26.0 2.0 1000.0 4596389.0
5200.0 0.0 2.0 4.0 114724439.0 1008273.0 0.0 60220000.0 26.0 2.0 1000.0 4707288.0
5300.0 0.0 2.0 4.0 114633058.0 988495.0 0.0 60220000.0 25.0 2.0 1000.0 4818447.0
5400.0 0.0 2.0 4.0 114543400.0 968438.0 0.0 60220000.0 25.0 2.0 1000.0 4928162.0
5500.0 0.0 2.0 4.0 114458531.0 942963.0 0.0 60220000.0 23.0 2.0 1000.0 5038506.0
5600.0 0.0 2.0 4.0 114379484.0 911737.0 0.0 60220000.0 22.0 2.0 1000.0 5148779.0
5700.0 0.0 2.0 4.0 114301194.0 880112.0 0.0 60220000.0 22.0 2.0 1000.0 5258694.0
5800.0 0.0 2.0 4.0 114222757.0 849461.0 0.0 60220000.0 22.0 2.0 1000.0 5367782.0
5900.0 0.0 2.0 4.0 114143984.0 819511.0 0.0 60220000.0 22.0 2.0 1000.0 5476505.0
6000.0 0.0 2.0 4.0 114065518.0 789162.0 0.0 60220000.0 22.0 2.0 1000.0 5585320.0
6100.0 0.0 2.0 4.0 113987813.0 758986.0 0.0 60220000.0 21.0 2.0 1000.0 5693201.0
6200.0 0.0 2.0 4.0 113916952.0 721769.0 0.0 60220000.0 19.0 2.0 1000.0 5801279.0
6300.0 0.0 2.0 4.0 113849237.0 681916.0 0.0 60220000.0 19.0 2.0 1000.0 5908847.0
6400.0 0.0 2.0 4.0 113782079.0 642851.0 0.0 60220000.0 19.0 2.0 1000.0 6015070.0
6500.0 0.0 2.0 4.0 113717627.0 601834.0 0.0 60220000.0 18.0 2.0 1000.0 6120539.0
6600.0 0.0 2.0 3.0 113653916.0 567407.0 0.0 60220000.0 18.0 2.0 1000.0 6218677.0
6700.0 0.0 2.0 3.0 113593105.0 550238.0 0.0 60220000.0 16.0 2.0 1000.0 6296657.0
6800.0 0.0 2.0 3.0 113535717.0 530171.0 0.0 60220000.0 16.0 2.0 1000.0 6374112.0
6900.0 0.0 2.0 2.0 113478784.0 530428.0 0.0 60220000.0 16.0 2.0 1000.0 6430788.0
7000.0 0.0 2.0 2.0 113421577.0 535771.0 0.0 60220000.0 16.0 2.0 1000.0 6482652.0
7100.0 0.0 2.0 2.0 113364256.0 541434.0 0.0 60220000.0 16.0 2.0 1000.0 6534310.0
7200.0 0.0 2.0 2.0 113309715.0 544087.0 0.0 60220000.0 15.0 2.0 1000.0 6586198.0
7300.0 0.0 2.0 2.0 113256071.0 545724.0 0.0 60220000.0 15.0 2.0 1000.0 6638205.0
7400.0 0.0 2.0 2.0 113202768.0 547100.0 0.0 60220000.0 15.0 2.0 1000.0 6690132.0
7500.0 0.0 2.0 2.0 113149301.0 548314.0 0.0 60220000.0 15.0 2.0 1000.0 6742385.0
7600.0 0.0 2.0 2.0 113095842.0 550080.0 0.0 60220000.0 15.0 2.0 1000.0 6794078.0
7700.0 0.0 2.0 2.0 113043339.0 550842.0 0.0 60220000.0 14.0 2.0 1000.0 6845819.0
7800.0 0.0 2.0 2.0 112993646.0 548482.0 0.0 60220000.0 14.0 2.0 1000.0 6897872.0
7900.0 0.0 2.0 2.0 112943843.0 546279.0 0.0 60220000.0 14.0 2.0 1000.0 6949878.0
8000.0 0.0 2.0 2.0 112894612.0 543471.0 0.0 60220000.0 13.0 2.0 1000.0 7001917.0
8100.0 0.0 2.0 2.0 112853629.0 532545.0 0.0 60220000.0 11.0 2.0 1000.0 7053826.0
8200.0 0.0 2.0 2.0 112815762.0 518701.0 0.0 60220000.0 10.0 2.0 1000.0 7105537.0
8300.0 0.0 2.0 2.0 112780071.0 502741.0 0.0 60220000.0 10.0 2.0 1000.0 7157188.0
8400.0 0.0 2.0 2.0 112744231.0 487855.0 0.0 60220000.0 10.0 2.0 1000.0 7207914.0
8500.0 0.0 2.0 2.0 112708569.0 472906.0 0.0 60220000.0 10.0 2.0 1000.0 7258525.0
8600.0 0.0 2.0 2.0 112672796.0 457400.0 0.0 60220000.0 10.0 2.0 1000.0 7309804.0
8700.0 0.0 2.0 2.0 112637056.0 442403.0 0.0 60220000.0 10.0 2.0 1000.0 7360541.0
8800.0 0.0 2.0 2.0 112601379.0 428027.0 0.0 60220000.0 10.0 2.0 1000.0 7410594.0
8900.0 0.0 2.0 2.0 112565693.0 413672.0 0.0 60220000.0 10.0 2.0 1000.0 7460635.0
9000.0 0.0 2.0 2.0 112530409.0 399163.0 0.0 60220000.0 10.0 2.0 1000.0 7510428.0
9100.0 0.0 2.0 2.0 112494952.0 385153.0 0.0 60220000.0 10.0 2.0 1000.0 7559895.0
9200.0 0.0 2.0 2.0 112459105.0 371565.0 0.0 60220000.0 10.0 2.0 1000.0 7609330.0
9300.0 0.0 2.0 2.0 112422925.0 358910.0 0.0 60220000.0 10.0 2.0 1000.0 7658165.0
9400.0 0.0 2.0 2.0 112387328.0 346178.0 0.0 60220000.0 10.0 2.0 1000.0 7706494.0
9500.0 0.0 2.0 1.0 112351565.0 343318.0 0.0 60220000.0 10.0 2.0 1000.0 7745117.0
9600.0 0.0 2.0 1.0 112315660.0 355086.0 0.0 60220000.0 10.0 2.0 1000.0 7769254.0
9700.0 0.0 2.0 1.0 112279725.0 366671.0 0.0 60220000.0 10.0 2.0 1000.0 7793604.0
9800.0 0.0 2.0 1.0 112243827.0 378290.0 0.0 60220000.0 10.0 2.0 1000.0 7817883.0
9900.0 0.0 2.0 1.0 112211337.0 386142.0 0.0 60220000.0 9.0 2.0 1000.0 7842521.0
10000.0 0.0 2.0 1.0 112179171.0 393609.0 0.0 60220000.0 9.0 2.0 1000.0 7867220.0
10100.0 0.0 2.0 1.0 112147161.0 400940.0 0.0 60220000.0 9.0 2.0 1000.0 7891899.0
10200.0 0.0 2.0 1.0 112114975.0 408259.0 0.0 60220000.0 9.0 2.0 1000.0 7916766.0
10300.0 0.0 2.0 1.0 112085462.0 412707.0 0.0 60220000.0 8.0 2.0 1000.0 7941831.0
10400.0 0.0 2.0 1.0 112057046.0 416505.0 0.0 60220000.0 8.0 2.0 1000.0 7966449.0
10500.0 0.0 2.0 1.0 112028370.0 420505.0 0.0 60220000.0 8.0 2.0 1000.0 7991125.0
10600.0 0.0 2.0 1.0 111999663.0 424206.0 0.0 60220000.0 8.0 2.0 1000.0 8016131.0
10700.0 0.0 2.0 1.0 111971323.0 427539.0 0.0 60220000.0 8.0 2.0 1000.0 8041138.0
10800.0 0.0 2.0 1.0 111942712.0 431347.0 0.0 60220000.0 8.0 2.0 1000.0 8065941.0
10900.0 0.0 2.0 1.0 111914083.0 434723.0 0.0 60220000.0 8.0 2.0 1000.0 8091194.0
11000.0 0.0 2.0 1.0 111886065.0 437644.0 0.0 60220000.0 7.0 2.0 1000.0 8116291.0
11100.0 0.0 2.0 1.0 111861108.0 437437.0 0.0 60220000.0 7.0 2.0 1000.0 8141455.0
11200.0 0.0 2.0 1.0 111836071.0 437238.0 0.0 60220000.0 7.0 2.0 1000.0 8166691.0
11300.0 0.0 2.0 1.0 111811229.0 436596.0 0.0 60220000.0 7.0 2.0 1000.0 8192175.0
11400.0 0.0 2.0 1.0 111786431.0 436294.0 0.0 60220000.0 7.0 2.0 1000.0 8217275.0
11500.0 0.0 2.0 1.0 111761260.0 436413.0 0.0 60220000.0 7.0 2.0 1000.0 8242327.0
11600.0 0.0 2.0 1.0 111736299.0 436112.0 0.0 60220000.0 7.0 2.0 1000.0 8267589.0
11700.0 0.0 2.0 1.0 111711436.0 435483.0 0.0 60220000.0 7.0 2.0 1000.0 8293081.0
11800.0 0.0 2.0 1.0 111686460.0 435269.0 0.0 60220000.0 7.0 2.0 1000.0 8318271.0
11900.0 0.0 2.0 1.0 111661387.0 435510.0 0.0 60220000.0 7.0 2.0 1000.0 8343103.0
12000.0 0.0 2.0 1.0 111636712.0 434874.0 0.0 60220000.0 7.0 2.0 1000.0 8368414.0
12100.0 0.0 2.0 1.0 111611517.0 435047.0 0.0 60220000.0 7.0 2.0 1000.0 8393436.0
12200.0 0.0 2.0 1.0 111586733.0 434651.0 0.0 60220000.0 7.0 2.0 1000.0 8418616.0
12300.0 0.0 2.0 1.0 111564813.0 431680.0 0.0 60220000.0 6.0 2.0 1000.0 8443507.0
12400.0 0.0 2.0 1.0 111543552.0 427820.0 0.0 60220000.0 6.0 2.0 1000.0 8468628.0
12500.0 0.0 2.0 1.0 111522090.0 424241.0 0.0 60220000.0 6.0 2.0 1000.0 8493669.0
12600.0 0.0 2.0 1.0 111500764.0 420451.0 0.0 60220000.0 6.0 2.0 1000.0 8518785.0
12700.0 0.0 2.0 0.0 111479330.0 429288.0 0.0 60220000.0 6.0 2.0 1000.0 8531382.0
12800.0 0.0 2.0 0.0 111457783.0 450835.0 0.0 60220000.0 6.0 2.0 1000.0 8531382.0
12900.0 0.0 2.0 0.0 111436529.0 472089.0 0.0 60220000.0 6.0 2.0 1000.0 8531382.0
13000.0 0.0 2.0 0.0 111415185.0 493433.0 0.0 60220000.0 6.0 2.0 1000.0 8531382.0
13100.0 0.0 2.0 0.0 111393585.0 515033.0 0.0 60220000.0 6.0 2.0 1000.0 8531382.0
13200.0 0.0 2.0 0.0 111372253.0 536365.0 0.0 60220000.0 6.0 2.0 1000.0 8531382.0
13300.0 0.0 2.0 0.0 111351092.0 557526.0 0.0 60220000.0 6.0 2.0 1000.0 8531382.0
13400.0 0.0 2.0 0.0 111329693.0 578925.0 0.0 60220000.0 6.0 2.0 1000.0 8531382.0
13500.0 0.0 2.0 0.0 111307907.0 600711.0 0.0 60220000.0 6.0 2.0 1000.0 8531382.0
13600.0 0.0 2.0 0.0 111286370.0 622248.0 0.0 60220000.0 6.0 2.0 1000.0 8531382.0
13700.0 0.0 2.0 0.0 111268392.0 640226.0 0.0 60220000.0 5.0 2.0 1000.0 8531382.0
13800.0 0.0 2.0 0.0 111250268.0 658350.0 0.0 60220000.0 5.0 2.0 1000.0 8531382.0
13900.0 0.0 2.0 0.0 111232510.0 676108.0 0.0 60220000.0 5.0 2.0 1000.0 8531382.0
14000.0 0.0 2.0 0.0 111214561.0 694057.0 0.0 60220000.0 5.0 2.0 1000.0 8531382.0
14100.0 0.0 2.0 0.0 111196685.0 711933.0 0.0 60220000.0 5.0 2.0 1000.0 8531382.0
14200.0 0.0 2.0 0.0 111178787.0 729831.0 0.0 60220000.0 5.0 2.0 1000.0 8531382.0
14300.0 0.0 2.0 0.0 111161155.0 747463.0 0.0 60220000.0 5.0 2.0 1000.0 8531382.0
14400.0 0.0 2.0 0.0 111145360.0 763258.0 0.0 60220000.0 4.0 2.0 1000.0 8531382.0
14500.0 0.0 2.0 0.0 111130959.0 777659.0 0.0 60220000.0 4.0 2.0 1000.0 8531382.0
14600.0 0.0 2.0 0.0 111116539.0 792079.0 0.0 60220000.0 4.0 2.0 1000.0 8531382.0
14700.0 0.0 2.0 0.0 111102313.0 806305.0 0.0 60220000.0 4.0 2.0 1000.0 8531382.0
14800.0 0.0 2.0 0.0 111087801.0 820817.0 0.0 60220000.0 4.0 2.0 1000.0 8531382.0
14900.0 0.0 2.0 0.0 111073257.0 835361.0 0.0 60220000.0 4.0 2.0 1000.0 8531382.0
15000.0 0.0 2.0 0.0 111058807.0 849811.0 0.0 60220000.0 4.0 2.0 1000.0 8531382.0
15100.0 0.0 2.0 0.0 111044483.0 864135.0 0.0 60220000.0 4.0 2.0 1000.0 8531382.0
15200.0 0.0 2.0 0.0 111029915.0 878703.0 0.0 60220000.0 4.0 2.0 1000.0 8531382.0
15300.0 0.0 2.0 0.0 111015786.0 892832.0 0.0 60220000.0 4.0 2.0 1000.0 8531382.0
15400.0 0.0 2.0 0.0 111004678.0 903940.0 0.0 60220000.0 3.0 2.0 1000.0 8531382.0
15500.0 0.0 2.0 0.0 110993852.0 914766.0 0.0 60220000.0 3.0 2.0 1000.0 8531382.0
15600.0 0.0 2.0 0.0 110983119.0 925499.0 0.0 60220000.0 3.0 2.0 1000.0 8531382.0
15700.0 0.0 2.0 0.0 110972429.0 936189.0 0.0 60220000.0 3.0 2.0 1000.0 8531382.0
15800.0 0.0 2.0 0.0 110961709.0 946909.0 0.0 60220000.0 3.0 2.0 1000.0 8531382.0
15900.0 0.0 2.0 0.0 110950960.0 957658.0 0.0 60220000.0 3.0 2.0 1000.0 8531382.0
16000.0 0.0 2.0 0.0 110940084.0 968534.0 0.0 60220000.0 3.0 2.0 1000.0 8531382.0
16100.0 0.0 2.0 0.0 110929389.0 979229.0 0.0 60220000.0 3.0 2.0 1000.0 8531382.0
16200.0 1.0 0.0 2.0 110915817.0 985037.0 0.0 60220000.0 8.0 2.0 1000.0 8539146.0
16300.0 1.0 3.0 4.0 110812592.0 997687.0 0.0 60220000.0 45.0 2.0 1000.0 8629721.0
16400.0 0.0 1.0 5.0 110624055.0 1055094.0 0.0 60220000.0 54.0 2.0 1000.0 8760851.0
16500.0 0.0 1.0 5.0 110432730.0 1107325.0 0.0 60220000.0 54.0 2.0 1000.0 8899945.0
16600.0 0.0 1.0 4.0 110247010.0 1177549.0 0.0 60220000.0 50.0 2.0 1000.0 9015441.0
16700.0 0.0 1.0 4.0 110069448.0 1243405.0 0.0 60220000.0 49.0 2.0 1000.0 9127147.0
16800.0 0.0 1.0 4.0 109898352.0 1301611.0 0.0 60220000.0 48.0 2.0 1000.0 9240037.0
16900.0 0.0 1.0 4.0 109727297.0 1359907.0 0.0 60220000.0 48.0 2.0 1000.0 9352796.0
17000.0 0.0 1.0 4.0 109556527.0 1417450.0 0.0 60220000.0 48.0 2.0 1000.0 9466023.0
17100.0 0.0 1.0 4.0 109391714.0 1468646.0 0.0 60220000.0 46.0 2.0 1000.0 9579640.0
17200.0 0.0 1.0 4.0 109231186.0 1515634.0 0.0 60220000.0 45.0 2.0 1000.0 9693180.0
17300.0 1.0 1.0 4.0 109073767.0 1559264.0 0.0 60220000.0 45.0 2.0 1000.0 9806969.0
17400.0 1.0 3.0 6.0 108869028.0 1623280.0 0.0 60220000.0 73.0 2.0 1000.0 9947692.0
17500.0 0.0 2.0 10.0 108546575.0 1695129.0 0.0 60220000.0 100.0 2.0 1000.0 10198296.0
17600.0 0.0 2.0 9.0 108190802.0 1792590.0 0.0 60220000.0 100.0 2.0 1000.0 10456608.0
17700.0 0.0 2.0 9.0 107840427.0 1884167.0 0.0 60220000.0 98.0 2.0 1000.0 10715406.0
17800.0 0.0 2.0 9.0 107496488.0 1969700.0 0.0 60220000.0 96.0 2.0 1000.0 10973812.0
17900.0 0.0 2.0 9.0 107155186.0 2050775.0 0.0 60220000.0 96.0 2.0 1000.0 11234039.0
18000.0 0.0 2.0 9.0 106823212.0 2124116.0 0.0 60220000.0 93.0 2.0 1000.0 11492672.0
18100.0 0.0 2.0 9.0 106494810.0 2192473.0 0.0 60220000.0 92.0 2.0 1000.0 11752717.0
18200.0 0.0 2.0 9.0 106172016.0 2254944.0 0.0 60220000.0 91.0 2.0 1000.0 12013040.0
18300.0 0.0 2.0 9.0 105848990.0 2317227.0 0.0 60220000.0 91.0 2.0 1000.0 12273783.0
18400.0 0.0 2.0 9.0 105532968.0 2372107.0 0.0 60220000.0 88.0 2.0 1000.0 12534925.0
18500.0 1.0 2.0 14.0 105196986.0 2373661.0 0.0 60220000.0 105.0 2.0 1000.0 12869353.0
18600.0 0.0 0.0 16.0 104772650.0 2346731.0 0.0 60220000.0 122.0 2.0 1000.0 13320619.0
18700.0 0.0 2.0 20.0 104314568.0 2295005.0 0.0 60220000.0 145.0 2.0 1000.0 13830427.0
18800.0 0.0 2.0 19.0 103804631.0 2246003.0 0.0 60220000.0 142.0 2.0 1000.0 14389366.0
18900.0 0.0 2.0 19.0 103300911.0 2200843.0 0.0 60220000.0 141.0 2.0 1000.0 14938246.0
19000.0 0.0 2.0 19.0 102803440.0 2148092.0 0.0 60220000.0 138.0 2.0 1000.0 15488468.0
19100.0 0.0 2.0 19.0 102322433.0 2081415.0 0.0 60220000.0 135.0 2.0 1000.0 16036152.0
19200.0 0.0 2.0 18.0 101843055.0 2020095.0 0.0 60220000.0 135.0 2.0 1000.0 16576850.0
19300.0 0.0 2.0 18.0 101365658.0 1978222.0 0.0 60220000.0 134.0 2.0 1000.0 17096120.0
19400.0 0.0 2.0 17.0 100896907.0 1946221.0 0.0 60220000.0 128.0 2.0 1000.0 17596872.0
19500.0 0.0 2.0 17.0 100445336.0 1907956.0 0.0 60220000.0 126.0 2.0 1000.0 18086708.0
19600.0 0.0 2.0 17.0 100001123.0 1863013.0 0.0 60220000.0 124.0 2.0 1000.0 18575864.0
19700.0 0.0 2.0 16.0 99560696.0 1830506.0 0.0 60220000.0 123.0 2.0 1000.0 19048798.0
19800.0 0.0 1.0 19.0 99110186.0 1793445.0 0.0 60220000.0 136.0 2.0 1000.0 19536369.0
19900.0 0.0 1.0 17.0 98637708.0 1766178.0 0.0 60220000.0 132.0 2.0 1000.0 20036114.0
