time rna_M monomer_betaGal protein_betaGal Lactose_external Lactose_internal Glucose_external Glucose_internal protein_Lactose_Permease dna_Lac_Operon Biomass Lactose_consumed
0.0 0.0 0.0 0.0 120440000.0 0.0 60220000.0 0.0 0.0 2.0 1000.0 0.0
100.0 0.0 0.0 0.0 120440000.0 0.0 30125132.0 30094868.0 0.0 2.0 1000.0 0.0
200.0 0.0 0.0 0.0 120440000.0 0.0 77921.0 60142079.0 0.0 2.0 1000.0 0.0
300.0 0.0 0.0 0.0 120440000.0 0.0 0.0 60220000.0 0.0 2.0 1000.0 0.0
400.0 0.0 0.0 0.0 120440000.0 0.0 0.0 60220000.0 0.0 2.0 1000.0 0.0
500.0 0.0 0.0 0.0 120440000.0 0.0 0.0 60220000.0 0.0 2.0 1000.0 0.0
600.0 0.0 0.0 0.0 120440000.0 0.0 0.0 60220000.0 0.0 2.0 1000.0 0.0
700.0 0.0 0.0 0.0 120440000.0 0.0 0.0 60220000.0 0.0 2.0 1000.0 0.0
800.0 0.0 0.0 0.0 120440000.0 0.0 0.0 60220000.0 0.0 2.0 1000.0 0.0
900.0 0.0 0.0 0.0 120440000.0 0.0 0.0 60220000.0 0.0 2.0 1000.0 0.0
1000.0 0.0 0.0 0.0 120440000.0 0.0 0.0 60220000.0 0.0 2.0 1000.0 0.0
1100.0 0.0 0.0 0.0 120440000.0 0.0 0.0 60220000.0 0.0 2.0 1000.0 0.0
1200.0 0.0 0.0 0.0 120440000.0 0.0 0.0 60220000.0 0.0 2.0 1000.0 0.0
1300.0 0.0 0.0 0.0 120440000.0 0.0 0.0 60220000.0 0.0 2.0 1000.0 0.0
1400.0 0.0 0.0 0.0 120440000.0 0.0 0.0 60220000.0 0.0 2.0 1000.0 0.0
1500.0 0.0 0.0 0.0 120440000.0 0.0 0.0 60220000.0 0.0 2.0 1000.0 0.0
1600.0 0.0 0.0 0.0 120440000.0 0.0 0.0 60220000.0 0.0 2.0 1000.0 0.0
1700.0 0.0 0.0 0.0 120440000.0 0.0 0.0 60220000.0 0.0 2.0 1000.0 0.0
1800.0 0.0 0.0 0.0 120440000.0 0.0 0.0 60220000.0 0.0 2.0 1000.0 0.0
1900.0 0.0 0.0 0.0 120440000.0 0.0 0.0 60220000.0 0.0 2.0 1000.0 0.0
2000.0 0.0 0.0 0.0 120440000.0 0.0 0.0 60220000.0 0.0 2.0 1000.0 0.0
2100.0 0.0 0.0 0.0 120440000.0 0.0 0.0 60220000.0 0.0 2.0 1000.0 0.0
2200.0 0.0 0.0 0.0 120440000.0 0.0 0.0 60220000.0 0.0 2.0 1000.0 0.0
2300.0 0.0 2.0 0.0 120425931.0 14069.0 0.0 60220000.0 10.0 2.0 1000.0 0.0
2400.0 0.0 2.0 0.0 120390026.0 49974.0 0.0 60220000.0 10.0 2.0 1000.0 0.0
2500.0 0.0 2.0 0.0 120354248.0 85752.0 0.0 60220000.0 10.0 2.0 1000.0 0.0
2600.0 0.0 2.0 0.0 120318655.0 121345.0 0.0 60220000.0 10.0 2.0 1000.0 0.0
2700.0 0.0 2.0 0.0 120283780.0 156220.0 0.0 60220000.0 9.0 2.0 1000.0 0.0
2800.0 0.0 2.0 0.0 120251456.0 188544.0 0.0 60220000.0 9.0 2.0 1000.0 0.0
2900.0 0.0 2.0 0.0 120218980.0 221020.0 0.0 60220000.0 9.0 2.0 1000.0 0.0
3000.0 0.0 2.0 0.0 120186678.0 253322.0 0.0 60220000.0 9.0 2.0 1000.0 0.0
3100.0 0.0 2.0 0.0 120155836.0 284164.0 0.0 60220000.0 8.0 2.0 1000.0 0.0
3200.0 1.0 3.0 0.0 120127980.0 312020.0 0.0 60220000.0 11.0 2.0 1000.0 0.0
3300.0 0.0 3.0 4.0 120024456.0 344944.0 0.0 60220000.0 43.0 2.0 1000.0 70600.0
3400.0 0.0 3.0 4.0 119871123.0 400312.0 0.0 60220000.0 42.0 2.0 1000.0 168565.0
3500.0 1.0 1.0 5.0 119716191.0 450599.0 0.0 60220000.0 54.0 2.0 1000.0 273210.0
3600.0 0.0 2.0 6.0 119502729.0 513802.0 0.0 60220000.0 61.0 2.0 1000.0 423469.0
3700.0 0.0 2.0 6.0 119286676.0 574463.0 0.0 60220000.0 60.0 2.0 1000.0 578861.0
3800.0 0.0 2.0 6.0 119076539.0 626638.0 0.0 60220000.0 58.0 2.0 1000.0 736823.0
3900.0 0.0 2.0 6.0 118869837.0 674741.0 0.0 60220000.0 58.0 2.0 1000.0 895422.0
4000.0 0.0 2.0 6.0 118663478.0 720886.0 0.0 60220000.0 58.0 2.0 1000.0 1055636.0
4100.0 0.0 2.0 6.0 118459287.0 763284.0 0.0 60220000.0 57.0 2.0 1000.0 1217429.0
4200.0 1.0 0.0 8.0 118253792.0 798734.0 0.0 60220000.0 64.0 2.0 1000.0 1387474.0
4300.0 0.0 0.0 8.0 118003039.0 832152.0 0.0 60220000.0 71.0 2.0 1000.0 1604809.0
4400.0 0.0 0.0 8.0 117751922.0 865018.0 0.0 60220000.0 70.0 2.0 1000.0 1823060.0
4500.0 0.0 0.0 8.0 117502748.0 895629.0 0.0 60220000.0 70.0 2.0 1000.0 2041623.0
4600.0 0.0 0.0 8.0 117253033.0 924762.0 0.0 60220000.0 69.0 2.0 1000.0 2262205.0
4700.0 0.0 3.0 8.0 117006159.0 951241.0 0.0 60220000.0 74.0 2.0 1000.0 2482600.0
4800.0 0.0 3.0 8.0 116749163.0 987565.0 0.0 60220000.0 71.0 2.0 1000.0 2703272.0
4900.0 0.0 3.0 8.0 116497069.0 1018649.0 0.0 60220000.0 71.0 2.0 1000.0 2924282.0
5000.0 0.0 3.0 8.0 116244576.0 1048829.0 0.0 60220000.0 71.0 2.0 1000.0 3146595.0
5100.0 0.0 3.0 8.0 115998439.0 1073190.0 0.0 60220000.0 69.0 2.0 1000.0 3368371.0
5200.0 0.0 3.0 8.0 115755061.0 1093474.0 0.0 60220000.0 68.0 2.0 1000.0 3591465.0
5300.0 0.0 3.0 8.0 115513369.0 1112527.0 0.0 60220000.0 68.0 2.0 1000.0 3814104.0
5400.0 0.0 3.0 7.0 115273825.0 1129615.0 0.0 60220000.0 67.0 2.0 1000.0 4036560.0
5500.0 0.0 3.0 7.0 115036231.0 1171751.0 0.0 60220000.0 65.0 2.0 1000.0 4232018.0
5600.0 0.0 3.0 7.0 114808229.0 1202996.0 0.0 60220000.0 64.0 2.0 1000.0 4428775.0
5700.0 0.0 3.0 6.0 114582871.0 1242262.0 0.0 60220000.0 61.0 2.0 1000.0 4614867.0
5800.0 0.0 3.0 6.0 114365788.0 1290042.0 0.0 60220000.0 61.0 2.0 1000.0 4784170.0
5900.0 0.0 3.0 6.0 114149013.0 1337555.0 0.0 60220000.0 61.0 2.0 1000.0 4953432.0
6000.0 0.0 3.0 6.0 113935398.0 1381261.0 0.0 60220000.0 59.0 2.0 1000.0 5123341.0
6100.0 0.0 3.0 6.0 113725098.0 1421465.0 0.0 60220000.0 59.0 2.0 1000.0 5293437.0
6200.0 0.0 3.0 5.0 113515256.0 1473299.0 0.0 60220000.0 59.0 2.0 1000.0 5451445.0
6300.0 0.0 3.0 4.0 113305100.0 1542472.0 0.0 60220000.0 59.0 2.0 1000.0 5592428.0
6400.0 0.0 3.0 4.0 113098680.0 1634733.0 0.0 60220000.0 58.0 2.0 1000.0 5706587.0
6500.0 0.0 3.0 4.0 112895838.0 1723563.0 0.0 60220000.0 57.0 2.0 1000.0 5820599.0
6600.0 0.0 3.0 3.0 112693429.0 1825123.0 0.0 60220000.0 56.0 2.0 1000.0 5921448.0
6700.0 0.0 3.0 3.0 112496811.0 1935087.0 0.0 60220000.0 54.0 2.0 1000.0 6008102.0
6800.0 0.0 3.0 3.0 112304086.0 2041574.0 0.0 60220000.0 54.0 2.0 1000.0 6094340.0
6900.0 0.0 0.0 4.0 112112146.0 2133147.0 0.0 60220000.0 54.0 2.0 1000.0 6194707.0
7000.0 0.0 0.0 3.0 111921876.0 2214714.0 0.0 60220000.0 53.0 2.0 1000.0 6303410.0
7100.0 0.0 0.0 3.0 111735097.0 2314429.0 0.0 60220000.0 52.0 2.0 1000.0 6390474.0
7200.0 1.0 3.0 4.0 111547549.0 2411554.0 0.0 60220000.0 58.0 2.0 1000.0 6480897.0
7300.0 0.0 0.0 9.0 111292701.0 2482681.0 0.0 60220000.0 81.0 2.0 1000.0 6664618.0
7400.0 1.0 1.0 11.0 110983103.0 2518300.0 0.0 60220000.0 103.0 2.0 1000.0 6938597.0
7500.0 1.0 0.0 12.0 110594710.0 2581415.0 0.0 60220000.0 117.0 2.0 1000.0 7263875.0
7600.0 0.0 2.0 11.0 110167805.0 2660402.0 0.0 60220000.0 120.0 2.0 1000.0 7611793.0
7700.0 0.0 2.0 11.0 109741782.0 2765738.0 0.0 60220000.0 120.0 2.0 1000.0 7932480.0
7800.0 1.0 1.0 12.0 109314275.0 2863847.0 0.0 60220000.0 128.0 2.0 1000.0 8261878.0
7900.0 0.0 3.0 12.0 108839067.0 2982070.0 0.0 60220000.0 134.0 2.0 1000.0 8618863.0
8000.0 0.0 3.0 11.0 108370194.0 3124818.0 0.0 60220000.0 129.0 2.0 1000.0 8944988.0
8100.0 1.0 2.0 20.0 107824286.0 3208451.0 0.0 60220000.0 182.0 2.0 1000.0 9407263.0
8200.0 1.0 1.0 22.0 107172025.0 3250086.0 0.0 60220000.0 186.0 2.0 1000.0 10017889.0
8300.0 2.0 1.0 26.0 106459269.0 3277953.0 0.0 60220000.0 216.0 2.0 1000.0 10702778.0
8400.0 1.0 0.0 28.0 105672975.0 3293021.0 0.0 60220000.0 226.0 2.0 1000.0 11474004.0
8500.0 1.0 3.0 31.0 104822635.0 3291706.0 0.0 60220000.0 254.0 2.0 1000.0 12325659.0
8600.0 0.0 3.0 32.0 103872936.0 3287912.0 0.0 60220000.0 276.0 2.0 1000.0 13279152.0
8700.0 0.0 3.0 31.0 102910147.0 3320907.0 0.0 60220000.0 270.0 2.0 1000.0 14208946.0
8800.0 0.0 3.0 31.0 101958127.0 3365670.0 0.0 60220000.0 266.0 2.0 1000.0 15116203.0
8900.0 0.0 3.0 30.0 101017229.0 3412921.0 0.0 60220000.0 264.0 2.0 1000.0 16009850.0
9000.0 0.0 1.0 31.0 100079592.0 3458787.0 0.0 60220000.0 266.0 2.0 1000.0 16901621.0
9100.0 0.0 1.0 31.0 99143676.0 3487516.0 0.0 60220000.0 261.0 2.0 1000.0 17808808.0
9200.0 1.0 3.0 31.0 98219767.0 3502513.0 0.0 60220000.0 267.0 2.0 1000.0 18717720.0
9300.0 1.0 1.0 35.0 97220177.0 3528977.0 0.0 60220000.0 302.0 2.0 1000.0 19690846.0
9400.0 0.0 1.0 37.0 96112516.0 3553732.0 0.0 60220000.0 314.0 2.0 1000.0 20773752.0
9500.0 1.0 2.0 38.0 95004375.0 3573999.0 0.0 60220000.0 321.0 2.0 1000.0 21861626.0
9600.0 0.0 2.0 40.0 93850315.0 3581989.0 0.0 60220000.0 330.0 2.0 1000.0 23007696.0
9700.0 0.0 2.0 39.0 92687003.0 3581445.0 0.0 60220000.0 327.0 2.0 1000.0 24171552.0
9800.0 0.0 2.0 39.0 91544592.0 3580148.0 0.0 60220000.0 315.0 2.0 1000.0 25315260.0
9900.0 1.0 3.0 40.0 90411389.0 3574517.0 0.0 60220000.0 330.0 2.0 1000.0 26454094.0
10000.0 1.0 1.0 42.0 89193378.0 3582905.0 0.0 60220000.0 351.0 2.0 1000.0 27663717.0
10100.0 1.0 3.0 46.0 87846676.0 3621820.0 0.0 60220000.0 407.0 2.0 1000.0 28971504.0
10200.0 0.0 3.0 52.0 86329388.0 3684491.0 0.0 60220000.0 436.0 2.0 1000.0 30426121.0
10300.0 0.0 3.0 51.0 84793801.0 3695285.0 0.0 60220000.0 433.0 2.0 1000.0 31950914.0
10400.0 1.0 3.0 51.0 83269650.0 3723507.0 0.0 60220000.0 429.0 2.0 1000.0 33446843.0
10500.0 1.0 3.0 54.0 81710875.0 3732142.0 0.0 60220000.0 455.0 2.0 1000.0 34996983.0
10600.0 1.0 2.0 59.0 80019231.0 3773840.0 0.0 60220000.0 504.0 2.0 1000.0 36646929.0
10700.0 1.0 2.0 63.0 78195877.0 3802294.0 0.0 60220000.0 528.0 2.0 1000.0 38441829.0
10800.0 1.0 0.0 67.0 76279496.0 3799973.0 0.0 60220000.0 545.0 2.0 1000.0 40360531.0
10900.0 0.0 3.0 68.0 74303620.0 3782156.0 0.0 60220000.0 567.0 2.0 1000.0 42354224.0
11000.0 0.0 3.0 66.0 72309840.0 3818927.0 0.0 60220000.0 562.0 2.0 1000.0 44311233.0
11100.0 0.0 3.0 65.0 70334330.0 3871728.0 0.0 60220000.0 554.0 2.0 1000.0 46233942.0
11200.0 0.0 3.0 65.0 68388953.0 3909652.0 0.0 60220000.0 547.0 2.0 1000.0 48141395.0
11300.0 2.0 2.0 67.0 66434568.0 3928253.0 0.0 60220000.0 565.0 2.0 1000.0 50077179.0
11400.0 2.0 1.0 74.0 64353972.0 3927328.0 0.0 60220000.0 611.0 2.0 1000.0 52158700.0
11500.0 0.0 3.0 73.0 62169412.0 3957613.0 0.0 60220000.0 613.0 2.0 1000.0 54312975.0
11600.0 0.0 3.0 71.0 60032458.0 3975306.0 0.0 60220000.0 598.0 2.0 1000.0 56432236.0
11700.0 0.0 3.0 70.0 57936571.0 4001650.0 0.0 60220000.0 587.0 2.0 1000.0 58501779.0
11800.0 0.0 3.0 70.0 55881113.0 4002331.0 0.0 60220000.0 576.0 2.0 1000.0 60556556.0
11900.0 1.0 0.0 71.0 53858537.0 3963064.0 0.0 60220000.0 572.0 2.0 1000.0 62618399.0
12000.0 1.0 1.0 71.0 51841958.0 3919656.0 0.0 60220000.0 578.0 2.0 1000.0 64678386.0
12100.0 2.0 0.0 72.0 49764711.0 3910642.0 0.0 60220000.0 608.0 2.0 1000.0 66764647.0
12200.0 2.0 3.0 79.0 47530072.0 3930752.0 0.0 60220000.0 656.0 2.0 1000.0 68979176.0
12300.0 1.0 3.0 83.0 45126076.0 3942304.0 0.0 60220000.0 696.0 2.0 1000.0 71371620.0
12400.0 1.0 3.0 86.0 42638885.0 3937568.0 0.0 60220000.0 715.0 2.0 1000.0 73863547.0
12500.0 0.0 3.0 87.0 40075559.0 3936387.0 0.0 60220000.0 727.0 2.0 1000.0 76428054.0
12600.0 0.0 3.0 86.0 37519149.0 3938013.0 0.0 60220000.0 721.0 2.0 1000.0 78982838.0
12700.0 2.0 1.0 89.0 34984273.0 3960702.0 0.0 60220000.0 732.0 2.0 1000.0 81495025.0
12800.0 2.0 1.0 99.0 32272359.0 3944257.0 0.0 60220000.0 809.0 2.0 1000.0 84223384.0
12900.0 2.0 0.0 102.0 29385913.0 3889513.0 0.0 60220000.0 834.0 2.0 1000.0 87164574.0
13000.0 1.0 3.0 103.0 26379416.0 3867975.0 0.0 60220000.0 864.0 2.0 1000.0 90192609.0
13100.0 1.0 1.0 103.0 23315517.0 3898577.0 0.0 60220000.0 879.0 2.0 1000.0 93225906.0
13200.0 1.0 1.0 104.0 20208863.0 3998754.0 0.0 60220000.0 892.0 2.0 1000.0 96232383.0
13300.0 1.0 3.0 106.0 17026713.0 4088681.0 0.0 60220000.0 918.0 2.0 1000.0 99324606.0
13400.0 1.0 3.0 106.0 13792445.0 4199447.0 0.0 60220000.0 939.0 2.0 1000.0 102448108.0
13500.0 1.0 3.0 108.0 10488102.0 4336406.0 0.0 60220000.0 948.0 2.0 1000.0 105615492.0
13600.0 0.0 0.0 107.0 7197690.0 4442255.0 0.0 60220000.0 941.0 2.0 1000.0 108800055.0
13700.0 1.0 1.0 105.0 3948874.0 4577764.0 0.0 60220000.0 955.0 2.0 1000.0 111913362.0
13800.0 1.0 0.0 107.0 812012.0 4598610.0 0.0 60220000.0 967.0 2.0 1000.0 115029378.0
13900.0 0.0 1.0 108.0 1117.0 2242548.0 0.0 60220000.0 982.0 2.0 1000.0 118196335.0
14000.0 0.0 1.0 106.0 3.0 42.0 0.0 60220000.0 962.0 2.0 1000.0 120439955.0
14100.0 0.0 1.0 102.0 0.0 0.0 0.0 60220000.0 945.0 2.0 1000.0 120440000.0
14200.0 0.0 1.0 100.0 0.0 0.0 0.0 60220000.0 927.0 2.0 1000.0 120440000.0
14300.0 0.0 1.0 95.0 0.0 0.0 0.0 60220000.0 912.0 2.0 1000.0 120440000.0
14400.0 0.0 1.0 93.0 0.0 0.0 0.0 60220000.0 894.0 2.0 1000.0 120440000.0
14500.0 0.0 1.0 91.0 0.0 0.0 0.0 60220000.0 880.0 2.0 1000.0 120440000.0
14600.0 0.0 1.0 90.0 0.0 0.0 0.0 60220000.0 863.0 2.0 1000.0 120440000.0
14700.0 0.0 1.0 90.0 0.0 0.0 0.0 60220000.0 850.0 2.0 1000.0 120440000.0
14800.0 0.0 1.0 89.0 0.0 0.0 0.0 60220000.0 839.0 2.0 1000.0 120440000.0
14900.0 0.0 1.0 87.0 0.0 0.0 0.0 60220000.0 824.0 2.0 1000.0 120440000.0
15000.0 0.0 1.0 84.0 0.0 0.0 0.0 60220000.0 804.0 2.0 1000.0 120440000.0
15100.0 0.0 1.0 83.0 0.0 0.0 0.0 60220000.0 795.0 2.0 1000.0 120440000.0
15200.0 0.0 1.0 81.0 0.0 0.0 0.0 60220000.0 779.0 2.0 1000.0 120440000.0
15300.0 0.0 1.0 81.0 0.0 0.0 0.0 60220000.0 758.0 2.0 1000.0 120440000.0
15400.0 0.0 1.0 81.0 0.0 0.0 0.0 60220000.0 747.0 2.0 1000.0 120440000.0
15500.0 0.0 1.0 78.0 0.0 0.0 0.0 60220000.0 730.0 2.0 1000.0 120440000.0
15600.0 0.0 1.0 77.0 0.0 0.0 0.0 60220000.0 717.0 2.0 1000.0 120440000.0
15700.0 0.0 1.0 76.0 0.0 0.0 0.0 60220000.0 707.0 2.0 1000.0 120440000.0
15800.0 0.0 1.0 74.0 0.0 0.0 0.0 60220000.0 690.0 2.0 1000.0 120440000.0
15900.0 0.0 1.0 74.0 0.0 0.0 0.0 60220000.0 683.0 2.0 1000.0 120440000.0
16000.0 0.0 1.0 73.0 0.0 0.0 0.0 60220000.0 674.0 2.0 1000.0 120440000.0
16100.0 0.0 1.0 72.0 0.0 0.0 0.0 60220000.0 662.0 2.0 1000.0 120440000.0
16200.0 0.0 1.0 72.0 0.0 0.0 0.0 60220000.0 651.0 2.0 1000.0 120440000.0
16300.0 0.0 1.0 71.0 0.0 0.0 0.0 60220000.0 644.0 2.0 1000.0 120440000.0
16400.0 0.0 1.0 70.0 0.0 0.0 0.0 60220000.0 636.0 2.0 1000.0 120440000.0
16500.0 0.0 1.0 68.0 0.0 0.0 0.0 60220000.0 632.0 2.0 1000.0 120440000.0
16600.0 0.0 2.0 68.0 0.0 0.0 0.0 60220000.0 625.0 2.0 1000.0 120440000.0
16700.0 0.0 2.0 66.0 0.0 0.0 0.0 60220000.0 612.0 2.0 1000.0 120440000.0
16800.0 0.0 2.0 65.0 0.0 0.0 0.0 60220000.0 604.0 2.0 1000.0 120440000.0
16900.0 0.0 2.0 64.0 0.0 0.0 0.0 60220000.0 594.0 2.0 1000.0 120440000.0
17000.0 0.0 2.0 63.0 0.0 0.0 0.0 60220000.0 582.0 2.0 1000.0 120440000.0
17100.0 0.0 2.0 61.0 0.0 0.0 0.0 60220000.0 572.0 2.0 1000.0 120440000.0
17200.0 0.0 2.0 61.0 0.0 0.0 0.0 60220000.0 559.0 2.0 1000.0 120440000.0
17300.0 0.0 2.0 59.0 0.0 0.0 0.0 60220000.0 551.0 2.0 1000.0 120440000.0
17400.0 0.0 2.0 59.0 0.0 0.0 0.0 60220000.0 542.0 2.0 1000.0 120440000.0
17500.0 0.0 2.0 59.0 0.0 0.0 0.0 60220000.0 536.0 2.0 1000.0 120440000.0
17600.0 0.0 2.0 57.0 0.0 0.0 0.0 60220000.0 528.0 2.0 1000.0 120440000.0
17700.0 0.0 2.0 54.0 0.0 0.0 0.0 60220000.0 523.0 2.0 1000.0 120440000.0
17800.0 0.0 2.0 53.0 0.0 0.0 0.0 60220000.0 517.0 2.0 1000.0 120440000.0
17900.0 0.0 2.0 52.0 0.0 0.0 0.0 60220000.0 506.0 2.0 1000.0 120440000.0
18000.0 0.0 2.0 49.0 0.0 0.0 0.0 60220000.0 503.0 2.0 1000.0 120440000.0
18100.0 0.0 2.0 47.0 0.0 0.0 0.0 60220000.0 495.0 2.0 1000.0 120440000.0
18200.0 1.0 2.0 48.0 0.0 0.0 0.0 60220000.0 496.0 2.0 1000.0 120440000.0
18300.0 0.0 1.0 49.0 0.0 0.0 0.0 60220000.0 492.0 2.0 1000.0 120440000.0
18400.0 0.0 1.0 49.0 0.0 0.0 0.0 60220000.0 475.0 2.0 1000.0 120440000.0
18500.0 0.0 1.0 49.0 0.0 0.0 0.0 60220000.0 468.0 2.0 1000.0 120440000.0
18600.0 0.0 1.0 49.0 0.0 0.0 0.0 60220000.0 458.0 2.0 1000.0 120440000.0
18700.0 0.0 1.0 49.0 0.0 0.0 0.0 60220000.0 451.0 2.0 1000.0 120440000.0
18800.0 0.0 1.0 48.0 0.0 0.0 0.0 60220000.0 448.0 2.0 1000.0 120440000.0
18900.0 0.0 1.0 47.0 0.0 0.0 0.0 60220000.0 439.0 2.0 1000.0 120440000.0
19000.0 0.0 1.0 47.0 0.0 0.0 0.0 60220000.0 431.0 2.0 1000.0 120440000.0
19100.0 0.0 1.0 47.0 0.0 0.0 0.0 60220000.0 428.0 2.0 1000.0 120440000.0
19200.0 0.0 1.0 46.0 0.0 0.0 0.0 60220000.0 422.0 2.0 1000.0 120440000.0
19300.0 0.0 1.0 44.0 0.0 0.0 0.0 60220000.0 414.0 2.0 1000.0 120440000.0
19400.0 0.0 1.0 43.0 0.0 0.0 0.0 60220000.0 410.0 2.0 1000.0 120440000.0
19500.0 0.0 1.0 42.0 0.0 0.0 0.0 60220000.0 405.0 2.0 1000.0 120440000.0
19600.0 0.0 1.0 42.0 0.0 0.0 0.0 60220000.0 400.0 2.0 1000.0 120440000.0
19700.0 0.0 1.0 41.0 0.0 0.0 0.0 60220000.0 391.0 2.0 1000.0 120440000.0
19800.0 0.0 1.0 41.0 0.0 0.0 0.0 60220000.0 385.0 2.0 1000.0 120440000.0
19900.0 0.0 1.0 41.0 0.0 0.0 0.0 60220000.0 380.0 2.0 1000.0 120440000.0
