time rna_M monomer_betaGal protein_betaGal Lactose_external Lactose_internal Glucose_external Glucose_internal protein_Lactose_Permease dna_Lac_Operon Biomass Lactose_consumed
0.0 0.0 0.0 0.0 120440000.0 0.0 60220000.0 0.0 0.0 2.0 1000.0 0.0
100.0 0.0 0.0 0.0 120440000.0 0.0 30127831.0 30092169.0 0.0 2.0 1000.0 0.0
200.0 0.0 0.0 0.0 120440000.0 0.0 86643.0 60133357.0 0.0 2.0 1000.0 0.0
300.0 0.0 0.0 0.0 120440000.0 0.0 0.0 60220000.0 0.0 2.0 1000.0 0.0
400.0 0.0 0.0 0.0 120440000.0 0.0 0.0 60220000.0 0.0 2.0 1000.0 0.0
500.0 0.0 0.0 0.0 120440000.0 0.0 0.0 60220000.0 0.0 2.0 1000.0 0.0
600.0 0.0 0.0 0.0 120440000.0 0.0 0.0 60220000.0 0.0 2.0 1000.0 0.0
700.0 0.0 0.0 0.0 120440000.0 0.0 0.0 60220000.0 0.0 2.0 1000.0 0.0
800.0 0.0 0.0 0.0 120440000.0 0.0 0.0 60220000.0 0.0 2.0 1000.0 0.0
900.0 0.0 0.0 0.0 120440000.0 0.0 0.0 60220000.0 0.0 2.0 1000.0 0.0
1000.0 0.0 0.0 0.0 120440000.0 0.0 0.0 60220000.0 0.0 2.0 1000.0 0.0
1100.0 0.0 0.0 0.0 120440000.0 0.0 0.0 60220000.0 0.0 2.0 1000.0 0.0
1200.0 0.0 0.0 0.0 120440000.0 0.0 0.0 60220000.0 0.0 2.0 1000.0 0.0
1300.0 0.0 0.0 0.0 120440000.0 0.0 0.0 60220000.0 0.0 2.0 1000.0 0.0
1400.0 0.0 0.0 0.0 120440000.0 0.0 0.0 60220000.0 0.0 2.0 1000.0 0.0
1500.0 0.0 0.0 0.0 120440000.0 0.0 0.0 60220000.0 0.0 2.0 1000.0 0.0
1600.0 0.0 0.0 0.0 120440000.0 0.0 0.0 60220000.0 0.0 2.0 1000.0 0.0
1700.0 1.0 1.0 2.0 120399049.0 37527.0 0.0 60220000.0 28.0 2.0 1000.0 3424.0
1800.0 1.0 2.0 6.0 120244517.0 131223.0 0.0 60220000.0 63.0 2.0 1000.0 64260.0
1900.0 0.0 0.0 9.0 119971946.0 235625.0 0.0 60220000.0 80.0 2.0 1000.0 232429.0
2000.0 0.0 0.0 9.0 119688832.0 312473.0 0.0 60220000.0 78.0 2.0 1000.0 438695.0
2100.0 0.0 0.0 9.0 119409979.0 374800.0 0.0 60220000.0 78.0 2.0 1000.0 655221.0
2200.0 0.0 0.0 9.0 119137558.0 424465.0 0.0 60220000.0 76.0 2.0 1000.0 877977.0
2300.0 0.0 0.0 9.0 118868886.0 465087.0 0.0 60220000.0 75.0 2.0 1000.0 1106027.0
2400.0 0.0 0.0 9.0 118604970.0 499035.0 0.0 60220000.0 73.0 2.0 1000.0 1335995.0
2500.0 0.0 0.0 9.0 118345205.0 526403.0 0.0 60220000.0 71.0 2.0 1000.0 1568392.0
2600.0 0.0 0.0 9.0 118094165.0 543461.0 0.0 60220000.0 70.0 2.0 1000.0 1802374.0
2700.0 0.0 0.0 9.0 117850637.0 554030.0 0.0 60220000.0 68.0 2.0 1000.0 2035333.0
2800.0 0.0 0.0 9.0 117611643.0 557911.0 0.0 60220000.0 66.0 2.0 1000.0 2270446.0
2900.0 0.0 0.0 7.0 117379305.0 584895.0 0.0 60220000.0 65.0 2.0 1000.0 2475800.0
3000.0 0.0 0.0 7.0 117149993.0 629709.0 0.0 60220000.0 64.0 2.0 1000.0 2660298.0
3100.0 1.0 1.0 8.0 116919366.0 682205.0 0.0 60220000.0 72.0 2.0 1000.0 2838429.0
3200.0 0.0 0.0 10.0 116617984.0 733956.0 0.0 60220000.0 89.0 2.0 1000.0 3088060.0
3300.0 0.0 0.0 10.0 116301582.0 780301.0 0.0 60220000.0 88.0 2.0 1000.0 3358117.0
3400.0 0.0 0.0 10.0 115987374.0 823460.0 0.0 60220000.0 88.0 2.0 1000.0 3629166.0
3500.0 0.0 0.0 10.0 115686001.0 852198.0 0.0 60220000.0 83.0 2.0 1000.0 3901801.0
3600.0 0.0 0.0 9.0 115394439.0 887230.0 0.0 60220000.0 80.0 2.0 1000.0 4158331.0
3700.0 0.0 0.0 9.0 115116319.0 918280.0 0.0 60220000.0 76.0 2.0 1000.0 4405401.0
3800.0 0.0 0.0 9.0 114849194.0 937948.0 0.0 60220000.0 73.0 2.0 1000.0 4652858.0
3900.0 0.0 0.0 9.0 114591139.0 948604.0 0.0 60220000.0 72.0 2.0 1000.0 4900257.0
4000.0 0.0 0.0 9.0 114334620.0 956863.0 0.0 60220000.0 71.0 2.0 1000.0 5148517.0
4100.0 0.0 0.0 9.0 114082805.0 960340.0 0.0 60220000.0 70.0 2.0 1000.0 5396855.0
4200.0 0.0 0.0 8.0 113836334.0 980738.0 0.0 60220000.0 69.0 2.0 1000.0 5622928.0
4300.0 0.0 0.0 7.0 113592664.0 1004803.0 0.0 60220000.0 68.0 2.0 1000.0 5842533.0
4400.0 1.0 1.0 8.0 113339231.0 1061571.0 0.0 60220000.0 86.0 2.0 1000.0 6039198.0
4500.0 1.0 3.0 12.0 112960417.0 1153068.0 0.0 60220000.0 121.0 2.0 1000.0 6326515.0
4600.0 1.0 3.0 15.0 112461715.0 1262864.0 0.0 60220000.0 153.0 2.0 1000.0 6715421.0
4700.0 0.0 2.0 17.0 111902656.0 1355888.0 0.0 60220000.0 158.0 2.0 1000.0 7181456.0
4800.0 0.0 2.0 17.0 111342678.0 1434836.0 0.0 60220000.0 156.0 2.0 1000.0 7662486.0
4900.0 0.0 2.0 16.0 110800028.0 1498902.0 0.0 60220000.0 152.0 2.0 1000.0 8141070.0
5000.0 0.0 2.0 15.0 110260355.0 1593648.0 0.0 60220000.0 151.0 2.0 1000.0 8585997.0
5100.0 0.0 2.0 14.0 109722635.0 1708936.0 0.0 60220000.0 151.0 2.0 1000.0 9008429.0
5200.0 0.0 2.0 14.0 109191262.0 1840017.0 0.0 60220000.0 148.0 2.0 1000.0 9408721.0
5300.0 0.0 2.0 14.0 108669135.0 1959960.0 0.0 60220000.0 145.0 2.0 1000.0 9810905.0
5400.0 0.0 2.0 13.0 108157812.0 2095118.0 0.0 60220000.0 143.0 2.0 1000.0 10187070.0
5500.0 0.0 2.0 12.0 107659084.0 2224245.0 0.0 60220000.0 139.0 2.0 1000.0 10556671.0
5600.0 0.0 2.0 12.0 107167652.0 2367651.0 0.0 60220000.0 138.0 2.0 1000.0 10904697.0
5700.0 0.0 2.0 12.0 106680260.0 2507446.0 0.0 60220000.0 137.0 2.0 1000.0 11252294.0
5800.0 0.0 2.0 12.0 106194763.0 2644722.0 0.0 60220000.0 136.0 2.0 1000.0 11600515.0
5900.0 0.0 2.0 12.0 105715796.0 2774172.0 0.0 60220000.0 133.0 2.0 1000.0 11950032.0
6000.0 0.0 2.0 12.0 105248587.0 2891023.0 0.0 60220000.0 130.0 2.0 1000.0 12300390.0
6100.0 0.0 2.0 12.0 104796440.0 2992778.0 0.0 60220000.0 124.0 2.0 1000.0 12650782.0
6200.0 1.0 0.0 13.0 104360864.0 3078614.0 0.0 60220000.0 128.0 2.0 1000.0 13000522.0
6300.0 1.0 0.0 16.0 103849451.0 3175400.0 0.0 60220000.0 159.0 2.0 1000.0 13415149.0
6400.0 2.0 0.0 23.0 103222325.0 3248641.0 0.0 60220000.0 202.0 2.0 1000.0 13969034.0
6500.0 2.0 0.0 28.0 102403687.0 3330176.0 0.0 60220000.0 265.0 2.0 1000.0 14706137.0
6600.0 1.0 0.0 37.0 101379056.0 3398400.0 0.0 60220000.0 320.0 2.0 1000.0 15662544.0
6700.0 1.0 2.0 40.0 100174698.0 3484052.0 0.0 60220000.0 348.0 2.0 1000.0 16781250.0
6800.0 0.0 0.0 44.0 98909234.0 3505630.0 0.0 60220000.0 368.0 2.0 1000.0 18025136.0
6900.0 0.0 0.0 44.0 97612610.0 3514081.0 0.0 60220000.0 363.0 2.0 1000.0 19313309.0
7000.0 0.0 0.0 44.0 96336812.0 3500922.0 0.0 60220000.0 358.0 2.0 1000.0 20602266.0
7100.0 0.0 0.0 43.0 95073343.0 3497389.0 0.0 60220000.0 353.0 2.0 1000.0 21869268.0
7200.0 0.0 0.0 41.0 93847546.0 3488274.0 0.0 60220000.0 343.0 2.0 1000.0 23104180.0
7300.0 1.0 2.0 41.0 92640191.0 3494127.0 0.0 60220000.0 340.0 2.0 1000.0 24305682.0
7400.0 1.0 1.0 45.0 91365484.0 3498204.0 0.0 60220000.0 371.0 2.0 1000.0 25576312.0
7500.0 0.0 0.0 48.0 90014550.0 3479657.0 0.0 60220000.0 381.0 2.0 1000.0 26945793.0
7600.0 1.0 2.0 49.0 88680510.0 3403645.0 0.0 60220000.0 377.0 2.0 1000.0 28355845.0
7700.0 1.0 1.0 52.0 87318222.0 3306580.0 0.0 60220000.0 396.0 2.0 1000.0 29815198.0
7800.0 2.0 1.0 58.0 85832262.0 3193365.0 0.0 60220000.0 451.0 2.0 1000.0 31414373.0
7900.0 1.0 3.0 64.0 84145908.0 3070842.0 0.0 60220000.0 499.0 2.0 1000.0 33223250.0
8000.0 1.0 1.0 65.0 82352578.0 3004228.0 0.0 60220000.0 520.0 2.0 1000.0 35083194.0
8100.0 0.0 1.0 63.0 80511133.0 2986472.0 0.0 60220000.0 517.0 2.0 1000.0 36942395.0
8200.0 0.0 1.0 61.0 78690350.0 3005062.0 0.0 60220000.0 511.0 2.0 1000.0 38744588.0
8300.0 0.0 1.0 60.0 76896559.0 3037858.0 0.0 60220000.0 503.0 2.0 1000.0 40505583.0
8400.0 0.0 1.0 60.0 75129535.0 3052284.0 0.0 60220000.0 494.0 2.0 1000.0 42258181.0
8500.0 0.0 1.0 60.0 73402650.0 3025944.0 0.0 60220000.0 482.0 2.0 1000.0 44011406.0
8600.0 1.0 3.0 63.0 71683519.0 2955588.0 0.0 60220000.0 487.0 2.0 1000.0 45800893.0
8700.0 2.0 2.0 69.0 69866892.0 2861365.0 0.0 60220000.0 546.0 2.0 1000.0 47711743.0
8800.0 0.0 3.0 71.0 67874849.0 2786569.0 0.0 60220000.0 572.0 2.0 1000.0 49778582.0
8900.0 0.0 3.0 71.0 65867045.0 2727148.0 0.0 60220000.0 562.0 2.0 1000.0 51845807.0
9000.0 1.0 2.0 75.0 63848113.0 2615164.0 0.0 60220000.0 577.0 2.0 1000.0 53976723.0
9100.0 1.0 0.0 77.0 61760847.0 2493594.0 0.0 60220000.0 599.0 2.0 1000.0 56185559.0
9200.0 0.0 2.0 79.0 59594961.0 2397666.0 0.0 60220000.0 616.0 2.0 1000.0 58447373.0
9300.0 0.0 2.0 79.0 57428060.0 2279233.0 0.0 60220000.0 608.0 2.0 1000.0 60732707.0
9400.0 0.0 2.0 78.0 55292661.0 2137600.0 0.0 60220000.0 600.0 2.0 1000.0 63009739.0
9500.0 0.0 2.0 76.0 53189814.0 2044339.0 0.0 60220000.0 588.0 2.0 1000.0 65205847.0
9600.0 0.0 2.0 76.0 51124511.0 1921699.0 0.0 60220000.0 578.0 2.0 1000.0 67393790.0
9700.0 0.0 2.0 76.0 49096699.0 1768543.0 0.0 60220000.0 568.0 2.0 1000.0 69574758.0
9800.0 0.0 2.0 76.0 47102739.0 1591445.0 0.0 60220000.0 556.0 2.0 1000.0 71745816.0
9900.0 0.0 2.0 74.0 45152188.0 1437907.0 0.0 60220000.0 544.0 2.0 1000.0 73849905.0
10000.0 0.0 2.0 71.0 43238941.0 1281688.0 0.0 60220000.0 535.0 2.0 1000.0 75919371.0
10100.0 0.0 2.0 71.0 41355665.0 1175609.0 0.0 60220000.0 528.0 2.0 1000.0 77908726.0
10200.0 0.0 2.0 71.0 39503979.0 1044717.0 0.0 60220000.0 516.0 2.0 1000.0 79891304.0
10300.0 0.0 2.0 71.0 37694952.0 895698.0 0.0 60220000.0 503.0 2.0 1000.0 81849350.0
10400.0 0.0 2.0 69.0 35918334.0 746769.0 0.0 60220000.0 494.0 2.0 1000.0 83774897.0
10500.0 0.0 2.0 68.0 34178454.0 657246.0 0.0 60220000.0 485.0 2.0 1000.0 85604300.0
10600.0 0.0 2.0 68.0 32462707.0 577914.0 0.0 60220000.0 480.0 2.0 1000.0 87399379.0
10700.0 0.0 2.0 67.0 30770443.0 504888.0 0.0 60220000.0 474.0 2.0 1000.0 89164669.0
10800.0 0.0 2.0 63.0 29107052.0 493184.0 0.0 60220000.0 462.0 2.0 1000.0 90839764.0
10900.0 0.0 2.0 62.0 27479390.0 520317.0 0.0 60220000.0 454.0 2.0 1000.0 92440293.0
11000.0 0.0 2.0 61.0 25875300.0 541280.0 0.0 60220000.0 448.0 2.0 1000.0 94023420.0
11100.0 0.0 2.0 61.0 24296567.0 538812.0 0.0 60220000.0 441.0 2.0 1000.0 95604621.0
11200.0 0.0 2.0 61.0 22740820.0 517463.0 0.0 60220000.0 436.0 2.0 1000.0 97181717.0
11300.0 0.0 2.0 60.0 21200869.0 491699.0 0.0 60220000.0 431.0 2.0 1000.0 98747432.0
11400.0 0.0 2.0 58.0 19703755.0 477683.0 0.0 60220000.0 416.0 2.0 1000.0 100258562.0
11500.0 0.0 2.0 55.0 18240173.0 494972.0 0.0 60220000.0 411.0 2.0 1000.0 101704855.0
11600.0 0.0 2.0 54.0 16798790.0 522812.0 0.0 60220000.0 403.0 2.0 1000.0 103118398.0
11700.0 0.0 2.0 53.0 15381916.0 554266.0 0.0 60220000.0 399.0 2.0 1000.0 104503818.0
11800.0 0.0 2.0 52.0 13981242.0 584569.0 0.0 60220000.0 391.0 2.0 1000.0 105874189.0
11900.0 0.0 2.0 51.0 12608874.0 600533.0 0.0 60220000.0 386.0 2.0 1000.0 107230593.0
12000.0 0.0 2.0 51.0 11266878.0 600030.0 0.0 60220000.0 377.0 2.0 1000.0 108573092.0
12100.0 0.0 2.0 51.0 9955257.0 572993.0 0.0 60220000.0 370.0 2.0 1000.0 109911750.0
12200.0 0.0 2.0 51.0 8660523.0 539146.0 0.0 60220000.0 363.0 2.0 1000.0 111240331.0
12300.0 0.0 2.0 50.0 7396962.0 496305.0 0.0 60220000.0 356.0 2.0 1000.0 112546733.0
12400.0 0.0 2.0 47.0 6164518.0 493826.0 0.0 60220000.0 351.0 2.0 1000.0 113781656.0
12500.0 0.0 2.0 46.0 4959122.0 515178.0 0.0 60220000.0 343.0 2.0 1000.0 114965700.0
12600.0 0.0 2.0 45.0 3783272.0 520341.0 0.0 60220000.0 339.0 2.0 1000.0 116136387.0
12700.0 0.0 2.0 45.0 2635200.0 508209.0 0.0 60220000.0 333.0 2.0 1000.0 117296591.0
12800.0 0.0 2.0 45.0 1538239.0 455574.0 0.0 60220000.0 327.0 2.0 1000.0 118446187.0
12900.0 0.0 2.0 43.0 539553.0 366927.0 0.0 60220000.0 321.0 2.0 1000.0 119533520.0
13000.0 0.0 2.0 43.0 10745.0 26482.0 0.0 60220000.0 317.0 2.0 1000.0 120402773.0
13100.0 0.0 2.0 41.0 7.0 6.0 0.0 60220000.0 312.0 2.0 1000.0 120439987.0
13200.0 0.0 2.0 39.0 0.0 0.0 0.0 60220000.0 305.0 2.0 1000.0 120440000.0
13300.0 1.0 0.0 42.0 0.0 0.0 0.0 60220000.0 320.0 2.0 1000.0 120440000.0
13400.0 0.0 3.0 42.0 0.0 0.0 0.0 60220000.0 339.0 2.0 1000.0 120440000.0
13500.0 1.0 3.0 43.0 0.0 0.0 0.0 60220000.0 338.0 2.0 1000.0 120440000.0
13600.0 1.0 1.0 47.0 0.0 0.0 0.0 60220000.0 362.0 2.0 1000.0 120440000.0
13700.0 1.0 2.0 49.0 0.0 0.0 0.0 60220000.0 389.0 2.0 1000.0 120440000.0
13800.0 0.0 3.0 48.0 0.0 0.0 0.0 60220000.0 412.0 2.0 1000.0 120440000.0
13900.0 0.0 2.0 50.0 0.0 0.0 0.0 60220000.0 425.0 2.0 1000.0 120440000.0
14000.0 0.0 2.0 50.0 0.0 0.0 0.0 60220000.0 419.0 2.0 1000.0 120440000.0
14100.0 0.0 2.0 48.0 0.0 0.0 0.0 60220000.0 413.0 2.0 1000.0 120440000.0
14200.0 0.0 2.0 48.0 0.0 0.0 0.0 60220000.0 409.0 2.0 1000.0 120440000.0
14300.0 0.0 2.0 48.0 0.0 0.0 0.0 60220000.0 403.0 2.0 1000.0 120440000.0
14400.0 0.0 2.0 48.0 0.0 0.0 0.0 60220000.0 395.0 2.0 1000.0 120440000.0
14500.0 0.0 2.0 48.0 0.0 0.0 0.0 60220000.0 386.0 2.0 1000.0 120440000.0
14600.0 0.0 0.0 46.0 0.0 0.0 0.0 60220000.0 382.0 2.0 1000.0 120440000.0
14700.0 1.0 3.0 47.0 0.0 0.0 0.0 60220000.0 394.0 2.0 1000.0 120440000.0
14800.0 0.0 3.0 46.0 0.0 0.0 0.0 60220000.0 391.0 2.0 1000.0 120440000.0
14900.0 0.0 3.0 45.0 0.0 0.0 0.0 60220000.0 385.0 2.0 1000.0 120440000.0
15000.0 0.0 3.0 45.0 0.0 0.0 0.0 60220000.0 380.0 2.0 1000.0 120440000.0
15100.0 0.0 3.0 45.0 0.0 0.0 0.0 60220000.0 370.0 2.0 1000.0 120440000.0
15200.0 0.0 3.0 44.0 0.0 0.0 0.0 60220000.0 364.0 2.0 1000.0 120440000.0
15300.0 0.0 3.0 44.0 0.0 0.0 0.0 60220000.0 360.0 2.0 1000.0 120440000.0
15400.0 0.0 3.0 44.0 0.0 0.0 0.0 60220000.0 357.0 2.0 1000.0 120440000.0
15500.0 0.0 3.0 44.0 0.0 0.0 0.0 60220000.0 350.0 2.0 1000.0 120440000.0
15600.0 0.0 3.0 42.0 0.0 0.0 0.0 60220000.0 345.0 2.0 1000.0 120440000.0
15700.0 0.0 3.0 42.0 0.0 0.0 0.0 60220000.0 342.0 2.0 1000.0 120440000.0
15800.0 0.0 3.0 42.0 0.0 0.0 0.0 60220000.0 338.0 2.0 1000.0 120440000.0
15900.0 0.0 3.0 42.0 0.0 0.0 0.0 60220000.0 334.0 2.0 1000.0 120440000.0
16000.0 0.0 3.0 41.0 0.0 0.0 0.0 60220000.0 332.0 2.0 1000.0 120440000.0
16100.0 0.0 3.0 39.0 0.0 0.0 0.0 60220000.0 325.0 2.0 1000.0 120440000.0
16200.0 0.0 3.0 37.0 0.0 0.0 0.0 60220000.0 320.0 2.0 1000.0 120440000.0
16300.0 0.0 3.0 36.0 0.0 0.0 0.0 60220000.0 316.0 2.0 1000.0 120440000.0
16400.0 0.0 3.0 35.0 0.0 0.0 0.0 60220000.0 311.0 2.0 1000.0 120440000.0
16500.0 0.0 3.0 35.0 0.0 0.0 0.0 60220000.0 303.0 2.0 1000.0 120440000.0
16600.0 0.0 3.0 34.0 0.0 0.0 0.0 60220000.0 298.0 2.0 1000.0 120440000.0
16700.0 0.0 3.0 34.0 0.0 0.0 0.0 60220000.0 288.0 2.0 1000.0 120440000.0
16800.0 0.0 3.0 33.0 0.0 0.0 0.0 60220000.0 282.0 2.0 1000.0 120440000.0
16900.0 0.0 3.0 33.0 0.0 0.0 0.0 60220000.0 277.0 2.0 1000.0 120440000.0
17000.0 0.0 3.0 32.0 0.0 0.0 0.0 60220000.0 273.0 2.0 1000.0 120440000.0
17100.0 0.0 3.0 32.0 0.0 0.0 0.0 60220000.0 268.0 2.0 1000.0 120440000.0
17200.0 0.0 3.0 32.0 0.0 0.0 0.0 60220000.0 265.0 2.0 1000.0 120440000.0
17300.0 0.0 3.0 29.0 0.0 0.0 0.0 60220000.0 258.0 2.0 1000.0 120440000.0
17400.0 0.0 3.0 29.0 0.0 0.0 0.0 60220000.0 254.0 2.0 1000.0 120440000.0
17500.0 0.0 3.0 28.0 0.0 0.0 0.0 60220000.0 249.0 2.0 1000.0 120440000.0
17600.0 0.0 3.0 28.0 0.0 0.0 0.0 60220000.0 244.0 2.0 1000.0 120440000.0
17700.0 0.0 3.0 28.0 0.0 0.0 0.0 60220000.0 240.0 2.0 1000.0 120440000.0
17800.0 0.0 3.0 28.0 0.0 0.0 0.0 60220000.0 239.0 2.0 1000.0 120440000.0
17900.0 0.0 3.0 28.0 0.0 0.0 0.0 60220000.0 234.0 2.0 1000.0 120440000.0
18000.0 0.0 3.0 28.0 0.0 0.0 0.0 60220000.0 229.0 2.0 1000.0 120440000.0
18100.0 0.0 3.0 28.0 0.0 0.0 0.0 60220000.0 227.0 2.0 1000.0 120440000.0
18200.0 0.0 3.0 28.0 0.0 0.0 0.0 60220000.0 224.0 2.0 1000.0 120440000.0
18300.0 0.0 3.0 28.0 0.0 0.0 0.0 60220000.0 221.0 2.0 1000.0 120440000.0
18400.0 0.0 3.0 28.0 0.0 0.0 0.0 60220000.0 218.0 2.0 1000.0 120440000.0
18500.0 0.0 3.0 28.0 0.0 0.0 0.0 60220000.0 217.0 2.0 1000.0 120440000.0
18600.0 0.0 3.0 28.0 0.0 0.0 0.0 60220000.0 215.0 2.0 1000.0 120440000.0
18700.0 0.0 3.0 27.0 0.0 0.0 0.0 60220000.0 208.0 2.0 1000.0 120440000.0
18800.0 0.0 3.0 27.0 0.0 0.0 0.0 60220000.0 204.0 2.0 1000.0 120440000.0
18900.0 0.0 3.0 27.0 0.0 0.0 0.0 60220000.0 203.0 2.0 1000.0 120440000.0
19000.0 0.0 3.0 27.0 0.0 0.0 0.0 60220000.0 201.0 2.0 1000.0 120440000.0
19100.0 0.0 3.0 27.0 0.0 0.0 0.0 60220000.0 198.0 2.0 1000.0 120440000.0
19200.0 0.0 3.0 27.0 0.0 0.0 0.0 60220000.0 196.0 2.0 1000.0 120440000.0
19300.0 0.0 3.0 27.0 0.0 0.0 0.0 60220000.0 193.0 2.0 1000.0 120440000.0
19400.0 0.0 3.0 27.0 0.0 0.0 0.0 60220000.0 188.0 2.0 1000.0 120440000.0
19500.0 0.0 3.0 27.0 0.0 0.0 0.0 60220000.0 187.0 2.0 1000.0 120440000.0
19600.0 0.0 3.0 26.0 0.0 0.0 0.0 60220000.0 181.0 2.0 1000.0 120440000.0
19700.0 0.0 3.0 26.0 0.0 0.0 0.0 60220000.0 181.0 2.0 1000.0 120440000.0
19800.0 0.0 3.0 26.0 0.0 0.0 0.0 60220000.0 180.0 2.0 1000.0 120440000.0
19900.0 0.0 3.0 26.0 0.0 0.0 0.0 60220000.0 176.0 2.0 1000.0 120440000.0
