time rna_M monomer_betaGal protein_betaGal Lactose_external Lactose_internal Glucose_external Glucose_internal protein_Lactose_Permease dna_Lac_Operon Biomass Lactose_consumed
0.0 0.0 0.0 0.0 120440000.0 0.0 60220000.0 0.0 0.0 2.0 1000.0 0.0
100.0 0.0 0.0 0.0 120440000.0 0.0 30120506.0 30099494.0 0.0 2.0 1000.0 0.0
200.0 0.0 0.0 0.0 120440000.0 0.0 69517.0 60150483.0 0.0 2.0 1000.0 0.0
300.0 0.0 0.0 0.0 120440000.0 0.0 0.0 60220000.0 0.0 2.0 1000.0 0.0
400.0 0.0 0.0 0.0 120440000.0 0.0 0.0 60220000.0 0.0 2.0 1000.0 0.0
500.0 0.0 0.0 0.0 120440000.0 0.0 0.0 60220000.0 0.0 2.0 1000.0 0.0
600.0 0.0 0.0 0.0 120440000.0 0.0 0.0 60220000.0 0.0 2.0 1000.0 0.0
700.0 0.0 0.0 0.0 120440000.0 0.0 0.0 60220000.0 0.0 2.0 1000.0 0.0
800.0 0.0 0.0 0.0 120440000.0 0.0 0.0 60220000.0 0.0 2.0 1000.0 0.0
900.0 0.0 0.0 0.0 120440000.0 0.0 0.0 60220000.0 0.0 2.0 1000.0 0.0
1000.0 0.0 0.0 0.0 120440000.0 0.0 0.0 60220000.0 0.0 2.0 1000.0 0.0
1100.0 0.0 0.0 0.0 120440000.0 0.0 0.0 60220000.0 0.0 2.0 1000.0 0.0
1200.0 0.0 0.0 0.0 120440000.0 0.0 0.0 60220000.0 0.0 2.0 1000.0 0.0
1300.0 0.0 0.0 0.0 120440000.0 0.0 0.0 60220000.0 0.0 2.0 1000.0 0.0
1400.0 0.0 0.0 0.0 120440000.0 0.0 0.0 60220000.0 0.0 2.0 1000.0 0.0
1500.0 0.0 0.0 0.0 120440000.0 0.0 0.0 60220000.0 0.0 2.0 1000.0 0.0
1600.0 0.0 0.0 0.0 120440000.0 0.0 0.0 60220000.0 0.0 2.0 1000.0 0.0
1700.0 0.0 0.0 0.0 120440000.0 0.0 0.0 60220000.0 0.0 2.0 1000.0 0.0
1800.0 0.0 0.0 0.0 120440000.0 0.0 0.0 60220000.0 0.0 2.0 1000.0 0.0
1900.0 0.0 0.0 0.0 120440000.0 0.0 0.0 60220000.0 0.0 2.0 1000.0 0.0
2000.0 0.0 0.0 0.0 120440000.0 0.0 0.0 60220000.0 0.0 2.0 1000.0 0.0
2100.0 0.0 0.0 0.0 120440000.0 0.0 0.0 60220000.0 0.0 2.0 1000.0 0.0
2200.0 0.0 0.0 0.0 120440000.0 0.0 0.0 60220000.0 0.0 2.0 1000.0 0.0
2300.0 0.0 0.0 0.0 120440000.0 0.0 0.0 60220000.0 0.0 2.0 1000.0 0.0
2400.0 0.0 0.0 0.0 120440000.0 0.0 0.0 60220000.0 0.0 2.0 1000.0 0.0
2500.0 0.0 0.0 0.0 120440000.0 0.0 0.0 60220000.0 0.0 2.0 1000.0 0.0
2600.0 0.0 0.0 0.0 120440000.0 0.0 0.0 60220000.0 0.0 2.0 1000.0 0.0
2700.0 0.0 0.0 0.0 120440000.0 0.0 0.0 60220000.0 0.0 2.0 1000.0 0.0
2800.0 1.0 2.0 5.0 120411828.0 19542.0 0.0 60220000.0 16.0 2.0 1000.0 8630.0
2900.0 1.0 2.0 9.0 120314546.0 52622.0 0.0 60220000.0 40.0 2.0 1000.0 72832.0
3000.0 0.0 2.0 11.0 120134385.0 89065.0 0.0 60220000.0 57.0 2.0 1000.0 216550.0
3100.0 0.0 2.0 11.0 119933858.0 109702.0 0.0 60220000.0 55.0 2.0 1000.0 396440.0
3200.0 0.0 2.0 11.0 119737167.0 116957.0 0.0 60220000.0 55.0 2.0 1000.0 585876.0
3300.0 0.0 2.0 11.0 119544223.0 117612.0 0.0 60220000.0 54.0 2.0 1000.0 778165.0
3400.0 0.0 2.0 11.0 119350658.0 118459.0 0.0 60220000.0 54.0 2.0 1000.0 970883.0
3500.0 0.0 2.0 11.0 119159485.0 116643.0 0.0 60220000.0 53.0 2.0 1000.0 1163872.0
3600.0 0.0 2.0 11.0 118973306.0 112904.0 0.0 60220000.0 52.0 2.0 1000.0 1353790.0
3700.0 0.0 2.0 11.0 118787466.0 110493.0 0.0 60220000.0 52.0 2.0 1000.0 1542041.0
3800.0 1.0 2.0 11.0 118604198.0 107644.0 0.0 60220000.0 52.0 2.0 1000.0 1728158.0
3900.0 0.0 3.0 13.0 118357798.0 132938.0 0.0 60220000.0 77.0 2.0 1000.0 1949264.0
4000.0 0.0 3.0 13.0 118084263.0 158507.0 0.0 60220000.0 76.0 2.0 1000.0 2197230.0
4100.0 0.0 3.0 11.0 117813694.0 185551.0 0.0 60220000.0 75.0 2.0 1000.0 2440755.0
4200.0 0.0 3.0 11.0 117548391.0 217977.0 0.0 60220000.0 74.0 2.0 1000.0 2673632.0
4300.0 0.0 3.0 11.0 117285587.0 239579.0 0.0 60220000.0 73.0 2.0 1000.0 2914834.0
4400.0 0.0 3.0 11.0 117028264.0 251363.0 0.0 60220000.0 72.0 2.0 1000.0 3160373.0
4500.0 0.0 3.0 11.0 116773617.0 258119.0 0.0 60220000.0 70.0 2.0 1000.0 3408264.0
4600.0 0.0 3.0 11.0 116527006.0 256139.0 0.0 60220000.0 67.0 2.0 1000.0 3656855.0
4700.0 0.0 3.0 10.0 116294076.0 244401.0 0.0 60220000.0 65.0 2.0 1000.0 3901523.0
4800.0 0.0 3.0 9.0 116064930.0 253218.0 0.0 60220000.0 64.0 2.0 1000.0 4121852.0
4900.0 0.0 3.0 9.0 115837465.0 274996.0 0.0 60220000.0 63.0 2.0 1000.0 4327539.0
5000.0 0.0 3.0 9.0 115615229.0 289402.0 0.0 60220000.0 62.0 2.0 1000.0 4535369.0
5100.0 0.0 3.0 8.0 115394180.0 310094.0 0.0 60220000.0 62.0 2.0 1000.0 4735726.0
5200.0 0.0 3.0 8.0 115175346.0 338490.0 0.0 60220000.0 60.0 2.0 1000.0 4926164.0
5300.0 0.0 3.0 8.0 114961584.0 359401.0 0.0 60220000.0 60.0 2.0 1000.0 5119015.0
5400.0 0.0 3.0 8.0 114748704.0 376730.0 0.0 60220000.0 59.0 2.0 1000.0 5314566.0
5500.0 0.0 3.0 8.0 114539237.0 389485.0 0.0 60220000.0 58.0 2.0 1000.0 5511278.0
5600.0 1.0 2.0 10.0 114309732.0 396001.0 0.0 60220000.0 76.0 2.0 1000.0 5734267.0
5700.0 1.0 1.0 14.0 113980745.0 423853.0 0.0 60220000.0 103.0 2.0 1000.0 6035402.0
5800.0 1.0 1.0 17.0 113556148.0 466188.0 0.0 60220000.0 140.0 2.0 1000.0 6417664.0
5900.0 0.0 3.0 18.0 113005034.0 565292.0 0.0 60220000.0 159.0 2.0 1000.0 6869674.0
6000.0 0.0 3.0 18.0 112447463.0 648447.0 0.0 60220000.0 154.0 2.0 1000.0 7344090.0
6100.0 0.0 3.0 17.0 111899211.0 723478.0 0.0 60220000.0 153.0 2.0 1000.0 7817311.0
6200.0 0.0 3.0 17.0 111355459.0 808920.0 0.0 60220000.0 151.0 2.0 1000.0 8275621.0
6300.0 0.0 3.0 17.0 110820675.0 880609.0 0.0 60220000.0 149.0 2.0 1000.0 8738716.0
6400.0 0.0 3.0 17.0 110293875.0 941891.0 0.0 60220000.0 147.0 2.0 1000.0 9204234.0
6500.0 0.0 3.0 16.0 109772625.0 1001375.0 0.0 60220000.0 146.0 2.0 1000.0 9666000.0
6600.0 0.0 3.0 16.0 109260621.0 1069332.0 0.0 60220000.0 143.0 2.0 1000.0 10110047.0
6700.0 0.0 3.0 16.0 108750892.0 1132416.0 0.0 60220000.0 142.0 2.0 1000.0 10556692.0
6800.0 0.0 3.0 16.0 108245363.0 1191310.0 0.0 60220000.0 141.0 2.0 1000.0 11003327.0
6900.0 0.0 3.0 16.0 107743370.0 1243180.0 0.0 60220000.0 140.0 2.0 1000.0 11453450.0
7000.0 0.0 3.0 16.0 107247424.0 1288603.0 0.0 60220000.0 138.0 2.0 1000.0 11903973.0
7100.0 0.0 3.0 16.0 106762529.0 1322033.0 0.0 60220000.0 135.0 2.0 1000.0 12355438.0
7200.0 0.0 3.0 16.0 106282406.0 1350946.0 0.0 60220000.0 134.0 2.0 1000.0 12806648.0
7300.0 0.0 3.0 16.0 105804472.0 1376792.0 0.0 60220000.0 134.0 2.0 1000.0 13258736.0
7400.0 0.0 3.0 16.0 105331873.0 1396742.0 0.0 60220000.0 132.0 2.0 1000.0 13711385.0
7500.0 0.0 3.0 16.0 104864711.0 1412491.0 0.0 60220000.0 131.0 2.0 1000.0 14162798.0
7600.0 0.0 0.0 16.0 104399584.0 1425065.0 0.0 60220000.0 131.0 2.0 1000.0 14615351.0
7700.0 0.0 0.0 16.0 103937962.0 1434615.0 0.0 60220000.0 129.0 2.0 1000.0 15067423.0
7800.0 0.0 0.0 16.0 103484361.0 1434357.0 0.0 60220000.0 125.0 2.0 1000.0 15521282.0
7900.0 0.0 0.0 16.0 103043227.0 1422343.0 0.0 60220000.0 122.0 2.0 1000.0 15974430.0
8000.0 0.0 0.0 16.0 102617868.0 1395119.0 0.0 60220000.0 118.0 2.0 1000.0 16427013.0
8100.0 0.0 0.0 16.0 102200098.0 1361604.0 0.0 60220000.0 117.0 2.0 1000.0 16878298.0
8200.0 0.0 0.0 16.0 101790922.0 1319134.0 0.0 60220000.0 113.0 2.0 1000.0 17329944.0
8300.0 0.0 0.0 15.0 101393189.0 1271640.0 0.0 60220000.0 111.0 2.0 1000.0 17775171.0
8400.0 0.0 0.0 15.0 101003651.0 1239699.0 0.0 60220000.0 107.0 2.0 1000.0 18196650.0
8500.0 0.0 0.0 15.0 100628656.0 1193943.0 0.0 60220000.0 105.0 2.0 1000.0 18617401.0
8600.0 0.0 0.0 15.0 100260316.0 1142427.0 0.0 60220000.0 103.0 2.0 1000.0 19037257.0
8700.0 0.0 0.0 15.0 99894097.0 1090558.0 0.0 60220000.0 102.0 2.0 1000.0 19455345.0
8800.0 0.0 0.0 15.0 99533649.0 1033409.0 0.0 60220000.0 100.0 2.0 1000.0 19872942.0
8900.0 0.0 0.0 15.0 99184321.0 967245.0 0.0 60220000.0 97.0 2.0 1000.0 20288434.0
9000.0 0.0 0.0 15.0 98844566.0 894427.0 0.0 60220000.0 93.0 2.0 1000.0 20701007.0
9100.0 0.0 0.0 15.0 98516579.0 813429.0 0.0 60220000.0 92.0 2.0 1000.0 21109992.0
9200.0 0.0 0.0 15.0 98190140.0 733085.0 0.0 60220000.0 90.0 2.0 1000.0 21516775.0
9300.0 1.0 2.0 16.0 97865306.0 654055.0 0.0 60220000.0 96.0 2.0 1000.0 21920639.0
9400.0 0.0 1.0 22.0 97484735.0 514434.0 0.0 60220000.0 115.0 2.0 1000.0 22440831.0
9500.0 1.0 1.0 22.0 97074260.0 371560.0 0.0 60220000.0 116.0 2.0 1000.0 22994180.0
9600.0 0.0 1.0 21.0 96661750.0 283012.0 0.0 60220000.0 113.0 2.0 1000.0 23495238.0
9700.0 0.0 1.0 21.0 96261478.0 214737.0 0.0 60220000.0 110.0 2.0 1000.0 23963785.0
9800.0 0.0 1.0 21.0 95868031.0 171809.0 0.0 60220000.0 110.0 2.0 1000.0 24400160.0
9900.0 0.0 1.0 21.0 95474796.0 152611.0 0.0 60220000.0 110.0 2.0 1000.0 24812593.0
10000.0 0.0 1.0 20.0 95093271.0 145568.0 0.0 60220000.0 104.0 2.0 1000.0 25201161.0
10100.0 0.0 1.0 19.0 94721162.0 151242.0 0.0 60220000.0 104.0 2.0 1000.0 25567596.0
10200.0 0.0 1.0 18.0 94353732.0 160669.0 0.0 60220000.0 102.0 2.0 1000.0 25925599.0
10300.0 0.0 1.0 18.0 93991246.0 166074.0 0.0 60220000.0 101.0 2.0 1000.0 26282680.0
10400.0 1.0 3.0 19.0 93630455.0 165716.0 0.0 60220000.0 105.0 2.0 1000.0 26643829.0
10500.0 1.0 3.0 25.0 93166952.0 183982.0 0.0 60220000.0 152.0 2.0 1000.0 27089066.0
10600.0 0.0 1.0 28.0 92595736.0 187265.0 0.0 60220000.0 162.0 2.0 1000.0 27656999.0
10700.0 0.0 1.0 28.0 92026167.0 179682.0 0.0 60220000.0 158.0 2.0 1000.0 28234151.0
10800.0 0.0 1.0 28.0 91475278.0 165383.0 0.0 60220000.0 151.0 2.0 1000.0 28799339.0
10900.0 0.0 1.0 27.0 90939319.0 163502.0 0.0 60220000.0 149.0 2.0 1000.0 29337179.0
11000.0 0.0 1.0 26.0 90410779.0 161172.0 0.0 60220000.0 148.0 2.0 1000.0 29868049.0
11100.0 0.0 1.0 26.0 89888847.0 167427.0 0.0 60220000.0 146.0 2.0 1000.0 30383726.0
11200.0 0.0 1.0 26.0 89372596.0 164855.0 0.0 60220000.0 142.0 2.0 1000.0 30902549.0
11300.0 1.0 1.0 25.0 88866230.0 168481.0 0.0 60220000.0 143.0 2.0 1000.0 31405289.0
11400.0 1.0 1.0 26.0 88313158.0 210543.0 0.0 60220000.0 168.0 2.0 1000.0 31916299.0
11500.0 1.0 3.0 29.0 87644653.0 266377.0 0.0 60220000.0 202.0 2.0 1000.0 32528970.0
11600.0 0.0 2.0 33.0 86882114.0 287465.0 0.0 60220000.0 223.0 2.0 1000.0 33270421.0
11700.0 0.0 2.0 33.0 86090274.0 306021.0 0.0 60220000.0 219.0 2.0 1000.0 34043705.0
11800.0 0.0 2.0 32.0 85313719.0 324009.0 0.0 60220000.0 216.0 2.0 1000.0 34802272.0
11900.0 0.0 2.0 32.0 84544861.0 329353.0 0.0 60220000.0 215.0 2.0 1000.0 35565786.0
12000.0 0.0 2.0 32.0 83783783.0 326248.0 0.0 60220000.0 212.0 2.0 1000.0 36329969.0
12100.0 0.0 2.0 31.0 83033409.0 334976.0 0.0 60220000.0 208.0 2.0 1000.0 37071615.0
12200.0 0.0 2.0 31.0 82293682.0 332340.0 0.0 60220000.0 205.0 2.0 1000.0 37813978.0
12300.0 1.0 0.0 31.0 81565447.0 332251.0 0.0 60220000.0 207.0 2.0 1000.0 38542302.0
12400.0 1.0 0.0 36.0 80780158.0 327580.0 0.0 60220000.0 240.0 2.0 1000.0 39332262.0
12500.0 0.0 2.0 38.0 79871630.0 341247.0 0.0 60220000.0 258.0 2.0 1000.0 40227123.0
12600.0 0.0 2.0 38.0 78963661.0 335796.0 0.0 60220000.0 252.0 2.0 1000.0 41140543.0
12700.0 0.0 2.0 36.0 78076625.0 330889.0 0.0 60220000.0 246.0 2.0 1000.0 42032486.0
12800.0 0.0 2.0 36.0 77202019.0 340508.0 0.0 60220000.0 243.0 2.0 1000.0 42897473.0
12900.0 1.0 0.0 38.0 76315252.0 337871.0 0.0 60220000.0 259.0 2.0 1000.0 43786877.0
13000.0 0.0 3.0 36.0 75391624.0 373788.0 0.0 60220000.0 256.0 2.0 1000.0 44674588.0
13100.0 0.0 3.0 34.0 74480847.0 404954.0 0.0 60220000.0 255.0 2.0 1000.0 45554199.0
13200.0 0.0 3.0 32.0 73572620.0 480615.0 0.0 60220000.0 254.0 2.0 1000.0 46386765.0
13300.0 0.0 3.0 32.0 72675018.0 552921.0 0.0 60220000.0 250.0 2.0 1000.0 47212061.0
13400.0 0.0 3.0 31.0 71790293.0 602875.0 0.0 60220000.0 247.0 2.0 1000.0 48046832.0
13500.0 0.0 3.0 30.0 70918715.0 664717.0 0.0 60220000.0 243.0 2.0 1000.0 48856568.0
13600.0 0.0 3.0 29.0 70058090.0 727449.0 0.0 60220000.0 241.0 2.0 1000.0 49654461.0
13700.0 0.0 3.0 27.0 69200899.0 813681.0 0.0 60220000.0 241.0 2.0 1000.0 50425420.0
13800.0 0.0 3.0 27.0 68344546.0 930414.0 0.0 60220000.0 239.0 2.0 1000.0 51165040.0
13900.0 0.0 3.0 27.0 67502523.0 1028697.0 0.0 60220000.0 236.0 2.0 1000.0 51908780.0
14000.0 0.0 3.0 26.0 66666688.0 1126278.0 0.0 60220000.0 235.0 2.0 1000.0 52647034.0
14100.0 0.0 3.0 25.0 65836698.0 1230460.0 0.0 60220000.0 232.0 2.0 1000.0 53372842.0
14200.0 0.0 3.0 25.0 65025697.0 1337660.0 0.0 60220000.0 224.0 2.0 1000.0 54076643.0
14300.0 0.0 3.0 24.0 64230634.0 1430702.0 0.0 60220000.0 223.0 2.0 1000.0 54778664.0
14400.0 0.0 3.0 24.0 63449430.0 1530835.0 0.0 60220000.0 218.0 2.0 1000.0 55459735.0
14500.0 0.0 3.0 24.0 62677710.0 1617769.0 0.0 60220000.0 214.0 2.0 1000.0 56144521.0
14600.0 0.0 3.0 23.0 61917330.0 1696331.0 0.0 60220000.0 213.0 2.0 1000.0 56826339.0
14700.0 0.0 3.0 23.0 61165519.0 1790220.0 0.0 60220000.0 211.0 2.0 1000.0 57484261.0
14800.0 0.0 3.0 23.0 60421196.0 1876274.0 0.0 60220000.0 206.0 2.0 1000.0 58142530.0
14900.0 0.0 3.0 23.0 59704261.0 1932315.0 0.0 60220000.0 198.0 2.0 1000.0 58803424.0
15000.0 1.0 3.0 23.0 59004461.0 1972433.0 0.0 60220000.0 199.0 2.0 1000.0 59463106.0
15100.0 0.0 0.0 24.0 58267321.0 2015972.0 0.0 60220000.0 211.0 2.0 1000.0 60156707.0
15200.0 0.0 0.0 24.0 57518728.0 2074099.0 0.0 60220000.0 209.0 2.0 1000.0 60847173.0
15300.0 0.0 0.0 24.0 56782462.0 2116965.0 0.0 60220000.0 207.0 2.0 1000.0 61540573.0
15400.0 0.0 0.0 24.0 56061315.0 2145622.0 0.0 60220000.0 201.0 2.0 1000.0 62233063.0
15500.0 0.0 0.0 24.0 55357710.0 2156124.0 0.0 60220000.0 197.0 2.0 1000.0 62926166.0
15600.0 0.0 0.0 24.0 54661091.0 2158559.0 0.0 60220000.0 195.0 2.0 1000.0 63620350.0
15700.0 0.0 0.0 23.0 53972146.0 2166294.0 0.0 60220000.0 192.0 2.0 1000.0 64301560.0
15800.0 0.0 0.0 23.0 53299595.0 2174991.0 0.0 60220000.0 188.0 2.0 1000.0 64965414.0
15900.0 0.0 0.0 22.0 52643035.0 2190155.0 0.0 60220000.0 181.0 2.0 1000.0 65606810.0
16000.0 0.0 0.0 21.0 52009667.0 2192133.0 0.0 60220000.0 177.0 2.0 1000.0 66238200.0
16100.0 0.0 0.0 21.0 51391423.0 2203300.0 0.0 60220000.0 172.0 2.0 1000.0 66845277.0
16200.0 0.0 0.0 21.0 50788824.0 2199553.0 0.0 60220000.0 167.0 2.0 1000.0 67451623.0
16300.0 0.0 0.0 21.0 50200639.0 2181287.0 0.0 60220000.0 165.0 2.0 1000.0 68058074.0
16400.0 0.0 0.0 20.0 49620737.0 2177110.0 0.0 60220000.0 163.0 2.0 1000.0 68642153.0
16500.0 0.0 0.0 20.0 49046374.0 2175165.0 0.0 60220000.0 161.0 2.0 1000.0 69218461.0
16600.0 0.0 0.0 20.0 48483613.0 2159155.0 0.0 60220000.0 157.0 2.0 1000.0 69797232.0
16700.0 0.0 0.0 19.0 47932016.0 2140629.0 0.0 60220000.0 153.0 2.0 1000.0 70367355.0
16800.0 0.0 0.0 18.0 47395412.0 2136273.0 0.0 60220000.0 149.0 2.0 1000.0 70908315.0
16900.0 0.0 0.0 18.0 46874407.0 2137005.0 0.0 60220000.0 147.0 2.0 1000.0 71428588.0
17000.0 0.0 0.0 17.0 46363135.0 2139516.0 0.0 60220000.0 144.0 2.0 1000.0 71937349.0
17100.0 0.0 0.0 17.0 45855264.0 2155257.0 0.0 60220000.0 142.0 2.0 1000.0 72429479.0
17200.0 0.0 0.0 17.0 45358405.0 2161661.0 0.0 60220000.0 138.0 2.0 1000.0 72919934.0
17300.0 1.0 0.0 18.0 44847840.0 2191923.0 0.0 60220000.0 158.0 2.0 1000.0 73400237.0
17400.0 0.0 1.0 20.0 44267690.0 2213222.0 0.0 60220000.0 167.0 2.0 1000.0 73959088.0
17500.0 0.0 1.0 20.0 43677707.0 2225946.0 0.0 60220000.0 166.0 2.0 1000.0 74536347.0
17600.0 0.0 1.0 20.0 43095023.0 2231057.0 0.0 60220000.0 164.0 2.0 1000.0 75113920.0
17700.0 0.0 3.0 21.0 42502714.0 2231671.0 0.0 60220000.0 177.0 2.0 1000.0 75705615.0
17800.0 0.0 3.0 19.0 41876027.0 2285858.0 0.0 60220000.0 175.0 2.0 1000.0 76278115.0
17900.0 1.0 2.0 21.0 41246293.0 2351109.0 0.0 60220000.0 186.0 2.0 1000.0 76842598.0
18000.0 1.0 0.0 24.0 40534909.0 2422452.0 0.0 60220000.0 215.0 2.0 1000.0 77482639.0
18100.0 0.0 3.0 26.0 39733744.0 2491788.0 0.0 60220000.0 234.0 2.0 1000.0 78214468.0
18200.0 1.0 2.0 28.0 38909056.0 2551653.0 0.0 60220000.0 238.0 2.0 1000.0 78979291.0
18300.0 1.0 2.0 30.0 38019774.0 2605462.0 0.0 60220000.0 263.0 2.0 1000.0 79814764.0
18400.0 0.0 3.0 31.0 37066787.0 2660025.0 0.0 60220000.0 271.0 2.0 1000.0 80713188.0
18500.0 0.0 3.0 31.0 36123016.0 2701516.0 0.0 60220000.0 263.0 2.0 1000.0 81615468.0
18600.0 0.0 3.0 30.0 35195156.0 2733940.0 0.0 60220000.0 261.0 2.0 1000.0 82510904.0
18700.0 0.0 3.0 30.0 34278434.0 2778011.0 0.0 60220000.0 258.0 2.0 1000.0 83383555.0
18800.0 0.0 3.0 29.0 33371743.0 2814409.0 0.0 60220000.0 254.0 2.0 1000.0 84253848.0
18900.0 0.0 3.0 29.0 32479590.0 2861752.0 0.0 60220000.0 251.0 2.0 1000.0 85098658.0
19000.0 1.0 2.0 30.0 31591833.0 2913648.0 0.0 60220000.0 257.0 2.0 1000.0 85934519.0
19100.0 1.0 2.0 35.0 30646707.0 2916047.0 0.0 60220000.0 279.0 2.0 1000.0 86877246.0
19200.0 0.0 0.0 35.0 29654569.0 2890173.0 0.0 60220000.0 278.0 2.0 1000.0 87895258.0
19300.0 0.0 0.0 35.0 28680555.0 2843515.0 0.0 60220000.0 273.0 2.0 1000.0 88915930.0
19400.0 0.0 0.0 34.0 27721693.0 2805979.0 0.0 60220000.0 270.0 2.0 1000.0 89912328.0
19500.0 0.0 0.0 34.0 26775666.0 2760479.0 0.0 60220000.0 265.0 2.0 1000.0 90903855.0
19600.0 0.0 0.0 34.0 25846793.0 2700170.0 0.0 60220000.0 261.0 2.0 1000.0 91893037.0
19700.0 0.0 0.0 33.0 24928343.0 2655663.0 0.0 60220000.0 256.0 2.0 1000.0 92855994.0
19800.0 0.0 2.0 33.0 24023715.0 2601133.0 0.0 60220000.0 264.0 2.0 1000.0 93815152.0
19900.0 0.0 2.0 33.0 23100792.0 2565137.0 0.0 60220000.0 258.0 2.0 1000.0 94774071.0
