time rna_M monomer_betaGal protein_betaGal Lactose_external Lactose_internal Glucose_external Glucose_internal protein_Lactose_Permease dna_Lac_Operon Biomass Lactose_consumed
0.0 0.0 0.0 0.0 120440000.0 0.0 60220000.0 0.0 0.0 2.0 1000.0 0.0
100.0 0.0 0.0 0.0 120440000.0 0.0 30124472.0 30095528.0 0.0 2.0 1000.0 0.0
200.0 0.0 0.0 0.0 120440000.0 0.0 82701.0 60137299.0 0.0 2.0 1000.0 0.0
300.0 0.0 0.0 0.0 120440000.0 0.0 0.0 60220000.0 0.0 2.0 1000.0 0.0
400.0 0.0 0.0 0.0 120440000.0 0.0 0.0 60220000.0 0.0 2.0 1000.0 0.0
500.0 0.0 0.0 0.0 120440000.0 0.0 0.0 60220000.0 0.0 2.0 1000.0 0.0
600.0 0.0 0.0 0.0 120440000.0 0.0 0.0 60220000.0 0.0 2.0 1000.0 0.0
700.0 0.0 0.0 0.0 120440000.0 0.0 0.0 60220000.0 0.0 2.0 1000.0 0.0
800.0 0.0 0.0 0.0 120440000.0 0.0 0.0 60220000.0 0.0 2.0 1000.0 0.0
900.0 0.0 0.0 0.0 120440000.0 0.0 0.0 60220000.0 0.0 2.0 1000.0 0.0
1000.0 0.0 0.0 0.0 120440000.0 0.0 0.0 60220000.0 0.0 2.0 1000.0 0.0
1100.0 0.0 0.0 0.0 120440000.0 0.0 0.0 60220000.0 0.0 2.0 1000.0 0.0
1200.0 0.0 0.0 0.0 120440000.0 0.0 0.0 60220000.0 0.0 2.0 1000.0 0.0
1300.0 0.0 0.0 0.0 120440000.0 0.0 0.0 60220000.0 0.0 2.0 1000.0 0.0
1400.0 0.0 0.0 0.0 120440000.0 0.0 0.0 60220000.0 0.0 2.0 1000.0 0.0
1500.0 1.0 1.0 1.0 120430418.0 9177.0 0.0 60220000.0 14.0 2.0 1000.0 405.0
1600.0 0.0 0.0 4.0 120338087.0 70816.0 0.0 60220000.0 31.0 2.0 1000.0 31097.0
1700.0 0.0 0.0 4.0 120227454.0 118118.0 0.0 60220000.0 31.0 2.0 1000.0 94428.0
1800.0 0.0 0.0 4.0 120116659.0 154682.0 0.0 60220000.0 31.0 2.0 1000.0 168659.0
1900.0 0.0 0.0 4.0 120008047.0 183267.0 0.0 60220000.0 30.0 2.0 1000.0 248686.0
2000.0 0.0 0.0 4.0 119907471.0 200285.0 0.0 60220000.0 27.0 2.0 1000.0 332244.0
2100.0 0.0 0.0 4.0 119813348.0 209405.0 0.0 60220000.0 26.0 2.0 1000.0 417247.0
2200.0 0.0 0.0 4.0 119721084.0 215518.0 0.0 60220000.0 26.0 2.0 1000.0 503398.0
2300.0 0.0 0.0 4.0 119636106.0 214223.0 0.0 60220000.0 23.0 2.0 1000.0 589671.0
2400.0 0.0 0.0 4.0 119556675.0 207889.0 0.0 60220000.0 21.0 2.0 1000.0 675436.0
2500.0 0.0 0.0 4.0 119481944.0 198091.0 0.0 60220000.0 21.0 2.0 1000.0 759965.0
2600.0 0.0 0.0 4.0 119408046.0 188123.0 0.0 60220000.0 20.0 2.0 1000.0 843831.0
2700.0 0.0 0.0 4.0 119336283.0 178091.0 0.0 60220000.0 20.0 2.0 1000.0 925626.0
2800.0 0.0 0.0 4.0 119265685.0 168029.0 0.0 60220000.0 19.0 2.0 1000.0 1006286.0
2900.0 0.0 0.0 4.0 119200098.0 155003.0 0.0 60220000.0 18.0 2.0 1000.0 1084899.0
3000.0 0.0 0.0 4.0 119135581.0 143249.0 0.0 60220000.0 18.0 2.0 1000.0 1161170.0
3100.0 0.0 0.0 4.0 119071100.0 133437.0 0.0 60220000.0 18.0 2.0 1000.0 1235463.0
3200.0 0.0 0.0 4.0 119006768.0 124834.0 0.0 60220000.0 18.0 2.0 1000.0 1308398.0
3300.0 0.0 0.0 4.0 118944624.0 115990.0 0.0 60220000.0 17.0 2.0 1000.0 1379386.0
3400.0 1.0 2.0 4.0 118883528.0 109068.0 0.0 60220000.0 19.0 2.0 1000.0 1447404.0
3500.0 0.0 3.0 7.0 118748953.0 137931.0 0.0 60220000.0 49.0 2.0 1000.0 1553116.0
3600.0 0.0 3.0 7.0 118576472.0 174197.0 0.0 60220000.0 48.0 2.0 1000.0 1689331.0
3700.0 0.0 3.0 7.0 118405007.0 200696.0 0.0 60220000.0 48.0 2.0 1000.0 1834297.0
3800.0 0.0 3.0 7.0 118233583.0 222122.0 0.0 60220000.0 48.0 2.0 1000.0 1984295.0
3900.0 0.0 3.0 7.0 118062079.0 239755.0 0.0 60220000.0 48.0 2.0 1000.0 2138166.0
4000.0 0.0 3.0 7.0 117894964.0 250682.0 0.0 60220000.0 46.0 2.0 1000.0 2294354.0
4100.0 0.0 3.0 7.0 117730712.0 257287.0 0.0 60220000.0 45.0 2.0 1000.0 2452001.0
4200.0 0.0 3.0 7.0 117573092.0 255926.0 0.0 60220000.0 44.0 2.0 1000.0 2610982.0
4300.0 0.0 3.0 7.0 117416047.0 254878.0 0.0 60220000.0 44.0 2.0 1000.0 2769075.0
4400.0 0.0 3.0 6.0 117261896.0 266647.0 0.0 60220000.0 43.0 2.0 1000.0 2911457.0
4500.0 0.0 3.0 6.0 117110272.0 280735.0 0.0 60220000.0 42.0 2.0 1000.0 3048993.0
4600.0 0.0 3.0 6.0 116962117.0 289829.0 0.0 60220000.0 41.0 2.0 1000.0 3188054.0
4700.0 0.0 3.0 6.0 116816483.0 295301.0 0.0 60220000.0 40.0 2.0 1000.0 3328216.0
4800.0 0.0 3.0 6.0 116673540.0 297886.0 0.0 60220000.0 40.0 2.0 1000.0 3468574.0
4900.0 0.0 3.0 5.0 116530812.0 305303.0 0.0 60220000.0 40.0 2.0 1000.0 3603885.0
5000.0 0.0 3.0 4.0 116387726.0 343451.0 0.0 60220000.0 40.0 2.0 1000.0 3708823.0
5100.0 0.0 3.0 4.0 116244469.0 388884.0 0.0 60220000.0 40.0 2.0 1000.0 3806647.0
5200.0 0.0 3.0 4.0 116101602.0 432232.0 0.0 60220000.0 40.0 2.0 1000.0 3906166.0
5300.0 0.0 3.0 3.0 115958347.0 493120.0 0.0 60220000.0 40.0 2.0 1000.0 3988533.0
5400.0 0.0 3.0 3.0 115815098.0 558931.0 0.0 60220000.0 40.0 2.0 1000.0 4065971.0
5500.0 0.0 3.0 3.0 115673511.0 621701.0 0.0 60220000.0 39.0 2.0 1000.0 4144788.0
5600.0 0.0 3.0 3.0 115534932.0 680516.0 0.0 60220000.0 38.0 2.0 1000.0 4224552.0
5700.0 0.0 3.0 3.0 115400102.0 735045.0 0.0 60220000.0 37.0 2.0 1000.0 4304853.0
5800.0 0.0 3.0 3.0 115268031.0 786361.0 0.0 60220000.0 36.0 2.0 1000.0 4385608.0
5900.0 0.0 3.0 3.0 115139487.0 833406.0 0.0 60220000.0 36.0 2.0 1000.0 4467107.0
6000.0 0.0 3.0 3.0 115010458.0 880807.0 0.0 60220000.0 36.0 2.0 1000.0 4548735.0
6100.0 0.0 3.0 3.0 114885258.0 923381.0 0.0 60220000.0 35.0 2.0 1000.0 4631361.0
6200.0 0.0 3.0 3.0 114760479.0 965686.0 0.0 60220000.0 35.0 2.0 1000.0 4713835.0
6300.0 0.0 3.0 3.0 114635415.0 1007470.0 0.0 60220000.0 35.0 2.0 1000.0 4797115.0
6400.0 0.0 3.0 3.0 114510499.0 1048811.0 0.0 60220000.0 35.0 2.0 1000.0 4880690.0
6500.0 0.0 3.0 3.0 114388512.0 1087239.0 0.0 60220000.0 34.0 2.0 1000.0 4964249.0
6600.0 0.0 3.0 3.0 114270091.0 1122435.0 0.0 60220000.0 33.0 2.0 1000.0 5047474.0
6700.0 0.0 3.0 2.0 114154934.0 1180375.0 0.0 60220000.0 32.0 2.0 1000.0 5104691.0
6800.0 0.0 3.0 2.0 114041060.0 1237922.0 0.0 60220000.0 32.0 2.0 1000.0 5161018.0
6900.0 0.0 3.0 2.0 113928617.0 1293983.0 0.0 60220000.0 31.0 2.0 1000.0 5217400.0
7000.0 0.0 3.0 2.0 113818336.0 1348460.0 0.0 60220000.0 30.0 2.0 1000.0 5273204.0
7100.0 0.0 3.0 2.0 113711549.0 1398361.0 0.0 60220000.0 30.0 2.0 1000.0 5330090.0
7200.0 0.0 3.0 2.0 113604864.0 1448314.0 0.0 60220000.0 30.0 2.0 1000.0 5386822.0
7300.0 0.0 3.0 2.0 113497717.0 1499051.0 0.0 60220000.0 30.0 2.0 1000.0 5443232.0
7400.0 0.0 3.0 2.0 113394615.0 1544978.0 0.0 60220000.0 29.0 2.0 1000.0 5500407.0
7500.0 1.0 3.0 5.0 113267759.0 1582895.0 0.0 60220000.0 48.0 2.0 1000.0 5589346.0
7600.0 0.0 2.0 7.0 113046169.0 1626848.0 0.0 60220000.0 67.0 2.0 1000.0 5766983.0
7700.0 0.0 2.0 6.0 112811489.0 1678431.0 0.0 60220000.0 66.0 2.0 1000.0 5950080.0
7800.0 0.0 2.0 6.0 112584767.0 1733647.0 0.0 60220000.0 63.0 2.0 1000.0 6121586.0
7900.0 0.0 2.0 6.0 112361202.0 1785908.0 0.0 60220000.0 62.0 2.0 1000.0 6292890.0
8000.0 0.0 2.0 6.0 112140242.0 1835007.0 0.0 60220000.0 62.0 2.0 1000.0 6464751.0
8100.0 0.0 2.0 5.0 111919339.0 1898235.0 0.0 60220000.0 62.0 2.0 1000.0 6622426.0
8200.0 0.0 2.0 5.0 111702389.0 1972242.0 0.0 60220000.0 61.0 2.0 1000.0 6765369.0
8300.0 0.0 2.0 5.0 111487552.0 2042489.0 0.0 60220000.0 60.0 2.0 1000.0 6909959.0
8400.0 0.0 2.0 5.0 111274278.0 2111199.0 0.0 60220000.0 60.0 2.0 1000.0 7054523.0
8500.0 0.0 2.0 5.0 111063226.0 2178956.0 0.0 60220000.0 58.0 2.0 1000.0 7197818.0
8600.0 0.0 2.0 5.0 110860295.0 2237439.0 0.0 60220000.0 57.0 2.0 1000.0 7342266.0
8700.0 0.0 2.0 5.0 110659853.0 2293174.0 0.0 60220000.0 56.0 2.0 1000.0 7486973.0
8800.0 0.0 2.0 5.0 110460795.0 2346782.0 0.0 60220000.0 56.0 2.0 1000.0 7632423.0
8900.0 0.0 2.0 5.0 110262778.0 2399752.0 0.0 60220000.0 56.0 2.0 1000.0 7777470.0
9000.0 0.0 2.0 5.0 110068135.0 2450331.0 0.0 60220000.0 54.0 2.0 1000.0 7921534.0
9100.0 0.0 2.0 5.0 109876037.0 2497604.0 0.0 60220000.0 54.0 2.0 1000.0 8066359.0
9200.0 0.0 2.0 5.0 109684630.0 2543991.0 0.0 60220000.0 54.0 2.0 1000.0 8211379.0
9300.0 0.0 2.0 5.0 109492427.0 2591237.0 0.0 60220000.0 54.0 2.0 1000.0 8356336.0
9400.0 0.0 2.0 5.0 109302934.0 2635547.0 0.0 60220000.0 52.0 2.0 1000.0 8501519.0
9500.0 0.0 2.0 5.0 109118506.0 2674337.0 0.0 60220000.0 52.0 2.0 1000.0 8647157.0
9600.0 0.0 0.0 7.0 108909753.0 2693487.0 0.0 60220000.0 60.0 2.0 1000.0 8836760.0
9700.0 0.0 0.0 7.0 108697401.0 2701452.0 0.0 60220000.0 59.0 2.0 1000.0 9041147.0
9800.0 0.0 0.0 7.0 108490050.0 2704752.0 0.0 60220000.0 58.0 2.0 1000.0 9245198.0
9900.0 0.0 0.0 7.0 108284026.0 2707495.0 0.0 60220000.0 58.0 2.0 1000.0 9448479.0
10000.0 0.0 0.0 7.0 108078213.0 2709667.0 0.0 60220000.0 57.0 2.0 1000.0 9652120.0
10100.0 2.0 0.0 9.0 107870689.0 2727698.0 0.0 60220000.0 69.0 2.0 1000.0 9841613.0
10200.0 2.0 1.0 16.0 107499137.0 2744979.0 0.0 60220000.0 141.0 2.0 1000.0 10195884.0
10300.0 0.0 2.0 21.0 106925661.0 2767621.0 0.0 60220000.0 173.0 2.0 1000.0 10746718.0
10400.0 0.0 2.0 21.0 106320522.0 2762713.0 0.0 60220000.0 169.0 2.0 1000.0 11356765.0
10500.0 0.0 2.0 20.0 105730068.0 2745177.0 0.0 60220000.0 164.0 2.0 1000.0 11964755.0
10600.0 1.0 0.0 22.0 105127657.0 2755119.0 0.0 60220000.0 182.0 2.0 1000.0 12557224.0
10700.0 0.0 3.0 23.0 104474189.0 2750769.0 0.0 60220000.0 183.0 2.0 1000.0 13215042.0
10800.0 1.0 2.0 24.0 103827342.0 2726195.0 0.0 60220000.0 186.0 2.0 1000.0 13886463.0
10900.0 1.0 3.0 28.0 103117367.0 2684377.0 0.0 60220000.0 211.0 2.0 1000.0 14638256.0
11000.0 2.0 2.0 35.0 102275937.0 2602221.0 0.0 60220000.0 263.0 2.0 1000.0 15561842.0
11100.0 1.0 2.0 39.0 101266747.0 2523473.0 0.0 60220000.0 305.0 2.0 1000.0 16649780.0
11200.0 1.0 0.0 42.0 100126686.0 2488126.0 0.0 60220000.0 335.0 2.0 1000.0 17825188.0
11300.0 0.0 2.0 41.0 98924448.0 2483752.0 0.0 60220000.0 338.0 2.0 1000.0 19031800.0
11400.0 0.0 2.0 39.0 97741607.0 2512477.0 0.0 60220000.0 329.0 2.0 1000.0 20185916.0
11500.0 0.0 2.0 38.0 96586255.0 2546836.0 0.0 60220000.0 324.0 2.0 1000.0 21306909.0
11600.0 0.0 2.0 35.0 95447657.0 2610309.0 0.0 60220000.0 319.0 2.0 1000.0 22382034.0
11700.0 0.0 2.0 35.0 94320393.0 2717920.0 0.0 60220000.0 315.0 2.0 1000.0 23401687.0
11800.0 0.0 2.0 34.0 93219757.0 2828021.0 0.0 60220000.0 308.0 2.0 1000.0 24392222.0
11900.0 0.0 0.0 37.0 92105176.0 2912021.0 0.0 60220000.0 319.0 2.0 1000.0 25422803.0
12000.0 0.0 0.0 36.0 90979507.0 2986504.0 0.0 60220000.0 312.0 2.0 1000.0 26473989.0
12100.0 0.0 0.0 36.0 89884607.0 3032354.0 0.0 60220000.0 306.0 2.0 1000.0 27523039.0
12200.0 1.0 1.0 36.0 88804015.0 3061747.0 0.0 60220000.0 306.0 2.0 1000.0 28574238.0
12300.0 1.0 2.0 41.0 87671934.0 3058874.0 0.0 60220000.0 330.0 2.0 1000.0 29709192.0
12400.0 0.0 2.0 41.0 86489710.0 3045165.0 0.0 60220000.0 333.0 2.0 1000.0 30905125.0
12500.0 0.0 2.0 40.0 85316108.0 3039468.0 0.0 60220000.0 330.0 2.0 1000.0 32084424.0
12600.0 0.0 2.0 39.0 84151296.0 3050312.0 0.0 60220000.0 327.0 2.0 1000.0 33238392.0
12700.0 0.0 2.0 37.0 83003016.0 3072177.0 0.0 60220000.0 323.0 2.0 1000.0 34364807.0
12800.0 0.0 2.0 37.0 81864482.0 3130927.0 0.0 60220000.0 317.0 2.0 1000.0 35444591.0
12900.0 1.0 3.0 39.0 80677873.0 3192154.0 0.0 60220000.0 354.0 2.0 1000.0 36569973.0
13000.0 1.0 2.0 43.0 79392804.0 3268858.0 0.0 60220000.0 376.0 2.0 1000.0 37778338.0
13100.0 0.0 2.0 47.0 78025723.0 3312312.0 0.0 60220000.0 391.0 2.0 1000.0 39101965.0
13200.0 1.0 0.0 52.0 76596550.0 3306576.0 0.0 60220000.0 417.0 2.0 1000.0 40536874.0
13300.0 2.0 2.0 58.0 75054437.0 3242386.0 0.0 60220000.0 466.0 2.0 1000.0 42143177.0
13400.0 2.0 0.0 66.0 73302234.0 3175806.0 0.0 60220000.0 523.0 2.0 1000.0 43961960.0
13500.0 0.0 3.0 67.0 71417844.0 3101376.0 0.0 60220000.0 531.0 2.0 1000.0 45920780.0
13600.0 0.0 3.0 63.0 69552434.0 3081611.0 0.0 60220000.0 523.0 2.0 1000.0 47805955.0
13700.0 0.0 3.0 63.0 67712442.0 3083163.0 0.0 60220000.0 516.0 2.0 1000.0 49644395.0
13800.0 0.0 3.0 62.0 65906581.0 3060488.0 0.0 60220000.0 507.0 2.0 1000.0 51472931.0
13900.0 0.0 3.0 60.0 64143262.0 3021675.0 0.0 60220000.0 488.0 2.0 1000.0 53275063.0
14000.0 0.0 3.0 59.0 62433836.0 3003107.0 0.0 60220000.0 478.0 2.0 1000.0 55003057.0
14100.0 0.0 3.0 58.0 60756745.0 2972548.0 0.0 60220000.0 468.0 2.0 1000.0 56710707.0
14200.0 0.0 3.0 57.0 59112415.0 2942590.0 0.0 60220000.0 461.0 2.0 1000.0 58384995.0
14300.0 1.0 2.0 60.0 57464307.0 2890824.0 0.0 60220000.0 475.0 2.0 1000.0 60084869.0
14400.0 0.0 2.0 58.0 55761592.0 2868540.0 0.0 60220000.0 481.0 2.0 1000.0 61809868.0
14500.0 1.0 0.0 59.0 54077924.0 2861529.0 0.0 60220000.0 474.0 2.0 1000.0 63500547.0
14600.0 0.0 1.0 61.0 52374485.0 2807403.0 0.0 60220000.0 482.0 2.0 1000.0 65258112.0
14700.0 0.0 1.0 61.0 50690137.0 2717350.0 0.0 60220000.0 470.0 2.0 1000.0 67032513.0
14800.0 0.0 1.0 61.0 49036946.0 2597662.0 0.0 60220000.0 461.0 2.0 1000.0 68805392.0
14900.0 0.0 1.0 61.0 47420198.0 2443026.0 0.0 60220000.0 452.0 2.0 1000.0 70576776.0
15000.0 0.0 1.0 60.0 45837090.0 2276702.0 0.0 60220000.0 444.0 2.0 1000.0 72326208.0
15100.0 0.0 1.0 60.0 44264093.0 2118412.0 0.0 60220000.0 441.0 2.0 1000.0 74057495.0
15200.0 1.0 2.0 59.0 42712007.0 1946500.0 0.0 60220000.0 434.0 2.0 1000.0 75781493.0
15300.0 0.0 2.0 57.0 41176477.0 1807262.0 0.0 60220000.0 433.0 2.0 1000.0 77456261.0
15400.0 0.0 2.0 55.0 39655276.0 1719614.0 0.0 60220000.0 424.0 2.0 1000.0 79065110.0
15500.0 0.0 3.0 58.0 38154114.0 1619147.0 0.0 60220000.0 426.0 2.0 1000.0 80666739.0
15600.0 0.0 3.0 57.0 36662897.0 1476556.0 0.0 60220000.0 418.0 2.0 1000.0 82300547.0
15700.0 0.0 3.0 56.0 35187321.0 1354792.0 0.0 60220000.0 413.0 2.0 1000.0 83897887.0
15800.0 0.0 3.0 56.0 33726739.0 1235537.0 0.0 60220000.0 411.0 2.0 1000.0 85477724.0
15900.0 0.0 3.0 54.0 32285148.0 1156719.0 0.0 60220000.0 403.0 2.0 1000.0 86998133.0
16000.0 0.0 3.0 54.0 30876323.0 1058131.0 0.0 60220000.0 393.0 2.0 1000.0 88505546.0
16100.0 0.0 3.0 52.0 29498796.0 948898.0 0.0 60220000.0 385.0 2.0 1000.0 89992306.0
16200.0 0.0 3.0 52.0 28146631.0 870870.0 0.0 60220000.0 378.0 2.0 1000.0 91422499.0
16300.0 0.0 3.0 50.0 26813879.0 796330.0 0.0 60220000.0 371.0 2.0 1000.0 92829791.0
16400.0 0.0 3.0 50.0 25507196.0 750836.0 0.0 60220000.0 366.0 2.0 1000.0 94181968.0
16500.0 0.0 3.0 50.0 24221884.0 691637.0 0.0 60220000.0 360.0 2.0 1000.0 95526479.0
16600.0 1.0 0.0 51.0 22944011.0 649639.0 0.0 60220000.0 365.0 2.0 1000.0 96846350.0
16700.0 0.0 3.0 51.0 21617122.0 610753.0 0.0 60220000.0 374.0 2.0 1000.0 98212125.0
16800.0 0.0 3.0 49.0 20297920.0 616246.0 0.0 60220000.0 369.0 2.0 1000.0 99525834.0
16900.0 0.0 3.0 48.0 19003631.0 635011.0 0.0 60220000.0 364.0 2.0 1000.0 100801358.0
17000.0 0.0 3.0 47.0 17723645.0 641427.0 0.0 60220000.0 360.0 2.0 1000.0 102074928.0
17100.0 0.0 3.0 46.0 16461193.0 676725.0 0.0 60220000.0 354.0 2.0 1000.0 103302082.0
17200.0 0.0 3.0 46.0 15216557.0 691813.0 0.0 60220000.0 348.0 2.0 1000.0 104531630.0
17300.0 0.0 3.0 45.0 13998460.0 696474.0 0.0 60220000.0 342.0 2.0 1000.0 105745066.0
17400.0 0.0 3.0 44.0 12795158.0 708768.0 0.0 60220000.0 337.0 2.0 1000.0 106936074.0
17500.0 0.0 3.0 43.0 11614763.0 711424.0 0.0 60220000.0 334.0 2.0 1000.0 108113813.0
17600.0 0.0 3.0 41.0 10451855.0 742433.0 0.0 60220000.0 326.0 2.0 1000.0 109245712.0
17700.0 0.0 3.0 41.0 9322254.0 765157.0 0.0 60220000.0 319.0 2.0 1000.0 110352589.0
17800.0 0.0 3.0 40.0 8205175.0 794016.0 0.0 60220000.0 316.0 2.0 1000.0 111440809.0
17900.0 0.0 3.0 40.0 7105779.0 806962.0 0.0 60220000.0 311.0 2.0 1000.0 112527259.0
18000.0 0.0 3.0 40.0 6025418.0 800908.0 0.0 60220000.0 308.0 2.0 1000.0 113613674.0
18100.0 0.0 3.0 40.0 4967226.0 775576.0 0.0 60220000.0 301.0 2.0 1000.0 114697198.0
18200.0 0.0 3.0 39.0 3939930.0 737548.0 0.0 60220000.0 295.0 2.0 1000.0 115762522.0
18300.0 0.0 3.0 38.0 2955631.0 688588.0 0.0 60220000.0 284.0 2.0 1000.0 116795781.0
18400.0 0.0 3.0 36.0 2014140.0 631807.0 0.0 60220000.0 277.0 2.0 1000.0 117794053.0
18500.0 0.0 3.0 35.0 1119653.0 584768.0 0.0 60220000.0 276.0 2.0 1000.0 118735579.0
18600.0 0.0 3.0 34.0 328402.0 486855.0 0.0 60220000.0 274.0 2.0 1000.0 119624743.0
18700.0 0.0 3.0 34.0 5275.0 55048.0 0.0 60220000.0 272.0 2.0 1000.0 120379677.0
18800.0 0.0 3.0 33.0 14.0 14.0 0.0 60220000.0 268.0 2.0 1000.0 120439972.0
18900.0 0.0 3.0 32.0 0.0 0.0 0.0 60220000.0 262.0 2.0 1000.0 120440000.0
19000.0 0.0 3.0 31.0 0.0 0.0 0.0 60220000.0 260.0 2.0 1000.0 120440000.0
19100.0 0.0 3.0 31.0 0.0 0.0 0.0 60220000.0 256.0 2.0 1000.0 120440000.0
19200.0 0.0 3.0 31.0 0.0 0.0 0.0 60220000.0 255.0 2.0 1000.0 120440000.0
19300.0 0.0 3.0 31.0 0.0 0.0 0.0 60220000.0 249.0 2.0 1000.0 120440000.0
19400.0 0.0 3.0 31.0 0.0 0.0 0.0 60220000.0 246.0 2.0 1000.0 120440000.0
19500.0 0.0 3.0 30.0 0.0 0.0 0.0 60220000.0 241.0 2.0 1000.0 120440000.0
19600.0 0.0 3.0 30.0 0.0 0.0 0.0 60220000.0 237.0 2.0 1000.0 120440000.0
19700.0 0.0 3.0 29.0 0.0 0.0 0.0 60220000.0 235.0 2.0 1000.0 120440000.0
19800.0 0.0 3.0 29.0 0.0 0.0 0.0 60220000.0 229.0 2.0 1000.0 120440000.0
19900.0 0.0 3.0 29.0 0.0 0.0 0.0 60220000.0 224.0 2.0 1000.0 120440000.0
