time rna_M monomer_betaGal protein_betaGal Lactose_external Lactose_internal Glucose_external Glucose_internal protein_Lactose_Permease dna_Lac_Operon Biomass Lactose_consumed
0.0 0.0 0.0 0.0 120440000.0 0.0 60220000.0 0.0 0.0 2.0 1000.0 0.0
100.0 0.0 0.0 0.0 120440000.0 0.0 30113581.0 30106419.0 0.0 2.0 1000.0 0.0
200.0 0.0 0.0 0.0 120440000.0 0.0 69182.0 60150818.0 0.0 2.0 1000.0 0.0
300.0 0.0 0.0 0.0 120440000.0 0.0 0.0 60220000.0 0.0 2.0 1000.0 0.0
400.0 0.0 0.0 0.0 120440000.0 0.0 0.0 60220000.0 0.0 2.0 1000.0 0.0
500.0 0.0 0.0 0.0 120440000.0 0.0 0.0 60220000.0 0.0 2.0 1000.0 0.0
600.0 0.0 0.0 0.0 120440000.0 0.0 0.0 60220000.0 0.0 2.0 1000.0 0.0
700.0 0.0 0.0 0.0 120440000.0 0.0 0.0 60220000.0 0.0 2.0 1000.0 0.0
800.0 0.0 0.0 0.0 120440000.0 0.0 0.0 60220000.0 0.0 2.0 1000.0 0.0
900.0 0.0 0.0 0.0 120440000.0 0.0 0.0 60220000.0 0.0 2.0 1000.0 0.0
1000.0 0.0 0.0 0.0 120440000.0 0.0 0.0 60220000.0 0.0 2.0 1000.0 0.0
1100.0 0.0 0.0 0.0 120440000.0 0.0 0.0 60220000.0 0.0 2.0 1000.0 0.0
1200.0 0.0 0.0 0.0 120440000.0 0.0 0.0 60220000.0 0.0 2.0 1000.0 0.0
1300.0 0.0 0.0 0.0 120440000.0 0.0 0.0 60220000.0 0.0 2.0 1000.0 0.0
1400.0 0.0 0.0 0.0 120440000.0 0.0 0.0 60220000.0 0.0 2.0 1000.0 0.0
1500.0 0.0 0.0 0.0 120440000.0 0.0 0.0 60220000.0 0.0 2.0 1000.0 0.0
1600.0 0.0 0.0 0.0 120440000.0 0.0 0.0 60220000.0 0.0 2.0 1000.0 0.0
1700.0 0.0 0.0 0.0 120440000.0 0.0 0.0 60220000.0 0.0 2.0 1000.0 0.0
1800.0 0.0 0.0 0.0 120440000.0 0.0 0.0 60220000.0 0.0 2.0 1000.0 0.0
1900.0 0.0 0.0 0.0 120440000.0 0.0 0.0 60220000.0 0.0 2.0 1000.0 0.0
2000.0 0.0 0.0 0.0 120440000.0 0.0 0.0 60220000.0 0.0 2.0 1000.0 0.0
2100.0 0.0 0.0 0.0 120440000.0 0.0 0.0 60220000.0 0.0 2.0 1000.0 0.0
2200.0 0.0 0.0 0.0 120440000.0 0.0 0.0 60220000.0 0.0 2.0 1000.0 0.0
2300.0 0.0 0.0 0.0 120440000.0 0.0 0.0 60220000.0 0.0 2.0 1000.0 0.0
2400.0 0.0 0.0 0.0 120440000.0 0.0 0.0 60220000.0 0.0 2.0 1000.0 0.0
2500.0 0.0 0.0 0.0 120440000.0 0.0 0.0 60220000.0 0.0 2.0 1000.0 0.0
2600.0 0.0 0.0 0.0 120440000.0 0.0 0.0 60220000.0 0.0 2.0 1000.0 0.0
2700.0 0.0 0.0 0.0 120440000.0 0.0 0.0 60220000.0 0.0 2.0 1000.0 0.0
2800.0 0.0 0.0 0.0 120440000.0 0.0 0.0 60220000.0 0.0 2.0 1000.0 0.0
2900.0 0.0 0.0 0.0 120440000.0 0.0 0.0 60220000.0 0.0 2.0 1000.0 0.0
3000.0 0.0 0.0 0.0 120440000.0 0.0 0.0 60220000.0 0.0 2.0 1000.0 0.0
3100.0 0.0 0.0 0.0 120440000.0 0.0 0.0 60220000.0 0.0 2.0 1000.0 0.0
3200.0 0.0 0.0 0.0 120440000.0 0.0 0.0 60220000.0 0.0 2.0 1000.0 0.0
3300.0 0.0 0.0 0.0 120440000.0 0.0 0.0 60220000.0 0.0 2.0 1000.0 0.0
3400.0 0.0 0.0 0.0 120440000.0 0.0 0.0 60220000.0 0.0 2.0 1000.0 0.0
3500.0 0.0 0.0 0.0 120440000.0 0.0 0.0 60220000.0 0.0 2.0 1000.0 0.0
3600.0 0.0 0.0 0.0 120440000.0 0.0 0.0 60220000.0 0.0 2.0 1000.0 0.0
3700.0 0.0 0.0 0.0 120440000.0 0.0 0.0 60220000.0 0.0 2.0 1000.0 0.0
3800.0 0.0 0.0 0.0 120440000.0 0.0 0.0 60220000.0 0.0 2.0 1000.0 0.0
3900.0 0.0 0.0 0.0 120440000.0 0.0 0.0 60220000.0 0.0 2.0 1000.0 0.0
4000.0 0.0 0.0 0.0 120440000.0 0.0 0.0 60220000.0 0.0 2.0 1000.0 0.0
4100.0 0.0 0.0 0.0 120440000.0 0.0 0.0 60220000.0 0.0 2.0 1000.0 0.0
4200.0 0.0 0.0 0.0 120440000.0 0.0 0.0 60220000.0 0.0 2.0 1000.0 0.0
4300.0 0.0 0.0 0.0 120440000.0 0.0 0.0 60220000.0 0.0 2.0 1000.0 0.0
4400.0 0.0 0.0 0.0 120440000.0 0.0 0.0 60220000.0 0.0 2.0 1000.0 0.0
4500.0 0.0 0.0 0.0 120440000.0 0.0 0.0 60220000.0 0.0 2.0 1000.0 0.0
4600.0 0.0 0.0 0.0 120440000.0 0.0 0.0 60220000.0 0.0 2.0 1000.0 0.0
4700.0 0.0 0.0 0.0 120440000.0 0.0 0.0 60220000.0 0.0 2.0 1000.0 0.0
4800.0 0.0 0.0 0.0 120440000.0 0.0 0.0 60220000.0 0.0 2.0 1000.0 0.0
4900.0 0.0 0.0 0.0 120440000.0 0.0 0.0 60220000.0 0.0 2.0 1000.0 0.0
5000.0 0.0 0.0 0.0 120440000.0 0.0 0.0 60220000.0 0.0 2.0 1000.0 0.0
5100.0 0.0 0.0 0.0 120440000.0 0.0 0.0 60220000.0 0.0 2.0 1000.0 0.0
5200.0 0.0 0.0 0.0 120440000.0 0.0 0.0 60220000.0 0.0 2.0 1000.0 0.0
5300.0 1.0 2.0 1.0 120419385.0 19534.0 0.0 60220000.0 21.0 2.0 1000.0 1081.0
5400.0 0.0 1.0 2.0 120334206.0 82395.0 0.0 60220000.0 23.0 2.0 1000.0 23399.0
5500.0 0.0 1.0 2.0 120252623.0 130447.0 0.0 60220000.0 23.0 2.0 1000.0 56930.0
5600.0 0.0 1.0 2.0 120170809.0 173647.0 0.0 60220000.0 23.0 2.0 1000.0 95544.0
5700.0 0.0 1.0 2.0 120088176.0 214302.0 0.0 60220000.0 23.0 2.0 1000.0 137522.0
5800.0 0.0 1.0 2.0 120006289.0 252448.0 0.0 60220000.0 23.0 2.0 1000.0 181263.0
5900.0 0.0 1.0 2.0 119924370.0 288581.0 0.0 60220000.0 23.0 2.0 1000.0 227049.0
6000.0 0.0 1.0 2.0 119845275.0 320954.0 0.0 60220000.0 22.0 2.0 1000.0 273771.0
6100.0 0.0 1.0 2.0 119766841.0 351342.0 0.0 60220000.0 22.0 2.0 1000.0 321817.0
6200.0 0.0 1.0 2.0 119688232.0 381014.0 0.0 60220000.0 22.0 2.0 1000.0 370754.0
6300.0 0.0 1.0 2.0 119612040.0 408102.0 0.0 60220000.0 21.0 2.0 1000.0 419858.0
6400.0 0.0 1.0 2.0 119537270.0 433019.0 0.0 60220000.0 21.0 2.0 1000.0 469711.0
6500.0 0.0 1.0 2.0 119462343.0 457400.0 0.0 60220000.0 21.0 2.0 1000.0 520257.0
6600.0 1.0 1.0 6.0 119354795.0 473695.0 0.0 60220000.0 41.0 2.0 1000.0 611510.0
6700.0 1.0 2.0 10.0 119159817.0 461115.0 0.0 60220000.0 71.0 2.0 1000.0 819068.0
6800.0 0.0 0.0 12.0 118863846.0 468872.0 0.0 60220000.0 89.0 2.0 1000.0 1107282.0
6900.0 0.0 0.0 12.0 118553111.0 474305.0 0.0 60220000.0 85.0 2.0 1000.0 1412584.0
7000.0 0.0 0.0 12.0 118249595.0 472362.0 0.0 60220000.0 85.0 2.0 1000.0 1718043.0
7100.0 0.0 0.0 12.0 117949210.0 467346.0 0.0 60220000.0 84.0 2.0 1000.0 2023444.0
7200.0 0.0 0.0 12.0 117652165.0 458935.0 0.0 60220000.0 82.0 2.0 1000.0 2328900.0
7300.0 0.0 0.0 12.0 117364819.0 443230.0 0.0 60220000.0 80.0 2.0 1000.0 2631951.0
7400.0 0.0 0.0 12.0 117081574.0 424651.0 0.0 60220000.0 79.0 2.0 1000.0 2933775.0
7500.0 0.0 0.0 12.0 116801808.0 404793.0 0.0 60220000.0 78.0 2.0 1000.0 3233399.0
7600.0 0.0 0.0 12.0 116528825.0 381068.0 0.0 60220000.0 76.0 2.0 1000.0 3530107.0
7700.0 0.0 0.0 12.0 116259271.0 357779.0 0.0 60220000.0 74.0 2.0 1000.0 3822950.0
7800.0 0.0 0.0 12.0 115996888.0 331195.0 0.0 60220000.0 73.0 2.0 1000.0 4111917.0
7900.0 0.0 2.0 11.0 115727024.0 326079.0 0.0 60220000.0 76.0 2.0 1000.0 4386897.0
8000.0 0.0 2.0 11.0 115456081.0 334314.0 0.0 60220000.0 76.0 2.0 1000.0 4649605.0
8100.0 0.0 1.0 13.0 115183487.0 328814.0 0.0 60220000.0 78.0 2.0 1000.0 4927699.0
8200.0 0.0 1.0 13.0 114906164.0 298794.0 0.0 60220000.0 77.0 2.0 1000.0 5235042.0
8300.0 0.0 1.0 13.0 114632566.0 271413.0 0.0 60220000.0 76.0 2.0 1000.0 5536021.0
8400.0 0.0 1.0 13.0 114360088.0 248150.0 0.0 60220000.0 76.0 2.0 1000.0 5831762.0
8500.0 0.0 1.0 13.0 114096987.0 223321.0 0.0 60220000.0 72.0 2.0 1000.0 6119692.0
8600.0 0.0 1.0 13.0 113840844.0 200686.0 0.0 60220000.0 71.0 2.0 1000.0 6398470.0
8700.0 0.0 1.0 13.0 113587552.0 182998.0 0.0 60220000.0 71.0 2.0 1000.0 6669450.0
8800.0 0.0 1.0 12.0 113335264.0 181785.0 0.0 60220000.0 70.0 2.0 1000.0 6922951.0
8900.0 0.0 1.0 12.0 113084800.0 185452.0 0.0 60220000.0 70.0 2.0 1000.0 7169748.0
9000.0 0.0 1.0 11.0 112843029.0 186310.0 0.0 60220000.0 67.0 2.0 1000.0 7410661.0
9100.0 0.0 1.0 11.0 112607686.0 192772.0 0.0 60220000.0 65.0 2.0 1000.0 7639542.0
9200.0 0.0 1.0 11.0 112375552.0 194671.0 0.0 60220000.0 65.0 2.0 1000.0 7869777.0
9300.0 0.0 1.0 11.0 112149568.0 190672.0 0.0 60220000.0 61.0 2.0 1000.0 8099760.0
9400.0 0.0 1.0 11.0 111931886.0 181797.0 0.0 60220000.0 60.0 2.0 1000.0 8326317.0
9500.0 0.0 1.0 11.0 111717675.0 172594.0 0.0 60220000.0 60.0 2.0 1000.0 8549731.0
9600.0 0.0 1.0 11.0 111505760.0 164550.0 0.0 60220000.0 58.0 2.0 1000.0 8769690.0
9700.0 0.0 1.0 11.0 111301570.0 153206.0 0.0 60220000.0 57.0 2.0 1000.0 8985224.0
9800.0 0.0 1.0 11.0 111099070.0 144856.0 0.0 60220000.0 56.0 2.0 1000.0 9196074.0
9900.0 0.0 1.0 11.0 110902638.0 135011.0 0.0 60220000.0 55.0 2.0 1000.0 9402351.0
10000.0 0.0 1.0 11.0 110707653.0 128911.0 0.0 60220000.0 54.0 2.0 1000.0 9603436.0
10100.0 0.0 1.0 11.0 110519264.0 120408.0 0.0 60220000.0 52.0 2.0 1000.0 9800328.0
10200.0 0.0 1.0 11.0 110333693.0 114476.0 0.0 60220000.0 52.0 2.0 1000.0 9991831.0
10300.0 0.0 1.0 10.0 110151520.0 113081.0 0.0 60220000.0 51.0 2.0 1000.0 10175399.0
10400.0 0.0 2.0 10.0 109973689.0 117286.0 0.0 60220000.0 50.0 2.0 1000.0 10349025.0
10500.0 0.0 2.0 10.0 109794960.0 119720.0 0.0 60220000.0 50.0 2.0 1000.0 10525320.0
10600.0 0.0 2.0 10.0 109615564.0 122324.0 0.0 60220000.0 50.0 2.0 1000.0 10702112.0
10700.0 0.0 2.0 8.0 109436806.0 135405.0 0.0 60220000.0 50.0 2.0 1000.0 10867789.0
10800.0 0.0 2.0 8.0 109258736.0 160821.0 0.0 60220000.0 50.0 2.0 1000.0 11020443.0
10900.0 0.0 2.0 8.0 109080688.0 178182.0 0.0 60220000.0 50.0 2.0 1000.0 11181130.0
11000.0 0.0 2.0 8.0 108903118.0 190822.0 0.0 60220000.0 49.0 2.0 1000.0 11346060.0
11100.0 0.0 2.0 7.0 108729755.0 212099.0 0.0 60220000.0 48.0 2.0 1000.0 11498146.0
11200.0 0.0 2.0 7.0 108560500.0 229337.0 0.0 60220000.0 47.0 2.0 1000.0 11650163.0
11300.0 0.0 2.0 6.0 108395954.0 249233.0 0.0 60220000.0 46.0 2.0 1000.0 11794813.0
11400.0 0.0 2.0 6.0 108235036.0 273827.0 0.0 60220000.0 45.0 2.0 1000.0 11931137.0
11500.0 0.0 2.0 6.0 108074339.0 295451.0 0.0 60220000.0 45.0 2.0 1000.0 12070210.0
11600.0 0.0 2.0 6.0 107913447.0 315517.0 0.0 60220000.0 45.0 2.0 1000.0 12211036.0
11700.0 0.0 2.0 6.0 107755065.0 331443.0 0.0 60220000.0 44.0 2.0 1000.0 12353492.0
11800.0 0.0 2.0 6.0 107597995.0 344190.0 0.0 60220000.0 44.0 2.0 1000.0 12497815.0
11900.0 0.0 2.0 6.0 107443682.0 354303.0 0.0 60220000.0 43.0 2.0 1000.0 12642015.0
12000.0 0.0 2.0 6.0 107291311.0 360951.0 0.0 60220000.0 42.0 2.0 1000.0 12787738.0
12100.0 0.0 2.0 6.0 107141072.0 365340.0 0.0 60220000.0 42.0 2.0 1000.0 12933588.0
12200.0 0.0 2.0 6.0 106994418.0 366245.0 0.0 60220000.0 40.0 2.0 1000.0 13079337.0
12300.0 0.0 2.0 6.0 106851523.0 362594.0 0.0 60220000.0 40.0 2.0 1000.0 13225883.0
12400.0 0.0 2.0 6.0 106709240.0 359221.0 0.0 60220000.0 40.0 2.0 1000.0 13371539.0
12500.0 0.0 2.0 6.0 106566914.0 355644.0 0.0 60220000.0 40.0 2.0 1000.0 13517442.0
12600.0 0.0 2.0 6.0 106426586.0 350229.0 0.0 60220000.0 39.0 2.0 1000.0 13663185.0
12700.0 0.0 2.0 6.0 106292207.0 339733.0 0.0 60220000.0 37.0 2.0 1000.0 13808060.0
12800.0 0.0 2.0 6.0 106165336.0 323025.0 0.0 60220000.0 35.0 2.0 1000.0 13951639.0
12900.0 0.0 2.0 6.0 106042675.0 303759.0 0.0 60220000.0 34.0 2.0 1000.0 14093566.0
13000.0 0.0 2.0 6.0 105924352.0 281926.0 0.0 60220000.0 33.0 2.0 1000.0 14233722.0
13100.0 0.0 2.0 6.0 105811254.0 258403.0 0.0 60220000.0 31.0 2.0 1000.0 14370343.0
13200.0 0.0 2.0 6.0 105700270.0 235651.0 0.0 60220000.0 31.0 2.0 1000.0 14504079.0
13300.0 0.0 2.0 5.0 105592935.0 226372.0 0.0 60220000.0 30.0 2.0 1000.0 14620693.0
13400.0 0.0 2.0 4.0 105485923.0 242543.0 0.0 60220000.0 30.0 2.0 1000.0 14711534.0
13500.0 0.0 2.0 4.0 105378716.0 260107.0 0.0 60220000.0 30.0 2.0 1000.0 14801177.0
13600.0 0.0 2.0 4.0 105271705.0 275951.0 0.0 60220000.0 30.0 2.0 1000.0 14892344.0
13700.0 0.0 2.0 4.0 105164913.0 290287.0 0.0 60220000.0 30.0 2.0 1000.0 14984800.0
13800.0 0.0 2.0 4.0 105060679.0 301105.0 0.0 60220000.0 29.0 2.0 1000.0 15078216.0
13900.0 1.0 3.0 6.0 104952250.0 307817.0 0.0 60220000.0 37.0 2.0 1000.0 15179933.0
14000.0 0.0 1.0 11.0 104752247.0 298868.0 0.0 60220000.0 69.0 2.0 1000.0 15388885.0
14100.0 0.0 1.0 11.0 104505820.0 288159.0 0.0 60220000.0 69.0 2.0 1000.0 15646021.0
14200.0 0.0 1.0 11.0 104259496.0 279920.0 0.0 60220000.0 69.0 2.0 1000.0 15900584.0
14300.0 0.0 1.0 11.0 104013990.0 272814.0 0.0 60220000.0 68.0 2.0 1000.0 16153196.0
14400.0 0.0 1.0 10.0 103771479.0 271528.0 0.0 60220000.0 68.0 2.0 1000.0 16396993.0
14500.0 0.0 1.0 10.0 103527517.0 284901.0 0.0 60220000.0 68.0 2.0 1000.0 16627582.0
14600.0 0.0 1.0 10.0 103286810.0 292895.0 0.0 60220000.0 67.0 2.0 1000.0 16860295.0
14700.0 0.0 1.0 10.0 103048051.0 297899.0 0.0 60220000.0 67.0 2.0 1000.0 17094050.0
14800.0 0.0 1.0 10.0 102809377.0 301588.0 0.0 60220000.0 66.0 2.0 1000.0 17329035.0
14900.0 0.0 1.0 10.0 102578768.0 297677.0 0.0 60220000.0 63.0 2.0 1000.0 17563555.0
15000.0 0.0 1.0 10.0 102353885.0 290635.0 0.0 60220000.0 63.0 2.0 1000.0 17795480.0
15100.0 0.0 1.0 10.0 102128327.0 284808.0 0.0 60220000.0 63.0 2.0 1000.0 18026865.0
15200.0 0.0 1.0 10.0 101909010.0 273438.0 0.0 60220000.0 61.0 2.0 1000.0 18257552.0
15300.0 0.0 1.0 10.0 101690928.0 263036.0 0.0 60220000.0 61.0 2.0 1000.0 18486036.0
15400.0 0.0 1.0 10.0 101473432.0 254841.0 0.0 60220000.0 60.0 2.0 1000.0 18711727.0
15500.0 0.0 1.0 10.0 101258559.0 245535.0 0.0 60220000.0 60.0 2.0 1000.0 18935906.0
15600.0 0.0 1.0 10.0 101050207.0 232210.0 0.0 60220000.0 58.0 2.0 1000.0 19157583.0
15700.0 1.0 1.0 13.0 100804867.0 235939.0 0.0 60220000.0 78.0 2.0 1000.0 19399194.0
15800.0 0.0 1.0 16.0 100487030.0 226061.0 0.0 60220000.0 95.0 2.0 1000.0 19726909.0
15900.0 0.0 1.0 16.0 100153799.0 213091.0 0.0 60220000.0 92.0 2.0 1000.0 20073110.0
16000.0 0.0 1.0 15.0 99826975.0 206077.0 0.0 60220000.0 91.0 2.0 1000.0 20406948.0
16100.0 0.0 1.0 15.0 99501586.0 210814.0 0.0 60220000.0 91.0 2.0 1000.0 20727600.0
16200.0 0.0 1.0 15.0 99185456.0 205711.0 0.0 60220000.0 88.0 2.0 1000.0 21048833.0
16300.0 0.0 1.0 14.0 98875154.0 207345.0 0.0 60220000.0 86.0 2.0 1000.0 21357501.0
16400.0 0.0 1.0 13.0 98568113.0 219430.0 0.0 60220000.0 86.0 2.0 1000.0 21652457.0
16500.0 0.0 1.0 12.0 98261162.0 251252.0 0.0 60220000.0 86.0 2.0 1000.0 21927586.0
16600.0 0.0 1.0 12.0 97955753.0 283226.0 0.0 60220000.0 85.0 2.0 1000.0 22201021.0
16700.0 0.0 1.0 12.0 97652590.0 306532.0 0.0 60220000.0 85.0 2.0 1000.0 22480878.0
16800.0 0.0 1.0 12.0 97350243.0 324752.0 0.0 60220000.0 84.0 2.0 1000.0 22765005.0
16900.0 0.0 1.0 12.0 97050712.0 337488.0 0.0 60220000.0 83.0 2.0 1000.0 23051800.0
17000.0 0.0 1.0 12.0 96755849.0 344233.0 0.0 60220000.0 81.0 2.0 1000.0 23339918.0
17100.0 0.0 1.0 12.0 96466584.0 344065.0 0.0 60220000.0 81.0 2.0 1000.0 23629351.0
17200.0 0.0 1.0 12.0 96177817.0 343244.0 0.0 60220000.0 81.0 2.0 1000.0 23918939.0
17300.0 0.0 1.0 11.0 95889901.0 346815.0 0.0 60220000.0 80.0 2.0 1000.0 24203284.0
17400.0 0.0 1.0 11.0 95607172.0 363308.0 0.0 60220000.0 78.0 2.0 1000.0 24469520.0
17500.0 0.0 1.0 11.0 95331172.0 370621.0 0.0 60220000.0 77.0 2.0 1000.0 24738207.0
17600.0 0.0 1.0 11.0 95060535.0 372289.0 0.0 60220000.0 75.0 2.0 1000.0 25007176.0
17700.0 0.0 1.0 11.0 94797003.0 366565.0 0.0 60220000.0 73.0 2.0 1000.0 25276432.0
17800.0 0.0 1.0 11.0 94540741.0 355599.0 0.0 60220000.0 70.0 2.0 1000.0 25543660.0
17900.0 0.0 1.0 11.0 94291146.0 339823.0 0.0 60220000.0 69.0 2.0 1000.0 25809031.0
18000.0 0.0 1.0 11.0 94047418.0 320579.0 0.0 60220000.0 68.0 2.0 1000.0 26072003.0
18100.0 0.0 1.0 11.0 93804065.0 303861.0 0.0 60220000.0 67.0 2.0 1000.0 26332074.0
18200.0 0.0 1.0 10.0 93564773.0 300073.0 0.0 60220000.0 67.0 2.0 1000.0 26575154.0
18300.0 0.0 1.0 10.0 93330449.0 300344.0 0.0 60220000.0 65.0 2.0 1000.0 26809207.0
18400.0 0.0 1.0 10.0 93104020.0 293536.0 0.0 60220000.0 63.0 2.0 1000.0 27042444.0
18500.0 0.0 1.0 10.0 92880140.0 285398.0 0.0 60220000.0 62.0 2.0 1000.0 27274462.0
18600.0 0.0 1.0 10.0 92659178.0 275588.0 0.0 60220000.0 62.0 2.0 1000.0 27505234.0
18700.0 0.0 1.0 9.0 92440944.0 280637.0 0.0 60220000.0 61.0 2.0 1000.0 27718419.0
18800.0 0.0 1.0 8.0 92222744.0 310963.0 0.0 60220000.0 61.0 2.0 1000.0 27906293.0
18900.0 0.0 1.0 8.0 92008088.0 335100.0 0.0 60220000.0 59.0 2.0 1000.0 28096812.0
19000.0 0.0 1.0 8.0 91801130.0 350178.0 0.0 60220000.0 57.0 2.0 1000.0 28288692.0
19100.0 0.0 1.0 8.0 91598608.0 358443.0 0.0 60220000.0 56.0 2.0 1000.0 28482949.0
19200.0 0.0 1.0 8.0 91398207.0 363614.0 0.0 60220000.0 56.0 2.0 1000.0 28678179.0
19300.0 0.0 1.0 8.0 91199010.0 368308.0 0.0 60220000.0 56.0 2.0 1000.0 28872682.0
19400.0 0.0 1.0 8.0 91001285.0 371250.0 0.0 60220000.0 55.0 2.0 1000.0 29067465.0
19500.0 1.0 2.0 7.0 90791248.0 397109.0 0.0 60220000.0 71.0 2.0 1000.0 29251643.0
19600.0 1.0 0.0 11.0 90496908.0 463875.0 0.0 60220000.0 99.0 2.0 1000.0 29479217.0
19700.0 1.0 0.0 14.0 90097483.0 544844.0 0.0 60220000.0 126.0 2.0 1000.0 29797673.0
19800.0 1.0 2.0 17.0 89612627.0 629452.0 0.0 60220000.0 146.0 2.0 1000.0 30197921.0
19900.0 0.0 0.0 18.0 89088199.0 678277.0 0.0 60220000.0 146.0 2.0 1000.0 30673524.0
