time rna_M monomer_betaGal protein_betaGal Lactose_external Lactose_internal Glucose_external Glucose_internal protein_Lactose_Permease dna_Lac_Operon Biomass Lactose_consumed
0.0 0.0 0.0 0.0 120440000.0 0.0 60220000.0 0.0 0.0 2.0 1000.0 0.0
100.0 0.0 0.0 0.0 120440000.0 0.0 30131270.0 30088730.0 0.0 2.0 1000.0 0.0
200.0 0.0 0.0 0.0 120440000.0 0.0 85010.0 60134990.0 0.0 2.0 1000.0 0.0
300.0 0.0 0.0 0.0 120440000.0 0.0 0.0 60220000.0 0.0 2.0 1000.0 0.0
400.0 0.0 0.0 0.0 120440000.0 0.0 0.0 60220000.0 0.0 2.0 1000.0 0.0
500.0 0.0 0.0 0.0 120440000.0 0.0 0.0 60220000.0 0.0 2.0 1000.0 0.0
600.0 0.0 0.0 0.0 120440000.0 0.0 0.0 60220000.0 0.0 2.0 1000.0 0.0
700.0 0.0 0.0 0.0 120440000.0 0.0 0.0 60220000.0 0.0 2.0 1000.0 0.0
800.0 0.0 0.0 0.0 120440000.0 0.0 0.0 60220000.0 0.0 2.0 1000.0 0.0
900.0 0.0 0.0 0.0 120440000.0 0.0 0.0 60220000.0 0.0 2.0 1000.0 0.0
1000.0 0.0 0.0 0.0 120440000.0 0.0 0.0 60220000.0 0.0 2.0 1000.0 0.0
1100.0 0.0 0.0 0.0 120440000.0 0.0 0.0 60220000.0 0.0 2.0 1000.0 0.0
1200.0 0.0 0.0 0.0 120440000.0 0.0 0.0 60220000.0 0.0 2.0 1000.0 0.0
1300.0 0.0 0.0 0.0 120440000.0 0.0 0.0 60220000.0 0.0 2.0 1000.0 0.0
1400.0 0.0 0.0 0.0 120440000.0 0.0 0.0 60220000.0 0.0 2.0 1000.0 0.0
1500.0 0.0 0.0 0.0 120440000.0 0.0 0.0 60220000.0 0.0 2.0 1000.0 0.0
1600.0 0.0 0.0 0.0 120440000.0 0.0 0.0 60220000.0 0.0 2.0 1000.0 0.0
1700.0 0.0 0.0 0.0 120440000.0 0.0 0.0 60220000.0 0.0 2.0 1000.0 0.0
1800.0 0.0 0.0 0.0 120440000.0 0.0 0.0 60220000.0 0.0 2.0 1000.0 0.0
1900.0 0.0 0.0 0.0 120440000.0 0.0 0.0 60220000.0 0.0 2.0 1000.0 0.0
2000.0 0.0 0.0 0.0 120440000.0 0.0 0.0 60220000.0 0.0 2.0 1000.0 0.0
2100.0 0.0 0.0 0.0 120440000.0 0.0 0.0 60220000.0 0.0 2.0 1000.0 0.0
2200.0 0.0 0.0 0.0 120440000.0 0.0 0.0 60220000.0 0.0 2.0 1000.0 0.0
2300.0 0.0 0.0 0.0 120440000.0 0.0 0.0 60220000.0 0.0 2.0 1000.0 0.0
2400.0 0.0 0.0 0.0 120440000.0 0.0 0.0 60220000.0 0.0 2.0 1000.0 0.0
2500.0 0.0 0.0 0.0 120440000.0 0.0 0.0 60220000.0 0.0 2.0 1000.0 0.0
2600.0 0.0 0.0 0.0 120440000.0 0.0 0.0 60220000.0 0.0 2.0 1000.0 0.0
2700.0 0.0 0.0 0.0 120440000.0 0.0 0.0 60220000.0 0.0 2.0 1000.0 0.0
2800.0 0.0 0.0 0.0 120440000.0 0.0 0.0 60220000.0 0.0 2.0 1000.0 0.0
2900.0 0.0 0.0 0.0 120440000.0 0.0 0.0 60220000.0 0.0 2.0 1000.0 0.0
3000.0 0.0 0.0 0.0 120440000.0 0.0 0.0 60220000.0 0.0 2.0 1000.0 0.0
3100.0 0.0 0.0 0.0 120440000.0 0.0 0.0 60220000.0 0.0 2.0 1000.0 0.0
3200.0 0.0 0.0 0.0 120440000.0 0.0 0.0 60220000.0 0.0 2.0 1000.0 0.0
3300.0 0.0 0.0 0.0 120440000.0 0.0 0.0 60220000.0 0.0 2.0 1000.0 0.0
3400.0 0.0 0.0 0.0 120440000.0 0.0 0.0 60220000.0 0.0 2.0 1000.0 0.0
3500.0 0.0 0.0 0.0 120440000.0 0.0 0.0 60220000.0 0.0 2.0 1000.0 0.0
3600.0 0.0 0.0 0.0 120440000.0 0.0 0.0 60220000.0 0.0 2.0 1000.0 0.0
3700.0 0.0 0.0 0.0 120440000.0 0.0 0.0 60220000.0 0.0 2.0 1000.0 0.0
3800.0 0.0 0.0 0.0 120440000.0 0.0 0.0 60220000.0 0.0 2.0 1000.0 0.0
3900.0 0.0 0.0 0.0 120440000.0 0.0 0.0 60220000.0 0.0 2.0 1000.0 0.0
4000.0 0.0 0.0 0.0 120440000.0 0.0 0.0 60220000.0 0.0 2.0 1000.0 0.0
4100.0 0.0 0.0 0.0 120440000.0 0.0 0.0 60220000.0 0.0 2.0 1000.0 0.0
4200.0 0.0 0.0 0.0 120440000.0 0.0 0.0 60220000.0 0.0 2.0 1000.0 0.0
4300.0 0.0 0.0 0.0 120440000.0 0.0 0.0 60220000.0 0.0 2.0 1000.0 0.0
4400.0 0.0 0.0 0.0 120440000.0 0.0 0.0 60220000.0 0.0 2.0 1000.0 0.0
4500.0 0.0 0.0 0.0 120440000.0 0.0 0.0 60220000.0 0.0 2.0 1000.0 0.0
4600.0 0.0 0.0 0.0 120440000.0 0.0 0.0 60220000.0 0.0 2.0 1000.0 0.0
4700.0 0.0 0.0 0.0 120440000.0 0.0 0.0 60220000.0 0.0 2.0 1000.0 0.0
4800.0 0.0 0.0 0.0 120440000.0 0.0 0.0 60220000.0 0.0 2.0 1000.0 0.0
4900.0 0.0 0.0 0.0 120440000.0 0.0 0.0 60220000.0 0.0 2.0 1000.0 0.0
5000.0 0.0 0.0 0.0 120440000.0 0.0 0.0 60220000.0 0.0 2.0 1000.0 0.0
5100.0 0.0 0.0 0.0 120440000.0 0.0 0.0 60220000.0 0.0 2.0 1000.0 0.0
5200.0 0.0 0.0 0.0 120440000.0 0.0 0.0 60220000.0 0.0 2.0 1000.0 0.0
5300.0 0.0 0.0 0.0 120440000.0 0.0 0.0 60220000.0 0.0 2.0 1000.0 0.0
5400.0 0.0 0.0 0.0 120440000.0 0.0 0.0 60220000.0 0.0 2.0 1000.0 0.0
5500.0 0.0 0.0 0.0 120440000.0 0.0 0.0 60220000.0 0.0 2.0 1000.0 0.0
5600.0 0.0 0.0 0.0 120440000.0 0.0 0.0 60220000.0 0.0 2.0 1000.0 0.0
5700.0 0.0 0.0 0.0 120440000.0 0.0 0.0 60220000.0 0.0 2.0 1000.0 0.0
5800.0 0.0 0.0 0.0 120440000.0 0.0 0.0 60220000.0 0.0 2.0 1000.0 0.0
5900.0 0.0 0.0 0.0 120440000.0 0.0 0.0 60220000.0 0.0 2.0 1000.0 0.0
6000.0 0.0 0.0 0.0 120440000.0 0.0 0.0 60220000.0 0.0 2.0 1000.0 0.0
6100.0 0.0 0.0 0.0 120440000.0 0.0 0.0 60220000.0 0.0 2.0 1000.0 0.0
6200.0 0.0 0.0 0.0 120440000.0 0.0 0.0 60220000.0 0.0 2.0 1000.0 0.0
6300.0 0.0 0.0 0.0 120440000.0 0.0 0.0 60220000.0 0.0 2.0 1000.0 0.0
6400.0 0.0 0.0 0.0 120440000.0 0.0 0.0 60220000.0 0.0 2.0 1000.0 0.0
6500.0 0.0 0.0 0.0 120440000.0 0.0 0.0 60220000.0 0.0 2.0 1000.0 0.0
6600.0 0.0 0.0 0.0 120440000.0 0.0 0.0 60220000.0 0.0 2.0 1000.0 0.0
6700.0 0.0 0.0 0.0 120440000.0 0.0 0.0 60220000.0 0.0 2.0 1000.0 0.0
6800.0 0.0 0.0 0.0 120440000.0 0.0 0.0 60220000.0 0.0 2.0 1000.0 0.0
6900.0 0.0 0.0 0.0 120440000.0 0.0 0.0 60220000.0 0.0 2.0 1000.0 0.0
7000.0 0.0 0.0 0.0 120440000.0 0.0 0.0 60220000.0 0.0 2.0 1000.0 0.0
7100.0 0.0 0.0 0.0 120440000.0 0.0 0.0 60220000.0 0.0 2.0 1000.0 0.0
7200.0 0.0 0.0 0.0 120440000.0 0.0 0.0 60220000.0 0.0 2.0 1000.0 0.0
7300.0 0.0 0.0 0.0 120440000.0 0.0 0.0 60220000.0 0.0 2.0 1000.0 0.0
7400.0 0.0 0.0 0.0 120440000.0 0.0 0.0 60220000.0 0.0 2.0 1000.0 0.0
7500.0 0.0 0.0 0.0 120440000.0 0.0 0.0 60220000.0 0.0 2.0 1000.0 0.0
7600.0 0.0 0.0 0.0 120440000.0 0.0 0.0 60220000.0 0.0 2.0 1000.0 0.0
7700.0 0.0 0.0 0.0 120440000.0 0.0 0.0 60220000.0 0.0 2.0 1000.0 0.0
7800.0 0.0 0.0 0.0 120440000.0 0.0 0.0 60220000.0 0.0 2.0 1000.0 0.0
7900.0 0.0 0.0 0.0 120440000.0 0.0 0.0 60220000.0 0.0 2.0 1000.0 0.0
8000.0 0.0 0.0 0.0 120440000.0 0.0 0.0 60220000.0 0.0 2.0 1000.0 0.0
8100.0 0.0 0.0 0.0 120440000.0 0.0 0.0 60220000.0 0.0 2.0 1000.0 0.0
8200.0 0.0 0.0 0.0 120440000.0 0.0 0.0 60220000.0 0.0 2.0 1000.0 0.0
8300.0 0.0 0.0 0.0 120440000.0 0.0 0.0 60220000.0 0.0 2.0 1000.0 0.0
8400.0 0.0 0.0 0.0 120440000.0 0.0 0.0 60220000.0 0.0 2.0 1000.0 0.0
8500.0 0.0 0.0 0.0 120440000.0 0.0 0.0 60220000.0 0.0 2.0 1000.0 0.0
8600.0 0.0 0.0 0.0 120440000.0 0.0 0.0 60220000.0 0.0 2.0 1000.0 0.0
8700.0 0.0 0.0 0.0 120440000.0 0.0 0.0 60220000.0 0.0 2.0 1000.0 0.0
8800.0 0.0 0.0 0.0 120440000.0 0.0 0.0 60220000.0 0.0 2.0 1000.0 0.0
8900.0 0.0 0.0 0.0 120440000.0 0.0 0.0 60220000.0 0.0 2.0 1000.0 0.0
9000.0 0.0 0.0 0.0 120440000.0 0.0 0.0 60220000.0 0.0 2.0 1000.0 0.0
9100.0 0.0 0.0 0.0 120440000.0 0.0 0.0 60220000.0 0.0 2.0 1000.0 0.0
9200.0 0.0 0.0 0.0 120440000.0 0.0 0.0 60220000.0 0.0 2.0 1000.0 0.0
9300.0 0.0 0.0 0.0 120440000.0 0.0 0.0 60220000.0 0.0 2.0 1000.0 0.0
9400.0 1.0 1.0 0.0 120439669.0 331.0 0.0 60220000.0 3.0 2.0 1000.0 0.0
9500.0 0.0 1.0 0.0 120429071.0 10929.0 0.0 60220000.0 3.0 2.0 1000.0 0.0
9600.0 0.0 1.0 0.0 120418372.0 21628.0 0.0 60220000.0 3.0 2.0 1000.0 0.0
9700.0 0.0 1.0 0.0 120407605.0 32395.0 0.0 60220000.0 3.0 2.0 1000.0 0.0
9800.0 0.0 1.0 0.0 120396778.0 43222.0 0.0 60220000.0 3.0 2.0 1000.0 0.0
9900.0 0.0 1.0 0.0 120386041.0 53959.0 0.0 60220000.0 3.0 2.0 1000.0 0.0
10000.0 0.0 1.0 0.0 120375381.0 64619.0 0.0 60220000.0 3.0 2.0 1000.0 0.0
10100.0 0.0 1.0 0.0 120364708.0 75292.0 0.0 60220000.0 3.0 2.0 1000.0 0.0
10200.0 0.0 1.0 0.0 120353950.0 86050.0 0.0 60220000.0 3.0 2.0 1000.0 0.0
10300.0 0.0 1.0 0.0 120346195.0 93805.0 0.0 60220000.0 2.0 2.0 1000.0 0.0
10400.0 0.0 1.0 0.0 120339037.0 100963.0 0.0 60220000.0 2.0 2.0 1000.0 0.0
10500.0 0.0 1.0 0.0 120331762.0 108238.0 0.0 60220000.0 2.0 2.0 1000.0 0.0
10600.0 0.0 1.0 0.0 120324624.0 115376.0 0.0 60220000.0 2.0 2.0 1000.0 0.0
10700.0 0.0 1.0 0.0 120318191.0 121809.0 0.0 60220000.0 1.0 2.0 1000.0 0.0
10800.0 0.0 1.0 0.0 120314541.0 125459.0 0.0 60220000.0 1.0 2.0 1000.0 0.0
10900.0 0.0 1.0 0.0 120311015.0 128985.0 0.0 60220000.0 1.0 2.0 1000.0 0.0
11000.0 0.0 1.0 0.0 120307459.0 132541.0 0.0 60220000.0 1.0 2.0 1000.0 0.0
11100.0 0.0 1.0 0.0 120303826.0 136174.0 0.0 60220000.0 1.0 2.0 1000.0 0.0
11200.0 0.0 1.0 0.0 120300217.0 139783.0 0.0 60220000.0 1.0 2.0 1000.0 0.0
11300.0 0.0 1.0 0.0 120296671.0 143329.0 0.0 60220000.0 1.0 2.0 1000.0 0.0
11400.0 0.0 1.0 0.0 120293025.0 146975.0 0.0 60220000.0 1.0 2.0 1000.0 0.0
11500.0 0.0 1.0 0.0 120289433.0 150567.0 0.0 60220000.0 1.0 2.0 1000.0 0.0
11600.0 0.0 1.0 0.0 120285902.0 154098.0 0.0 60220000.0 1.0 2.0 1000.0 0.0
11700.0 0.0 1.0 0.0 120282239.0 157761.0 0.0 60220000.0 1.0 2.0 1000.0 0.0
11800.0 0.0 1.0 0.0 120278798.0 161202.0 0.0 60220000.0 1.0 2.0 1000.0 0.0
11900.0 0.0 1.0 0.0 120275206.0 164794.0 0.0 60220000.0 1.0 2.0 1000.0 0.0
12000.0 0.0 1.0 0.0 120271693.0 168307.0 0.0 60220000.0 1.0 2.0 1000.0 0.0
12100.0 0.0 1.0 0.0 120268076.0 171924.0 0.0 60220000.0 1.0 2.0 1000.0 0.0
12200.0 0.0 1.0 0.0 120264557.0 175443.0 0.0 60220000.0 1.0 2.0 1000.0 0.0
12300.0 0.0 1.0 0.0 120260945.0 179055.0 0.0 60220000.0 1.0 2.0 1000.0 0.0
12400.0 0.0 1.0 0.0 120257477.0 182523.0 0.0 60220000.0 1.0 2.0 1000.0 0.0
12500.0 0.0 1.0 0.0 120253933.0 186067.0 0.0 60220000.0 1.0 2.0 1000.0 0.0
12600.0 0.0 1.0 0.0 120250407.0 189593.0 0.0 60220000.0 1.0 2.0 1000.0 0.0
12700.0 0.0 1.0 0.0 120246881.0 193119.0 0.0 60220000.0 1.0 2.0 1000.0 0.0
12800.0 0.0 1.0 0.0 120243355.0 196645.0 0.0 60220000.0 1.0 2.0 1000.0 0.0
12900.0 0.0 1.0 0.0 120239826.0 200174.0 0.0 60220000.0 1.0 2.0 1000.0 0.0
13000.0 0.0 1.0 0.0 120236284.0 203716.0 0.0 60220000.0 1.0 2.0 1000.0 0.0
13100.0 0.0 1.0 0.0 120232784.0 207216.0 0.0 60220000.0 1.0 2.0 1000.0 0.0
13200.0 0.0 1.0 0.0 120229118.0 210882.0 0.0 60220000.0 1.0 2.0 1000.0 0.0
13300.0 0.0 1.0 0.0 120225639.0 214361.0 0.0 60220000.0 1.0 2.0 1000.0 0.0
13400.0 0.0 1.0 0.0 120222114.0 217886.0 0.0 60220000.0 1.0 2.0 1000.0 0.0
13500.0 0.0 1.0 0.0 120218598.0 221402.0 0.0 60220000.0 1.0 2.0 1000.0 0.0
13600.0 0.0 1.0 0.0 120214932.0 225068.0 0.0 60220000.0 1.0 2.0 1000.0 0.0
13700.0 0.0 1.0 0.0 120211384.0 228616.0 0.0 60220000.0 1.0 2.0 1000.0 0.0
13800.0 0.0 1.0 0.0 120207925.0 232075.0 0.0 60220000.0 1.0 2.0 1000.0 0.0
13900.0 0.0 1.0 0.0 120204284.0 235716.0 0.0 60220000.0 1.0 2.0 1000.0 0.0
14000.0 0.0 1.0 0.0 120200701.0 239299.0 0.0 60220000.0 1.0 2.0 1000.0 0.0
14100.0 1.0 3.0 0.0 120196091.0 243909.0 0.0 60220000.0 4.0 2.0 1000.0 0.0
14200.0 1.0 1.0 3.0 120119551.0 275136.0 0.0 60220000.0 39.0 2.0 1000.0 45313.0
14300.0 0.0 1.0 3.0 119969654.0 353920.0 0.0 60220000.0 42.0 2.0 1000.0 116426.0
14400.0 0.0 1.0 3.0 119820046.0 429598.0 0.0 60220000.0 42.0 2.0 1000.0 190356.0
14500.0 0.0 1.0 3.0 119677350.0 495818.0 0.0 60220000.0 39.0 2.0 1000.0 266832.0
14600.0 0.0 1.0 3.0 119538004.0 557622.0 0.0 60220000.0 39.0 2.0 1000.0 344374.0
14700.0 0.0 1.0 3.0 119399315.0 617936.0 0.0 60220000.0 39.0 2.0 1000.0 422749.0
14800.0 0.0 1.0 3.0 119260269.0 677675.0 0.0 60220000.0 39.0 2.0 1000.0 502056.0
14900.0 0.0 1.0 3.0 119121286.0 736479.0 0.0 60220000.0 39.0 2.0 1000.0 582235.0
15000.0 0.0 1.0 3.0 118982080.0 794465.0 0.0 60220000.0 39.0 2.0 1000.0 663455.0
15100.0 0.0 1.0 3.0 118842547.0 851434.0 0.0 60220000.0 39.0 2.0 1000.0 746019.0
15200.0 0.0 1.0 3.0 118703431.0 908331.0 0.0 60220000.0 39.0 2.0 1000.0 828238.0
15300.0 0.0 1.0 2.0 118563882.0 970366.0 0.0 60220000.0 39.0 2.0 1000.0 905752.0
15400.0 0.0 1.0 2.0 118425279.0 1053913.0 0.0 60220000.0 39.0 2.0 1000.0 960808.0
15500.0 0.0 1.0 2.0 118286416.0 1137047.0 0.0 60220000.0 39.0 2.0 1000.0 1016537.0
15600.0 0.0 1.0 2.0 118147264.0 1220398.0 0.0 60220000.0 38.0 2.0 1000.0 1072338.0
15700.0 0.0 1.0 2.0 118013362.0 1298242.0 0.0 60220000.0 37.0 2.0 1000.0 1128396.0
15800.0 0.0 1.0 2.0 117881213.0 1373951.0 0.0 60220000.0 37.0 2.0 1000.0 1184836.0
15900.0 0.0 1.0 2.0 117752767.0 1445939.0 0.0 60220000.0 36.0 2.0 1000.0 1241294.0
16000.0 0.0 1.0 2.0 117624443.0 1517372.0 0.0 60220000.0 36.0 2.0 1000.0 1298185.0
16100.0 0.0 1.0 2.0 117496732.0 1588137.0 0.0 60220000.0 36.0 2.0 1000.0 1355131.0
16200.0 0.0 1.0 2.0 117369879.0 1657614.0 0.0 60220000.0 35.0 2.0 1000.0 1412507.0
16300.0 0.0 1.0 2.0 117245757.0 1724828.0 0.0 60220000.0 34.0 2.0 1000.0 1469415.0
16400.0 0.0 1.0 2.0 117124467.0 1788848.0 0.0 60220000.0 34.0 2.0 1000.0 1526685.0
16500.0 0.0 1.0 2.0 117004164.0 1851645.0 0.0 60220000.0 34.0 2.0 1000.0 1584191.0
16600.0 1.0 1.0 4.0 116869338.0 1917336.0 0.0 60220000.0 50.0 2.0 1000.0 1653326.0
16700.0 1.0 3.0 7.0 116638220.0 1982033.0 0.0 60220000.0 87.0 2.0 1000.0 1819747.0
16800.0 1.0 3.0 10.0 116304969.0 2053942.0 0.0 60220000.0 105.0 2.0 1000.0 2081089.0
16900.0 1.0 1.0 16.0 115862329.0 2110511.0 0.0 60220000.0 143.0 2.0 1000.0 2467160.0
17000.0 1.0 1.0 21.0 115311462.0 2137166.0 0.0 60220000.0 166.0 2.0 1000.0 2991372.0
17100.0 1.0 3.0 24.0 114661793.0 2160574.0 0.0 60220000.0 203.0 2.0 1000.0 3617633.0
17200.0 1.0 1.0 29.0 113874117.0 2178930.0 0.0 60220000.0 241.0 2.0 1000.0 4386953.0
17300.0 1.0 3.0 32.0 112963778.0 2214243.0 0.0 60220000.0 275.0 2.0 1000.0 5261979.0
17400.0 0.0 3.0 33.0 111958532.0 2264598.0 0.0 60220000.0 283.0 2.0 1000.0 6216870.0
17500.0 0.0 3.0 32.0 110961687.0 2328356.0 0.0 60220000.0 279.0 2.0 1000.0 7149957.0
17600.0 0.0 3.0 32.0 109977010.0 2385734.0 0.0 60220000.0 275.0 2.0 1000.0 8077256.0
17700.0 1.0 1.0 33.0 109006645.0 2427181.0 0.0 60220000.0 275.0 2.0 1000.0 9006174.0
17800.0 0.0 2.0 30.0 108003154.0 2520770.0 0.0 60220000.0 280.0 2.0 1000.0 9916076.0
17900.0 0.0 2.0 30.0 107020303.0 2631601.0 0.0 60220000.0 273.0 2.0 1000.0 10788096.0
18000.0 0.0 2.0 29.0 106063534.0 2734174.0 0.0 60220000.0 266.0 2.0 1000.0 11642292.0
18100.0 0.0 2.0 29.0 105124635.0 2828749.0 0.0 60220000.0 263.0 2.0 1000.0 12486616.0
18200.0 0.0 2.0 29.0 104199845.0 2907961.0 0.0 60220000.0 258.0 2.0 1000.0 13332194.0
18300.0 0.0 3.0 29.0 103283708.0 2975378.0 0.0 60220000.0 263.0 2.0 1000.0 14180914.0
18400.0 0.0 3.0 29.0 102359922.0 3053626.0 0.0 60220000.0 259.0 2.0 1000.0 15026452.0
18500.0 1.0 1.0 30.0 101443005.0 3134192.0 0.0 60220000.0 264.0 2.0 1000.0 15862803.0
18600.0 2.0 3.0 35.0 100453087.0 3178539.0 0.0 60220000.0 297.0 2.0 1000.0 16808374.0
18700.0 3.0 2.0 45.0 99286248.0 3187282.0 0.0 60220000.0 364.0 2.0 1000.0 17966470.0
18800.0 2.0 0.0 57.0 97831981.0 3172366.0 0.0 60220000.0 452.0 2.0 1000.0 19435653.0
18900.0 2.0 0.0 62.0 96141766.0 3154380.0 0.0 60220000.0 502.0 2.0 1000.0 21143854.0
19000.0 0.0 2.0 63.0 94330399.0 3131549.0 0.0 60220000.0 510.0 2.0 1000.0 22978052.0
19100.0 1.0 3.0 62.0 92534802.0 3113804.0 0.0 60220000.0 501.0 2.0 1000.0 24791394.0
19200.0 0.0 3.0 65.0 90740768.0 3029791.0 0.0 60220000.0 517.0 2.0 1000.0 26669441.0
19300.0 0.0 3.0 64.0 88917056.0 2980988.0 0.0 60220000.0 513.0 2.0 1000.0 28541956.0
19400.0 0.0 3.0 64.0 87109491.0 2923144.0 0.0 60220000.0 506.0 2.0 1000.0 30407365.0
19500.0 0.0 3.0 63.0 85335855.0 2845922.0 0.0 60220000.0 497.0 2.0 1000.0 32258223.0
19600.0 0.0 3.0 61.0 83583679.0 2795468.0 0.0 60220000.0 491.0 2.0 1000.0 34060853.0
19700.0 0.0 3.0 60.0 81859752.0 2752529.0 0.0 60220000.0 482.0 2.0 1000.0 35827719.0
19800.0 0.0 3.0 59.0 80158299.0 2713303.0 0.0 60220000.0 478.0 2.0 1000.0 37568398.0
19900.0 0.0 3.0 58.0 78474871.0 2699105.0 0.0 60220000.0 471.0 2.0 1000.0 39266024.0
