time rna_M monomer_betaGal protein_betaGal Lactose_external Lactose_internal Glucose_external Glucose_internal protein_Lactose_Permease dna_Lac_Operon Biomass Lactose_consumed
0.0 0.0 0.0 0.0 120440000.0 0.0 60220000.0 0.0 0.0 2.0 1000.0 0.0
100.0 0.0 0.0 0.0 120440000.0 0.0 30123319.0 30096681.0 0.0 2.0 1000.0 0.0
200.0 0.0 0.0 0.0 120440000.0 0.0 72206.0 60147794.0 0.0 2.0 1000.0 0.0
300.0 0.0 0.0 0.0 120440000.0 0.0 0.0 60220000.0 0.0 2.0 1000.0 0.0
400.0 0.0 0.0 0.0 120440000.0 0.0 0.0 60220000.0 0.0 2.0 1000.0 0.0
500.0 0.0 0.0 0.0 120440000.0 0.0 0.0 60220000.0 0.0 2.0 1000.0 0.0
600.0 0.0 0.0 0.0 120440000.0 0.0 0.0 60220000.0 0.0 2.0 1000.0 0.0
700.0 0.0 0.0 0.0 120440000.0 0.0 0.0 60220000.0 0.0 2.0 1000.0 0.0
800.0 0.0 0.0 0.0 120440000.0 0.0 0.0 60220000.0 0.0 2.0 1000.0 0.0
900.0 0.0 0.0 0.0 120440000.0 0.0 0.0 60220000.0 0.0 2.0 1000.0 0.0
1000.0 0.0 0.0 0.0 120440000.0 0.0 0.0 60220000.0 0.0 2.0 1000.0 0.0
1100.0 0.0 0.0 0.0 120440000.0 0.0 0.0 60220000.0 0.0 2.0 1000.0 0.0
1200.0 0.0 0.0 0.0 120440000.0 0.0 0.0 60220000.0 0.0 2.0 1000.0 0.0
1300.0 0.0 0.0 0.0 120440000.0 0.0 0.0 60220000.0 0.0 2.0 1000.0 0.0
1400.0 0.0 0.0 0.0 120440000.0 0.0 0.0 60220000.0 0.0 2.0 1000.0 0.0
1500.0 0.0 0.0 0.0 120440000.0 0.0 0.0 60220000.0 0.0 2.0 1000.0 0.0
1600.0 0.0 0.0 0.0 120440000.0 0.0 0.0 60220000.0 0.0 2.0 1000.0 0.0
1700.0 0.0 0.0 0.0 120440000.0 0.0 0.0 60220000.0 0.0 2.0 1000.0 0.0
1800.0 0.0 0.0 0.0 120440000.0 0.0 0.0 60220000.0 0.0 2.0 1000.0 0.0
1900.0 0.0 0.0 0.0 120440000.0 0.0 0.0 60220000.0 0.0 2.0 1000.0 0.0
2000.0 0.0 0.0 0.0 120440000.0 0.0 0.0 60220000.0 0.0 2.0 1000.0 0.0
2100.0 0.0 0.0 0.0 120440000.0 0.0 0.0 60220000.0 0.0 2.0 1000.0 0.0
2200.0 0.0 0.0 0.0 120440000.0 0.0 0.0 60220000.0 0.0 2.0 1000.0 0.0
2300.0 0.0 0.0 0.0 120440000.0 0.0 0.0 60220000.0 0.0 2.0 1000.0 0.0
2400.0 0.0 0.0 0.0 120440000.0 0.0 0.0 60220000.0 0.0 2.0 1000.0 0.0
2500.0 0.0 0.0 0.0 120440000.0 0.0 0.0 60220000.0 0.0 2.0 1000.0 0.0
2600.0 0.0 0.0 0.0 120440000.0 0.0 0.0 60220000.0 0.0 2.0 1000.0 0.0
2700.0 0.0 0.0 0.0 120440000.0 0.0 0.0 60220000.0 0.0 2.0 1000.0 0.0
2800.0 0.0 0.0 0.0 120440000.0 0.0 0.0 60220000.0 0.0 2.0 1000.0 0.0
2900.0 0.0 0.0 0.0 120440000.0 0.0 0.0 60220000.0 0.0 2.0 1000.0 0.0
3000.0 0.0 0.0 0.0 120440000.0 0.0 0.0 60220000.0 0.0 2.0 1000.0 0.0
3100.0 0.0 0.0 0.0 120440000.0 0.0 0.0 60220000.0 0.0 2.0 1000.0 0.0
3200.0 0.0 0.0 0.0 120440000.0 0.0 0.0 60220000.0 0.0 2.0 1000.0 0.0
3300.0 0.0 0.0 0.0 120440000.0 0.0 0.0 60220000.0 0.0 2.0 1000.0 0.0
3400.0 0.0 0.0 0.0 120440000.0 0.0 0.0 60220000.0 0.0 2.0 1000.0 0.0
3500.0 0.0 0.0 0.0 120440000.0 0.0 0.0 60220000.0 0.0 2.0 1000.0 0.0
3600.0 0.0 0.0 0.0 120440000.0 0.0 0.0 60220000.0 0.0 2.0 1000.0 0.0
3700.0 0.0 0.0 0.0 120440000.0 0.0 0.0 60220000.0 0.0 2.0 1000.0 0.0
3800.0 0.0 0.0 0.0 120440000.0 0.0 0.0 60220000.0 0.0 2.0 1000.0 0.0
3900.0 0.0 0.0 0.0 120440000.0 0.0 0.0 60220000.0 0.0 2.0 1000.0 0.0
4000.0 0.0 0.0 0.0 120440000.0 0.0 0.0 60220000.0 0.0 2.0 1000.0 0.0
4100.0 0.0 0.0 0.0 120440000.0 0.0 0.0 60220000.0 0.0 2.0 1000.0 0.0
4200.0 0.0 0.0 0.0 120440000.0 0.0 0.0 60220000.0 0.0 2.0 1000.0 0.0
4300.0 0.0 0.0 0.0 120440000.0 0.0 0.0 60220000.0 0.0 2.0 1000.0 0.0
4400.0 0.0 0.0 0.0 120440000.0 0.0 0.0 60220000.0 0.0 2.0 1000.0 0.0
4500.0 0.0 0.0 0.0 120440000.0 0.0 0.0 60220000.0 0.0 2.0 1000.0 0.0
4600.0 0.0 0.0 0.0 120440000.0 0.0 0.0 60220000.0 0.0 2.0 1000.0 0.0
4700.0 0.0 0.0 0.0 120440000.0 0.0 0.0 60220000.0 0.0 2.0 1000.0 0.0
4800.0 0.0 0.0 0.0 120440000.0 0.0 0.0 60220000.0 0.0 2.0 1000.0 0.0
4900.0 0.0 0.0 0.0 120440000.0 0.0 0.0 60220000.0 0.0 2.0 1000.0 0.0
5000.0 0.0 0.0 0.0 120440000.0 0.0 0.0 60220000.0 0.0 2.0 1000.0 0.0
5100.0 0.0 0.0 0.0 120440000.0 0.0 0.0 60220000.0 0.0 2.0 1000.0 0.0
5200.0 0.0 0.0 0.0 120440000.0 0.0 0.0 60220000.0 0.0 2.0 1000.0 0.0
5300.0 0.0 0.0 0.0 120440000.0 0.0 0.0 60220000.0 0.0 2.0 1000.0 0.0
5400.0 0.0 0.0 0.0 120440000.0 0.0 0.0 60220000.0 0.0 2.0 1000.0 0.0
5500.0 0.0 0.0 0.0 120440000.0 0.0 0.0 60220000.0 0.0 2.0 1000.0 0.0
5600.0 0.0 0.0 0.0 120440000.0 0.0 0.0 60220000.0 0.0 2.0 1000.0 0.0
5700.0 0.0 0.0 0.0 120440000.0 0.0 0.0 60220000.0 0.0 2.0 1000.0 0.0
5800.0 0.0 0.0 0.0 120440000.0 0.0 0.0 60220000.0 0.0 2.0 1000.0 0.0
5900.0 0.0 0.0 0.0 120440000.0 0.0 0.0 60220000.0 0.0 2.0 1000.0 0.0
6000.0 0.0 0.0 0.0 120440000.0 0.0 0.0 60220000.0 0.0 2.0 1000.0 0.0
6100.0 0.0 0.0 0.0 120440000.0 0.0 0.0 60220000.0 0.0 2.0 1000.0 0.0
6200.0 0.0 0.0 0.0 120440000.0 0.0 0.0 60220000.0 0.0 2.0 1000.0 0.0
6300.0 0.0 0.0 0.0 120440000.0 0.0 0.0 60220000.0 0.0 2.0 1000.0 0.0
6400.0 0.0 0.0 0.0 120440000.0 0.0 0.0 60220000.0 0.0 2.0 1000.0 0.0
6500.0 0.0 0.0 0.0 120440000.0 0.0 0.0 60220000.0 0.0 2.0 1000.0 0.0
6600.0 0.0 0.0 0.0 120440000.0 0.0 0.0 60220000.0 0.0 2.0 1000.0 0.0
6700.0 1.0 3.0 0.0 120428171.0 11829.0 0.0 60220000.0 13.0 2.0 1000.0 0.0
6800.0 1.0 2.0 6.0 120320919.0 79886.0 0.0 60220000.0 46.0 2.0 1000.0 39195.0
6900.0 0.0 1.0 8.0 120105728.0 161622.0 0.0 60220000.0 64.0 2.0 1000.0 172650.0
7000.0 0.0 1.0 8.0 119879744.0 220755.0 0.0 60220000.0 63.0 2.0 1000.0 339501.0
7100.0 0.0 1.0 8.0 119655093.0 266546.0 0.0 60220000.0 63.0 2.0 1000.0 518361.0
7200.0 0.0 1.0 8.0 119430078.0 305778.0 0.0 60220000.0 63.0 2.0 1000.0 704144.0
7300.0 0.0 1.0 8.0 119207391.0 338296.0 0.0 60220000.0 62.0 2.0 1000.0 894313.0
7400.0 0.0 1.0 8.0 118986841.0 364932.0 0.0 60220000.0 61.0 2.0 1000.0 1088227.0
7500.0 0.0 1.0 8.0 118769942.0 386208.0 0.0 60220000.0 60.0 2.0 1000.0 1283850.0
7600.0 0.0 1.0 8.0 118556536.0 402467.0 0.0 60220000.0 60.0 2.0 1000.0 1480997.0
7700.0 0.0 1.0 8.0 118342732.0 417214.0 0.0 60220000.0 60.0 2.0 1000.0 1680054.0
7800.0 0.0 1.0 8.0 118129308.0 429988.0 0.0 60220000.0 60.0 2.0 1000.0 1880704.0
7900.0 0.0 1.0 8.0 117918439.0 439623.0 0.0 60220000.0 59.0 2.0 1000.0 2081938.0
8000.0 0.0 1.0 8.0 117709526.0 447171.0 0.0 60220000.0 58.0 2.0 1000.0 2283303.0
8100.0 0.0 1.0 8.0 117505883.0 448549.0 0.0 60220000.0 56.0 2.0 1000.0 2485568.0
8200.0 0.0 1.0 8.0 117310265.0 442362.0 0.0 60220000.0 54.0 2.0 1000.0 2687373.0
8300.0 0.0 1.0 7.0 117117110.0 436176.0 0.0 60220000.0 54.0 2.0 1000.0 2886714.0
8400.0 0.0 1.0 7.0 116928457.0 448223.0 0.0 60220000.0 52.0 2.0 1000.0 3063320.0
8500.0 0.0 1.0 7.0 116745603.0 453973.0 0.0 60220000.0 51.0 2.0 1000.0 3240424.0
8600.0 0.0 1.0 7.0 116564321.0 458352.0 0.0 60220000.0 50.0 2.0 1000.0 3417327.0
8700.0 0.0 1.0 7.0 116388975.0 456626.0 0.0 60220000.0 49.0 2.0 1000.0 3594399.0
8800.0 0.0 1.0 7.0 116213663.0 454639.0 0.0 60220000.0 49.0 2.0 1000.0 3771698.0
8900.0 0.0 1.0 7.0 116039118.0 452648.0 0.0 60220000.0 48.0 2.0 1000.0 3948234.0
9000.0 0.0 1.0 7.0 115868615.0 446476.0 0.0 60220000.0 48.0 2.0 1000.0 4124909.0
9100.0 0.0 1.0 7.0 115697911.0 441262.0 0.0 60220000.0 48.0 2.0 1000.0 4300827.0
9200.0 0.0 1.0 7.0 115526294.0 436186.0 0.0 60220000.0 48.0 2.0 1000.0 4477520.0
9300.0 0.0 1.0 7.0 115356399.0 430157.0 0.0 60220000.0 46.0 2.0 1000.0 4653444.0
9400.0 0.0 1.0 7.0 115193914.0 417585.0 0.0 60220000.0 45.0 2.0 1000.0 4828501.0
9500.0 0.0 1.0 7.0 115033612.0 403603.0 0.0 60220000.0 45.0 2.0 1000.0 5002785.0
9600.0 0.0 1.0 7.0 114878160.0 385978.0 0.0 60220000.0 42.0 2.0 1000.0 5175862.0
9700.0 0.0 1.0 6.0 114728257.0 370661.0 0.0 60220000.0 42.0 2.0 1000.0 5341082.0
9800.0 0.0 1.0 6.0 114578491.0 373390.0 0.0 60220000.0 42.0 2.0 1000.0 5488119.0
9900.0 0.0 1.0 6.0 114428712.0 375738.0 0.0 60220000.0 42.0 2.0 1000.0 5635550.0
10000.0 0.0 1.0 6.0 114279106.0 378618.0 0.0 60220000.0 42.0 2.0 1000.0 5782276.0
10100.0 0.0 1.0 6.0 114132016.0 378713.0 0.0 60220000.0 41.0 2.0 1000.0 5929271.0
10200.0 0.0 1.0 6.0 113987731.0 376113.0 0.0 60220000.0 40.0 2.0 1000.0 6076156.0
10300.0 0.0 1.0 6.0 113847001.0 370530.0 0.0 60220000.0 39.0 2.0 1000.0 6222469.0
10400.0 0.0 1.0 5.0 113709344.0 379874.0 0.0 60220000.0 37.0 2.0 1000.0 6350782.0
10500.0 0.0 1.0 4.0 113580101.0 394003.0 0.0 60220000.0 36.0 2.0 1000.0 6465896.0
10600.0 0.0 1.0 4.0 113451661.0 423096.0 0.0 60220000.0 36.0 2.0 1000.0 6565243.0
10700.0 0.0 1.0 4.0 113322903.0 451830.0 0.0 60220000.0 36.0 2.0 1000.0 6665267.0
10800.0 0.0 1.0 4.0 113198305.0 474988.0 0.0 60220000.0 35.0 2.0 1000.0 6766707.0
10900.0 0.0 1.0 4.0 113078560.0 492683.0 0.0 60220000.0 33.0 2.0 1000.0 6868757.0
11000.0 0.0 1.0 4.0 112961164.0 507466.0 0.0 60220000.0 32.0 2.0 1000.0 6971370.0
11100.0 0.0 1.0 4.0 112849977.0 515494.0 0.0 60220000.0 31.0 2.0 1000.0 7074529.0
11200.0 0.0 1.0 4.0 112739916.0 522128.0 0.0 60220000.0 31.0 2.0 1000.0 7177956.0
11300.0 0.0 1.0 4.0 112631640.0 526994.0 0.0 60220000.0 30.0 2.0 1000.0 7281366.0
11400.0 0.0 1.0 4.0 112527836.0 527210.0 0.0 60220000.0 29.0 2.0 1000.0 7384954.0
11500.0 0.0 1.0 3.0 112424255.0 527632.0 0.0 60220000.0 29.0 2.0 1000.0 7488113.0
11600.0 0.0 1.0 3.0 112321351.0 552563.0 0.0 60220000.0 29.0 2.0 1000.0 7566086.0
11700.0 0.0 1.0 3.0 112220589.0 575119.0 0.0 60220000.0 28.0 2.0 1000.0 7644292.0
11800.0 0.0 1.0 3.0 112120775.0 596413.0 0.0 60220000.0 28.0 2.0 1000.0 7722812.0
11900.0 0.0 1.0 3.0 112021390.0 616552.0 0.0 60220000.0 28.0 2.0 1000.0 7802058.0
12000.0 0.0 1.0 3.0 111921657.0 637237.0 0.0 60220000.0 28.0 2.0 1000.0 7881106.0
12100.0 0.0 1.0 3.0 111821715.0 657544.0 0.0 60220000.0 28.0 2.0 1000.0 7960741.0
12200.0 0.0 1.0 3.0 111725198.0 673738.0 0.0 60220000.0 27.0 2.0 1000.0 8041064.0
12300.0 0.0 1.0 3.0 111629889.0 688541.0 0.0 60220000.0 26.0 2.0 1000.0 8121570.0
12400.0 0.0 1.0 3.0 111538722.0 699624.0 0.0 60220000.0 25.0 2.0 1000.0 8201654.0
12500.0 0.0 1.0 3.0 111450420.0 707725.0 0.0 60220000.0 25.0 2.0 1000.0 8281855.0
12600.0 0.0 1.0 3.0 111362726.0 714654.0 0.0 60220000.0 24.0 2.0 1000.0 8362620.0
12700.0 0.0 1.0 3.0 111281164.0 715228.0 0.0 60220000.0 22.0 2.0 1000.0 8443608.0
12800.0 0.0 1.0 3.0 111203017.0 712738.0 0.0 60220000.0 22.0 2.0 1000.0 8524245.0
12900.0 0.0 1.0 3.0 111123877.0 711124.0 0.0 60220000.0 22.0 2.0 1000.0 8604999.0
13000.0 0.0 1.0 3.0 111045634.0 709285.0 0.0 60220000.0 22.0 2.0 1000.0 8685081.0
13100.0 0.0 1.0 3.0 110967176.0 706905.0 0.0 60220000.0 22.0 2.0 1000.0 8765919.0
13200.0 0.0 1.0 3.0 110890123.0 703793.0 0.0 60220000.0 21.0 2.0 1000.0 8846084.0
13300.0 0.0 1.0 2.0 110815886.0 706363.0 0.0 60220000.0 20.0 2.0 1000.0 8917751.0
13400.0 0.0 1.0 2.0 110744703.0 723910.0 0.0 60220000.0 20.0 2.0 1000.0 8971387.0
13500.0 0.0 1.0 2.0 110673941.0 740792.0 0.0 60220000.0 20.0 2.0 1000.0 9025267.0
13600.0 0.0 1.0 2.0 110602935.0 757796.0 0.0 60220000.0 20.0 2.0 1000.0 9079269.0
13700.0 0.0 1.0 2.0 110531526.0 775014.0 0.0 60220000.0 20.0 2.0 1000.0 9133460.0
13800.0 0.0 1.0 2.0 110462211.0 789928.0 0.0 60220000.0 19.0 2.0 1000.0 9187861.0
13900.0 0.0 1.0 2.0 110395067.0 802965.0 0.0 60220000.0 19.0 2.0 1000.0 9241968.0
14000.0 0.0 1.0 2.0 110327568.0 816374.0 0.0 60220000.0 19.0 2.0 1000.0 9296058.0
14100.0 0.0 1.0 2.0 110259699.0 829856.0 0.0 60220000.0 19.0 2.0 1000.0 9350445.0
14200.0 0.0 1.0 2.0 110192151.0 843276.0 0.0 60220000.0 19.0 2.0 1000.0 9404573.0
14300.0 0.0 1.0 2.0 110124409.0 855995.0 0.0 60220000.0 19.0 2.0 1000.0 9459596.0
14400.0 0.0 1.0 2.0 110056552.0 869406.0 0.0 60220000.0 19.0 2.0 1000.0 9514042.0
14500.0 0.0 1.0 2.0 109988293.0 883097.0 0.0 60220000.0 19.0 2.0 1000.0 9568610.0
14600.0 0.0 1.0 2.0 109920781.0 895825.0 0.0 60220000.0 19.0 2.0 1000.0 9623394.0
14700.0 0.0 1.0 2.0 109852863.0 908761.0 0.0 60220000.0 19.0 2.0 1000.0 9678376.0
14800.0 0.0 1.0 2.0 109787547.0 919234.0 0.0 60220000.0 18.0 2.0 1000.0 9733219.0
14900.0 0.0 1.0 2.0 109723117.0 928639.0 0.0 60220000.0 18.0 2.0 1000.0 9788244.0
15000.0 0.0 1.0 2.0 109661238.0 935522.0 0.0 60220000.0 16.0 2.0 1000.0 9843240.0
15100.0 0.0 1.0 2.0 109604571.0 936437.0 0.0 60220000.0 16.0 2.0 1000.0 9898992.0
15200.0 0.0 0.0 3.0 109539332.0 936948.0 0.0 60220000.0 21.0 2.0 1000.0 9963720.0
15300.0 0.0 0.0 3.0 109464650.0 929308.0 0.0 60220000.0 21.0 2.0 1000.0 10046042.0
15400.0 0.0 0.0 3.0 109390033.0 921509.0 0.0 60220000.0 21.0 2.0 1000.0 10128458.0
15500.0 0.0 0.0 3.0 109315270.0 914144.0 0.0 60220000.0 21.0 2.0 1000.0 10210586.0
15600.0 0.0 0.0 3.0 109239880.0 907267.0 0.0 60220000.0 21.0 2.0 1000.0 10292853.0
15700.0 0.0 0.0 3.0 109165338.0 899494.0 0.0 60220000.0 21.0 2.0 1000.0 10375168.0
15800.0 0.0 0.0 3.0 109093790.0 888975.0 0.0 60220000.0 20.0 2.0 1000.0 10457235.0
15900.0 0.0 0.0 3.0 109022410.0 877912.0 0.0 60220000.0 20.0 2.0 1000.0 10539678.0
16000.0 0.0 0.0 3.0 108952033.0 866732.0 0.0 60220000.0 19.0 2.0 1000.0 10621235.0
16100.0 0.0 0.0 3.0 108884683.0 852494.0 0.0 60220000.0 19.0 2.0 1000.0 10702823.0
16200.0 0.0 0.0 3.0 108818065.0 837701.0 0.0 60220000.0 18.0 2.0 1000.0 10784234.0
16300.0 0.0 0.0 3.0 108753411.0 820597.0 0.0 60220000.0 18.0 2.0 1000.0 10865992.0
16400.0 0.0 0.0 3.0 108689131.0 803547.0 0.0 60220000.0 18.0 2.0 1000.0 10947322.0
16500.0 1.0 0.0 8.0 108565254.0 787865.0 0.0 60220000.0 52.0 2.0 1000.0 11086881.0
16600.0 1.0 3.0 12.0 108334162.0 743012.0 0.0 60220000.0 80.0 2.0 1000.0 11362826.0
16700.0 0.0 0.0 16.0 107988135.0 716930.0 0.0 60220000.0 110.0 2.0 1000.0 11734935.0
16800.0 0.0 0.0 15.0 107598431.0 681211.0 0.0 60220000.0 108.0 2.0 1000.0 12160358.0
16900.0 0.0 0.0 14.0 107216530.0 677417.0 0.0 60220000.0 106.0 2.0 1000.0 12546053.0
17000.0 0.0 2.0 14.0 106822166.0 697339.0 0.0 60220000.0 113.0 2.0 1000.0 12920495.0
17100.0 0.0 2.0 13.0 106420492.0 731530.0 0.0 60220000.0 112.0 2.0 1000.0 13287978.0
17200.0 0.0 2.0 13.0 106022886.0 778386.0 0.0 60220000.0 111.0 2.0 1000.0 13638728.0
17300.0 0.0 2.0 13.0 105635685.0 814073.0 0.0 60220000.0 107.0 2.0 1000.0 13990242.0
17400.0 0.0 2.0 12.0 105258179.0 864746.0 0.0 60220000.0 105.0 2.0 1000.0 14317075.0
17500.0 0.0 2.0 11.0 104890061.0 920065.0 0.0 60220000.0 103.0 2.0 1000.0 14629874.0
17600.0 0.0 0.0 12.0 104510045.0 977616.0 0.0 60220000.0 112.0 2.0 1000.0 14952339.0
17700.0 0.0 0.0 12.0 104120719.0 1034085.0 0.0 60220000.0 109.0 2.0 1000.0 15285196.0
17800.0 0.0 0.0 11.0 103731578.0 1104249.0 0.0 60220000.0 109.0 2.0 1000.0 15604173.0
17900.0 0.0 0.0 11.0 103343454.0 1185277.0 0.0 60220000.0 109.0 2.0 1000.0 15911269.0
18000.0 0.0 0.0 11.0 102962090.0 1257361.0 0.0 60220000.0 105.0 2.0 1000.0 16220549.0
18100.0 0.0 3.0 12.0 102577462.0 1326315.0 0.0 60220000.0 112.0 2.0 1000.0 16536223.0
18200.0 1.0 1.0 14.0 102157026.0 1383107.0 0.0 60220000.0 136.0 2.0 1000.0 16899867.0
18300.0 0.0 1.0 18.0 101626593.0 1450995.0 0.0 60220000.0 157.0 2.0 1000.0 17362412.0
18400.0 0.0 1.0 18.0 101075039.0 1491431.0 0.0 60220000.0 154.0 2.0 1000.0 17873530.0
18500.0 0.0 2.0 20.0 100500084.0 1519728.0 0.0 60220000.0 170.0 2.0 1000.0 18420188.0
18600.0 0.0 2.0 19.0 99896458.0 1564810.0 0.0 60220000.0 169.0 2.0 1000.0 18978732.0
18700.0 0.0 2.0 17.0 99304291.0 1660749.0 0.0 60220000.0 164.0 2.0 1000.0 19474960.0
18800.0 0.0 2.0 16.0 98723715.0 1784632.0 0.0 60220000.0 161.0 2.0 1000.0 19931653.0
18900.0 0.0 2.0 16.0 98155348.0 1894583.0 0.0 60220000.0 159.0 2.0 1000.0 20390069.0
19000.0 1.0 1.0 18.0 97586620.0 1986562.0 0.0 60220000.0 169.0 2.0 1000.0 20866818.0
19100.0 1.0 0.0 21.0 96914761.0 2107128.0 0.0 60220000.0 207.0 2.0 1000.0 21418111.0
19200.0 2.0 3.0 27.0 96104317.0 2250611.0 0.0 60220000.0 259.0 2.0 1000.0 22085072.0
19300.0 0.0 3.0 29.0 95131475.0 2418174.0 0.0 60220000.0 290.0 2.0 1000.0 22890351.0
19400.0 1.0 1.0 31.0 94102957.0 2592350.0 0.0 60220000.0 296.0 2.0 1000.0 23744693.0
19500.0 1.0 1.0 32.0 93058735.0 2727887.0 0.0 60220000.0 295.0 2.0 1000.0 24653378.0
19600.0 2.0 0.0 37.0 91986647.0 2805725.0 0.0 60220000.0 311.0 2.0 1000.0 25647628.0
19700.0 2.0 3.0 43.0 90776766.0 2847448.0 0.0 60220000.0 361.0 2.0 1000.0 26815786.0
19800.0 3.0 0.0 55.0 89355959.0 2854308.0 0.0 60220000.0 451.0 2.0 1000.0 28229733.0
19900.0 0.0 0.0 55.0 87734872.0 2851028.0 0.0 60220000.0 453.0 2.0 1000.0 29854100.0
