time rna_M monomer_betaGal protein_betaGal Lactose_external Lactose_internal Glucose_external Glucose_internal protein_Lactose_Permease dna_Lac_Operon Biomass Lactose_consumed
0.0 0.0 0.0 0.0 120440000.0 0.0 60220000.0 0.0 0.0 2.0 1000.0 0.0
100.0 0.0 0.0 0.0 120440000.0 0.0 30120133.0 30099867.0 0.0 2.0 1000.0 0.0
200.0 0.0 0.0 0.0 120440000.0 0.0 64138.0 60155862.0 0.0 2.0 1000.0 0.0
300.0 0.0 0.0 0.0 120440000.0 0.0 0.0 60220000.0 0.0 2.0 1000.0 0.0
400.0 0.0 0.0 0.0 120440000.0 0.0 0.0 60220000.0 0.0 2.0 1000.0 0.0
500.0 0.0 0.0 0.0 120440000.0 0.0 0.0 60220000.0 0.0 2.0 1000.0 0.0
600.0 0.0 0.0 0.0 120440000.0 0.0 0.0 60220000.0 0.0 2.0 1000.0 0.0
700.0 0.0 0.0 0.0 120440000.0 0.0 0.0 60220000.0 0.0 2.0 1000.0 0.0
800.0 0.0 0.0 0.0 120440000.0 0.0 0.0 60220000.0 0.0 2.0 1000.0 0.0
900.0 0.0 0.0 0.0 120440000.0 0.0 0.0 60220000.0 0.0 2.0 1000.0 0.0
1000.0 0.0 0.0 0.0 120440000.0 0.0 0.0 60220000.0 0.0 2.0 1000.0 0.0
1100.0 0.0 0.0 0.0 120440000.0 0.0 0.0 60220000.0 0.0 2.0 1000.0 0.0
1200.0 0.0 0.0 0.0 120440000.0 0.0 0.0 60220000.0 0.0 2.0 1000.0 0.0
1300.0 0.0 0.0 0.0 120440000.0 0.0 0.0 60220000.0 0.0 2.0 1000.0 0.0
1400.0 0.0 0.0 0.0 120440000.0 0.0 0.0 60220000.0 0.0 2.0 1000.0 0.0
1500.0 0.0 0.0 0.0 120440000.0 0.0 0.0 60220000.0 0.0 2.0 1000.0 0.0
1600.0 0.0 0.0 0.0 120440000.0 0.0 0.0 60220000.0 0.0 2.0 1000.0 0.0
1700.0 0.0 0.0 0.0 120440000.0 0.0 0.0 60220000.0 0.0 2.0 1000.0 0.0
1800.0 0.0 0.0 0.0 120440000.0 0.0 0.0 60220000.0 0.0 2.0 1000.0 0.0
1900.0 0.0 0.0 0.0 120440000.0 0.0 0.0 60220000.0 0.0 2.0 1000.0 0.0
2000.0 0.0 0.0 0.0 120440000.0 0.0 0.0 60220000.0 0.0 2.0 1000.0 0.0
2100.0 0.0 0.0 0.0 120440000.0 0.0 0.0 60220000.0 0.0 2.0 1000.0 0.0
2200.0 0.0 0.0 0.0 120440000.0 0.0 0.0 60220000.0 0.0 2.0 1000.0 0.0
2300.0 0.0 0.0 0.0 120440000.0 0.0 0.0 60220000.0 0.0 2.0 1000.0 0.0
2400.0 0.0 0.0 0.0 120440000.0 0.0 0.0 60220000.0 0.0 2.0 1000.0 0.0
2500.0 0.0 0.0 0.0 120440000.0 0.0 0.0 60220000.0 0.0 2.0 1000.0 0.0
2600.0 0.0 0.0 0.0 120440000.0 0.0 0.0 60220000.0 0.0 2.0 1000.0 0.0
2700.0 0.0 0.0 0.0 120440000.0 0.0 0.0 60220000.0 0.0 2.0 1000.0 0.0
2800.0 0.0 0.0 0.0 120440000.0 0.0 0.0 60220000.0 0.0 2.0 1000.0 0.0
2900.0 0.0 0.0 0.0 120440000.0 0.0 0.0 60220000.0 0.0 2.0 1000.0 0.0
3000.0 0.0 0.0 0.0 120440000.0 0.0 0.0 60220000.0 0.0 2.0 1000.0 0.0
3100.0 0.0 0.0 0.0 120440000.0 0.0 0.0 60220000.0 0.0 2.0 1000.0 0.0
3200.0 0.0 0.0 0.0 120440000.0 0.0 0.0 60220000.0 0.0 2.0 1000.0 0.0
3300.0 0.0 0.0 0.0 120440000.0 0.0 0.0 60220000.0 0.0 2.0 1000.0 0.0
3400.0 0.0 0.0 0.0 120440000.0 0.0 0.0 60220000.0 0.0 2.0 1000.0 0.0
3500.0 0.0 0.0 0.0 120440000.0 0.0 0.0 60220000.0 0.0 2.0 1000.0 0.0
3600.0 1.0 3.0 1.0 120426489.0 12963.0 0.0 60220000.0 15.0 2.0 1000.0 548.0
3700.0 0.0 0.0 6.0 120323704.0 74797.0 0.0 60220000.0 38.0 2.0 1000.0 41499.0
3800.0 0.0 0.0 6.0 120187701.0 115298.0 0.0 60220000.0 38.0 2.0 1000.0 137001.0
3900.0 0.0 0.0 5.0 120052296.0 154055.0 0.0 60220000.0 36.0 2.0 1000.0 233649.0
4000.0 1.0 1.0 7.0 119901408.0 199019.0 0.0 60220000.0 60.0 2.0 1000.0 339573.0
4100.0 1.0 2.0 9.0 119624947.0 298908.0 0.0 60220000.0 91.0 2.0 1000.0 516145.0
4200.0 0.0 2.0 12.0 119240457.0 410491.0 0.0 60220000.0 113.0 2.0 1000.0 789052.0
4300.0 0.0 2.0 12.0 118837560.0 509022.0 0.0 60220000.0 113.0 2.0 1000.0 1093418.0
4400.0 0.0 2.0 12.0 118435506.0 598923.0 0.0 60220000.0 112.0 2.0 1000.0 1405571.0
4500.0 0.0 2.0 12.0 118041114.0 675676.0 0.0 60220000.0 110.0 2.0 1000.0 1723210.0
4600.0 0.0 2.0 12.0 117649819.0 744774.0 0.0 60220000.0 109.0 2.0 1000.0 2045407.0
4700.0 0.0 2.0 12.0 117265365.0 803512.0 0.0 60220000.0 106.0 2.0 1000.0 2371123.0
4800.0 0.0 2.0 12.0 116889951.0 852236.0 0.0 60220000.0 105.0 2.0 1000.0 2697813.0
4900.0 0.0 2.0 12.0 116516044.0 898079.0 0.0 60220000.0 105.0 2.0 1000.0 3025877.0
5000.0 0.0 2.0 12.0 116142269.0 942461.0 0.0 60220000.0 104.0 2.0 1000.0 3355270.0
5100.0 0.0 2.0 12.0 115772770.0 980712.0 0.0 60220000.0 103.0 2.0 1000.0 3686518.0
5200.0 0.0 2.0 12.0 115407627.0 1013661.0 0.0 60220000.0 101.0 2.0 1000.0 4018712.0
5300.0 0.0 2.0 12.0 115050828.0 1036630.0 0.0 60220000.0 100.0 2.0 1000.0 4352542.0
5400.0 0.0 2.0 12.0 114698866.0 1055235.0 0.0 60220000.0 98.0 2.0 1000.0 4685899.0
5500.0 0.0 2.0 12.0 114353924.0 1065997.0 0.0 60220000.0 95.0 2.0 1000.0 5020079.0
5600.0 0.0 2.0 12.0 114015335.0 1071453.0 0.0 60220000.0 95.0 2.0 1000.0 5353212.0
5700.0 1.0 2.0 14.0 113681099.0 1064723.0 0.0 60220000.0 100.0 2.0 1000.0 5694178.0
5800.0 0.0 3.0 15.0 113279315.0 1052922.0 0.0 60220000.0 114.0 2.0 1000.0 6107763.0
5900.0 0.0 3.0 14.0 112873332.0 1059424.0 0.0 60220000.0 114.0 2.0 1000.0 6507244.0
6000.0 0.0 3.0 14.0 112471201.0 1071903.0 0.0 60220000.0 112.0 2.0 1000.0 6896896.0
6100.0 0.0 3.0 13.0 112072757.0 1094418.0 0.0 60220000.0 112.0 2.0 1000.0 7272825.0
6200.0 0.0 3.0 13.0 111680658.0 1124316.0 0.0 60220000.0 110.0 2.0 1000.0 7635026.0
6300.0 0.0 3.0 12.0 111291591.0 1175740.0 0.0 60220000.0 109.0 2.0 1000.0 7972669.0
6400.0 0.0 3.0 12.0 110908954.0 1221406.0 0.0 60220000.0 107.0 2.0 1000.0 8309640.0
6500.0 0.0 3.0 12.0 110528345.0 1264426.0 0.0 60220000.0 107.0 2.0 1000.0 8647229.0
6600.0 0.0 3.0 12.0 110151059.0 1303974.0 0.0 60220000.0 106.0 2.0 1000.0 8984967.0
6700.0 0.0 3.0 12.0 109779518.0 1338166.0 0.0 60220000.0 104.0 2.0 1000.0 9322316.0
6800.0 1.0 3.0 12.0 109412218.0 1366417.0 0.0 60220000.0 108.0 2.0 1000.0 9661365.0
6900.0 1.0 3.0 13.0 108950368.0 1455575.0 0.0 60220000.0 149.0 2.0 1000.0 10034057.0
7000.0 1.0 2.0 18.0 108372854.0 1591945.0 0.0 60220000.0 173.0 2.0 1000.0 10475201.0
7100.0 1.0 3.0 24.0 107672707.0 1665821.0 0.0 60220000.0 226.0 2.0 1000.0 11101472.0
7200.0 0.0 1.0 26.0 106838866.0 1772912.0 0.0 60220000.0 236.0 2.0 1000.0 11828222.0
7300.0 0.0 1.0 25.0 106011781.0 1859259.0 0.0 60220000.0 231.0 2.0 1000.0 12568960.0
7400.0 0.0 1.0 24.0 105197007.0 1969043.0 0.0 60220000.0 228.0 2.0 1000.0 13273950.0
7500.0 0.0 1.0 24.0 104392290.0 2083473.0 0.0 60220000.0 225.0 2.0 1000.0 13964237.0
7600.0 2.0 0.0 25.0 103595784.0 2187082.0 0.0 60220000.0 230.0 2.0 1000.0 14657134.0
7700.0 1.0 3.0 30.0 102685152.0 2279007.0 0.0 60220000.0 278.0 2.0 1000.0 15475841.0
7800.0 1.0 1.0 36.0 101667579.0 2336441.0 0.0 60220000.0 300.0 2.0 1000.0 16435980.0
7900.0 1.0 1.0 40.0 100570338.0 2343459.0 0.0 60220000.0 320.0 2.0 1000.0 17526203.0
8000.0 2.0 2.0 46.0 99382132.0 2320436.0 0.0 60220000.0 361.0 2.0 1000.0 18737432.0
8100.0 1.0 3.0 51.0 98003412.0 2258661.0 0.0 60220000.0 406.0 2.0 1000.0 20177927.0
8200.0 0.0 0.0 53.0 96534306.0 2209361.0 0.0 60220000.0 418.0 2.0 1000.0 21696333.0
8300.0 0.0 0.0 52.0 95058434.0 2159719.0 0.0 60220000.0 410.0 2.0 1000.0 23221847.0
8400.0 0.0 0.0 51.0 93616732.0 2126530.0 0.0 60220000.0 404.0 2.0 1000.0 24696738.0
8500.0 0.0 0.0 51.0 92188332.0 2085093.0 0.0 60220000.0 401.0 2.0 1000.0 26166575.0
8600.0 0.0 0.0 50.0 90773839.0 2056374.0 0.0 60220000.0 391.0 2.0 1000.0 27609787.0
8700.0 0.0 0.0 50.0 89406392.0 1983978.0 0.0 60220000.0 383.0 2.0 1000.0 29049630.0
8800.0 1.0 1.0 49.0 88057194.0 1913435.0 0.0 60220000.0 380.0 2.0 1000.0 30469371.0
8900.0 0.0 0.0 49.0 86709071.0 1836778.0 0.0 60220000.0 376.0 2.0 1000.0 31894151.0
9000.0 0.0 0.0 49.0 85387653.0 1752940.0 0.0 60220000.0 369.0 2.0 1000.0 33299407.0
9100.0 0.0 0.0 48.0 84083179.0 1661151.0 0.0 60220000.0 365.0 2.0 1000.0 34695670.0
9200.0 0.0 0.0 46.0 82799313.0 1601305.0 0.0 60220000.0 357.0 2.0 1000.0 36039382.0
9300.0 0.0 0.0 46.0 81539688.0 1549446.0 0.0 60220000.0 352.0 2.0 1000.0 37350866.0
9400.0 0.0 0.0 46.0 80304069.0 1479897.0 0.0 60220000.0 345.0 2.0 1000.0 38656034.0
9500.0 0.0 0.0 44.0 79094433.0 1400819.0 0.0 60220000.0 336.0 2.0 1000.0 39944748.0
9600.0 0.0 0.0 44.0 77914173.0 1336985.0 0.0 60220000.0 330.0 2.0 1000.0 41188842.0
9700.0 0.0 0.0 44.0 76750275.0 1262927.0 0.0 60220000.0 324.0 2.0 1000.0 42426798.0
9800.0 0.0 0.0 43.0 75608994.0 1175791.0 0.0 60220000.0 318.0 2.0 1000.0 43655215.0
9900.0 0.0 0.0 43.0 74490780.0 1094266.0 0.0 60220000.0 311.0 2.0 1000.0 44854954.0
10000.0 0.0 0.0 41.0 73395533.0 1006799.0 0.0 60220000.0 304.0 2.0 1000.0 46037668.0
10100.0 0.0 0.0 40.0 72316056.0 966366.0 0.0 60220000.0 303.0 2.0 1000.0 47157578.0
10200.0 0.0 0.0 40.0 71260471.0 919952.0 0.0 60220000.0 295.0 2.0 1000.0 48259577.0
10300.0 0.0 0.0 39.0 70219596.0 884543.0 0.0 60220000.0 290.0 2.0 1000.0 49335861.0
10400.0 0.0 0.0 38.0 69193607.0 850853.0 0.0 60220000.0 285.0 2.0 1000.0 50395540.0
10500.0 0.0 0.0 38.0 68178676.0 829194.0 0.0 60220000.0 283.0 2.0 1000.0 51432130.0
10600.0 0.0 0.0 38.0 67177677.0 797191.0 0.0 60220000.0 280.0 2.0 1000.0 52465132.0
10700.0 0.0 0.0 38.0 66191777.0 755246.0 0.0 60220000.0 272.0 2.0 1000.0 53492977.0
10800.0 0.0 0.0 35.0 65230681.0 738785.0 0.0 60220000.0 268.0 2.0 1000.0 54470534.0
10900.0 0.0 0.0 34.0 64281066.0 746407.0 0.0 60220000.0 265.0 2.0 1000.0 55412527.0
11000.0 0.0 0.0 34.0 63343169.0 767375.0 0.0 60220000.0 260.0 2.0 1000.0 56329456.0
11100.0 0.0 0.0 34.0 62428755.0 763023.0 0.0 60220000.0 254.0 2.0 1000.0 57248222.0
11200.0 0.0 0.0 32.0 61527899.0 768816.0 0.0 60220000.0 252.0 2.0 1000.0 58143285.0
11300.0 0.0 0.0 31.0 60641304.0 800645.0 0.0 60220000.0 248.0 2.0 1000.0 58998051.0
11400.0 0.0 0.0 29.0 59763423.0 862965.0 0.0 60220000.0 246.0 2.0 1000.0 59813612.0
11500.0 0.0 0.0 29.0 58894392.0 936184.0 0.0 60220000.0 243.0 2.0 1000.0 60609424.0
11600.0 0.0 0.0 27.0 58034435.0 1031059.0 0.0 60220000.0 238.0 2.0 1000.0 61374506.0
11700.0 0.0 0.0 27.0 57189655.0 1124741.0 0.0 60220000.0 237.0 2.0 1000.0 62125604.0
11800.0 0.0 0.0 26.0 56351194.0 1222140.0 0.0 60220000.0 235.0 2.0 1000.0 62866666.0
11900.0 0.0 0.0 25.0 55522302.0 1327169.0 0.0 60220000.0 231.0 2.0 1000.0 63590529.0
12000.0 0.0 0.0 24.0 54715997.0 1439885.0 0.0 60220000.0 223.0 2.0 1000.0 64284118.0
12100.0 0.0 0.0 23.0 53926424.0 1570590.0 0.0 60220000.0 220.0 2.0 1000.0 64942986.0
12200.0 0.0 0.0 23.0 53149262.0 1691203.0 0.0 60220000.0 217.0 2.0 1000.0 65599535.0
12300.0 0.0 0.0 23.0 52387471.0 1794265.0 0.0 60220000.0 212.0 2.0 1000.0 66258264.0
12400.0 0.0 0.0 23.0 51643941.0 1878811.0 0.0 60220000.0 209.0 2.0 1000.0 66917248.0
12500.0 0.0 0.0 23.0 50904674.0 1956828.0 0.0 60220000.0 207.0 2.0 1000.0 67578498.0
12600.0 0.0 0.0 23.0 50177202.0 2022001.0 0.0 60220000.0 201.0 2.0 1000.0 68240797.0
12700.0 0.0 0.0 23.0 49468269.0 2068264.0 0.0 60220000.0 199.0 2.0 1000.0 68903467.0
12800.0 0.0 0.0 22.0 48770108.0 2121848.0 0.0 60220000.0 195.0 2.0 1000.0 69548044.0
12900.0 0.0 0.0 22.0 48078803.0 2176703.0 0.0 60220000.0 195.0 2.0 1000.0 70184494.0
13000.0 1.0 2.0 22.0 47387352.0 2247633.0 0.0 60220000.0 198.0 2.0 1000.0 70805015.0
13100.0 1.0 2.0 30.0 46593409.0 2288245.0 0.0 60220000.0 243.0 2.0 1000.0 71558346.0
13200.0 0.0 2.0 30.0 45703783.0 2301449.0 0.0 60220000.0 251.0 2.0 1000.0 72434768.0
13300.0 2.0 2.0 30.0 44813451.0 2346341.0 0.0 60220000.0 264.0 2.0 1000.0 73280208.0
13400.0 2.0 0.0 37.0 43746706.0 2432182.0 0.0 60220000.0 339.0 2.0 1000.0 74261112.0
13500.0 2.0 3.0 41.0 42449832.0 2600223.0 0.0 60220000.0 398.0 2.0 1000.0 75389945.0
13600.0 2.0 3.0 49.0 40926463.0 2826464.0 0.0 60220000.0 460.0 2.0 1000.0 76687073.0
13700.0 0.0 3.0 48.0 39243723.0 3065654.0 0.0 60220000.0 480.0 2.0 1000.0 78130623.0
13800.0 0.0 1.0 50.0 37568349.0 3306980.0 0.0 60220000.0 472.0 2.0 1000.0 79564671.0
13900.0 0.0 1.0 50.0 35909121.0 3501271.0 0.0 60220000.0 465.0 2.0 1000.0 81029608.0
14000.0 0.0 1.0 49.0 34271041.0 3689776.0 0.0 60220000.0 462.0 2.0 1000.0 82479183.0
14100.0 0.0 1.0 48.0 32655049.0 3893099.0 0.0 60220000.0 456.0 2.0 1000.0 83891852.0
14200.0 0.0 1.0 48.0 31058343.0 4080346.0 0.0 60220000.0 450.0 2.0 1000.0 85301311.0
14300.0 0.0 1.0 46.0 29484140.0 4266978.0 0.0 60220000.0 442.0 2.0 1000.0 86688882.0
14400.0 0.0 3.0 45.0 27925365.0 4498651.0 0.0 60220000.0 441.0 2.0 1000.0 88015984.0
14500.0 0.0 3.0 44.0 26386475.0 4729168.0 0.0 60220000.0 434.0 2.0 1000.0 89324357.0
14600.0 1.0 1.0 46.0 24874016.0 4934492.0 0.0 60220000.0 427.0 2.0 1000.0 90631492.0
14700.0 0.0 0.0 51.0 23294916.0 5032982.0 0.0 60220000.0 455.0 2.0 1000.0 92112102.0
14800.0 0.0 0.0 48.0 21708664.0 5174924.0 0.0 60220000.0 448.0 2.0 1000.0 93556412.0
14900.0 1.0 1.0 48.0 20142176.0 5323277.0 0.0 60220000.0 444.0 2.0 1000.0 94974547.0
15000.0 0.0 2.0 49.0 18581871.0 5439974.0 0.0 60220000.0 442.0 2.0 1000.0 96418155.0
15100.0 1.0 2.0 51.0 17037011.0 5517405.0 0.0 60220000.0 448.0 2.0 1000.0 97885584.0
15200.0 0.0 3.0 54.0 15406711.0 5571297.0 0.0 60220000.0 473.0 2.0 1000.0 99461992.0
15300.0 0.0 3.0 53.0 13781410.0 5611241.0 0.0 60220000.0 458.0 2.0 1000.0 101047349.0
15400.0 0.0 3.0 53.0 12195564.0 5631068.0 0.0 60220000.0 452.0 2.0 1000.0 102613368.0
15500.0 1.0 2.0 52.0 10635405.0 5649148.0 0.0 60220000.0 450.0 2.0 1000.0 104155447.0
15600.0 1.0 3.0 55.0 9034821.0 5651549.0 0.0 60220000.0 470.0 2.0 1000.0 105753630.0
15700.0 1.0 2.0 55.0 7402975.0 5650798.0 0.0 60220000.0 468.0 2.0 1000.0 107386227.0
15800.0 0.0 0.0 57.0 5778204.0 5596778.0 0.0 60220000.0 467.0 2.0 1000.0 109065018.0
15900.0 1.0 2.0 59.0 4166002.0 5508644.0 0.0 60220000.0 483.0 2.0 1000.0 110765354.0
16000.0 2.0 0.0 66.0 2480473.0 5391194.0 0.0 60220000.0 520.0 2.0 1000.0 112568333.0
16100.0 3.0 1.0 77.0 763172.0 5018819.0 0.0 60220000.0 567.0 2.0 1000.0 114658009.0
16200.0 3.0 1.0 88.0 1555.0 3347450.0 0.0 60220000.0 633.0 2.0 1000.0 117090995.0
16300.0 1.0 0.0 96.0 448.0 702007.0 0.0 60220000.0 701.0 2.0 1000.0 119737545.0
16400.0 1.0 1.0 97.0 0.0 0.0 0.0 60220000.0 719.0 2.0 1000.0 120440000.0
16500.0 0.0 2.0 96.0 0.0 0.0 0.0 60220000.0 711.0 2.0 1000.0 120440000.0
16600.0 0.0 2.0 95.0 0.0 0.0 0.0 60220000.0 695.0 2.0 1000.0 120440000.0
16700.0 0.0 2.0 94.0 0.0 0.0 0.0 60220000.0 683.0 2.0 1000.0 120440000.0
16800.0 0.0 2.0 91.0 0.0 0.0 0.0 60220000.0 668.0 2.0 1000.0 120440000.0
16900.0 0.0 2.0 89.0 0.0 0.0 0.0 60220000.0 660.0 2.0 1000.0 120440000.0
17000.0 0.0 2.0 89.0 0.0 0.0 0.0 60220000.0 652.0 2.0 1000.0 120440000.0
17100.0 0.0 2.0 88.0 0.0 0.0 0.0 60220000.0 644.0 2.0 1000.0 120440000.0
17200.0 0.0 2.0 87.0 0.0 0.0 0.0 60220000.0 631.0 2.0 1000.0 120440000.0
17300.0 0.0 2.0 87.0 0.0 0.0 0.0 60220000.0 625.0 2.0 1000.0 120440000.0
17400.0 0.0 2.0 86.0 0.0 0.0 0.0 60220000.0 608.0 2.0 1000.0 120440000.0
17500.0 0.0 2.0 86.0 0.0 0.0 0.0 60220000.0 601.0 2.0 1000.0 120440000.0
17600.0 0.0 2.0 86.0 0.0 0.0 0.0 60220000.0 588.0 2.0 1000.0 120440000.0
17700.0 0.0 2.0 85.0 0.0 0.0 0.0 60220000.0 581.0 2.0 1000.0 120440000.0
17800.0 0.0 2.0 84.0 0.0 0.0 0.0 60220000.0 574.0 2.0 1000.0 120440000.0
17900.0 0.0 2.0 81.0 0.0 0.0 0.0 60220000.0 564.0 2.0 1000.0 120440000.0
18000.0 0.0 2.0 79.0 0.0 0.0 0.0 60220000.0 559.0 2.0 1000.0 120440000.0
18100.0 0.0 2.0 78.0 0.0 0.0 0.0 60220000.0 554.0 2.0 1000.0 120440000.0
18200.0 0.0 2.0 76.0 0.0 0.0 0.0 60220000.0 542.0 2.0 1000.0 120440000.0
18300.0 0.0 2.0 76.0 0.0 0.0 0.0 60220000.0 537.0 2.0 1000.0 120440000.0
18400.0 0.0 2.0 76.0 0.0 0.0 0.0 60220000.0 533.0 2.0 1000.0 120440000.0
18500.0 0.0 2.0 76.0 0.0 0.0 0.0 60220000.0 525.0 2.0 1000.0 120440000.0
18600.0 0.0 2.0 76.0 0.0 0.0 0.0 60220000.0 517.0 2.0 1000.0 120440000.0
18700.0 0.0 2.0 76.0 0.0 0.0 0.0 60220000.0 504.0 2.0 1000.0 120440000.0
18800.0 0.0 2.0 74.0 0.0 0.0 0.0 60220000.0 493.0 2.0 1000.0 120440000.0
18900.0 0.0 2.0 72.0 0.0 0.0 0.0 60220000.0 486.0 2.0 1000.0 120440000.0
19000.0 0.0 2.0 71.0 0.0 0.0 0.0 60220000.0 480.0 2.0 1000.0 120440000.0
19100.0 0.0 2.0 70.0 0.0 0.0 0.0 60220000.0 471.0 2.0 1000.0 120440000.0
19200.0 0.0 2.0 69.0 0.0 0.0 0.0 60220000.0 462.0 2.0 1000.0 120440000.0
19300.0 0.0 2.0 67.0 0.0 0.0 0.0 60220000.0 453.0 2.0 1000.0 120440000.0
19400.0 0.0 2.0 66.0 0.0 0.0 0.0 60220000.0 443.0 2.0 1000.0 120440000.0
19500.0 0.0 2.0 66.0 0.0 0.0 0.0 60220000.0 437.0 2.0 1000.0 120440000.0
19600.0 0.0 2.0 66.0 0.0 0.0 0.0 60220000.0 428.0 2.0 1000.0 120440000.0
19700.0 0.0 2.0 65.0 0.0 0.0 0.0 60220000.0 421.0 2.0 1000.0 120440000.0
19800.0 0.0 2.0 64.0 0.0 0.0 0.0 60220000.0 416.0 2.0 1000.0 120440000.0
19900.0 0.0 2.0 61.0 0.0 0.0 0.0 60220000.0 409.0 2.0 1000.0 120440000.0
