time rna_M monomer_betaGal protein_betaGal Lactose_external Lactose_internal Glucose_external Glucose_internal protein_Lactose_Permease dna_Lac_Operon Biomass Lactose_consumed
0.0 0.0 0.0 0.0 120440000.0 0.0 60220000.0 0.0 0.0 2.0 1000.0 0.0
100.0 0.0 0.0 0.0 120440000.0 0.0 30125264.0 30094736.0 0.0 2.0 1000.0 0.0
200.0 0.0 0.0 0.0 120440000.0 0.0 87653.0 60132347.0 0.0 2.0 1000.0 0.0
300.0 0.0 0.0 0.0 120440000.0 0.0 0.0 60220000.0 0.0 2.0 1000.0 0.0
400.0 0.0 0.0 0.0 120440000.0 0.0 0.0 60220000.0 0.0 2.0 1000.0 0.0
500.0 0.0 0.0 0.0 120440000.0 0.0 0.0 60220000.0 0.0 2.0 1000.0 0.0
600.0 0.0 0.0 0.0 120440000.0 0.0 0.0 60220000.0 0.0 2.0 1000.0 0.0
700.0 0.0 0.0 0.0 120440000.0 0.0 0.0 60220000.0 0.0 2.0 1000.0 0.0
800.0 0.0 0.0 0.0 120440000.0 0.0 0.0 60220000.0 0.0 2.0 1000.0 0.0
900.0 0.0 0.0 0.0 120440000.0 0.0 0.0 60220000.0 0.0 2.0 1000.0 0.0
1000.0 1.0 2.0 0.0 120438789.0 1211.0 0.0 60220000.0 5.0 2.0 1000.0 0.0
1100.0 0.0 3.0 3.0 120369763.0 53310.0 0.0 60220000.0 26.0 2.0 1000.0 16927.0
1200.0 0.0 3.0 3.0 120276561.0 102911.0 0.0 60220000.0 26.0 2.0 1000.0 60528.0
1300.0 0.0 3.0 3.0 120183975.0 142323.0 0.0 60220000.0 26.0 2.0 1000.0 113702.0
1400.0 0.0 3.0 3.0 120091540.0 176237.0 0.0 60220000.0 25.0 2.0 1000.0 172223.0
1500.0 0.0 3.0 3.0 120001951.0 203404.0 0.0 60220000.0 25.0 2.0 1000.0 234645.0
1600.0 0.0 3.0 3.0 119912585.0 227873.0 0.0 60220000.0 25.0 2.0 1000.0 299542.0
1700.0 0.0 3.0 3.0 119823713.0 250368.0 0.0 60220000.0 25.0 2.0 1000.0 365919.0
1800.0 0.0 3.0 3.0 119734232.0 272168.0 0.0 60220000.0 25.0 2.0 1000.0 433600.0
1900.0 0.0 3.0 2.0 119645249.0 307336.0 0.0 60220000.0 25.0 2.0 1000.0 487415.0
2000.0 0.0 3.0 2.0 119556556.0 348355.0 0.0 60220000.0 25.0 2.0 1000.0 535089.0
2100.0 0.0 3.0 2.0 119467858.0 388352.0 0.0 60220000.0 25.0 2.0 1000.0 583790.0
2200.0 0.0 3.0 2.0 119378255.0 428358.0 0.0 60220000.0 25.0 2.0 1000.0 633387.0
2300.0 0.0 3.0 2.0 119289338.0 466723.0 0.0 60220000.0 25.0 2.0 1000.0 683939.0
2400.0 0.0 3.0 2.0 119203574.0 501179.0 0.0 60220000.0 24.0 2.0 1000.0 735247.0
2500.0 1.0 1.0 4.0 119094853.0 533765.0 0.0 60220000.0 40.0 2.0 1000.0 811382.0
2600.0 0.0 2.0 6.0 118897511.0 592087.0 0.0 60220000.0 64.0 2.0 1000.0 950402.0
2700.0 0.0 2.0 6.0 118671264.0 659516.0 0.0 60220000.0 61.0 2.0 1000.0 1109220.0
2800.0 0.0 2.0 6.0 118452877.0 717749.0 0.0 60220000.0 61.0 2.0 1000.0 1269374.0
2900.0 0.0 2.0 6.0 118237951.0 771014.0 0.0 60220000.0 59.0 2.0 1000.0 1431035.0
3000.0 0.0 2.0 6.0 118028016.0 817928.0 0.0 60220000.0 59.0 2.0 1000.0 1594056.0
3100.0 0.0 2.0 6.0 117819228.0 863182.0 0.0 60220000.0 58.0 2.0 1000.0 1757590.0
3200.0 0.0 2.0 6.0 117616256.0 902125.0 0.0 60220000.0 55.0 2.0 1000.0 1921619.0
3300.0 0.0 2.0 6.0 117420915.0 932621.0 0.0 60220000.0 55.0 2.0 1000.0 2086464.0
3400.0 0.0 2.0 6.0 117225212.0 962994.0 0.0 60220000.0 55.0 2.0 1000.0 2251794.0
3500.0 0.0 2.0 6.0 117029164.0 993856.0 0.0 60220000.0 55.0 2.0 1000.0 2416980.0
3600.0 0.0 2.0 5.0 116833273.0 1032044.0 0.0 60220000.0 55.0 2.0 1000.0 2574683.0
3700.0 0.0 2.0 5.0 116638308.0 1087878.0 0.0 60220000.0 55.0 2.0 1000.0 2713814.0
3800.0 0.0 2.0 5.0 116443224.0 1143161.0 0.0 60220000.0 53.0 2.0 1000.0 2853615.0
3900.0 0.0 2.0 5.0 116254562.0 1192117.0 0.0 60220000.0 53.0 2.0 1000.0 2993321.0
4000.0 0.0 2.0 5.0 116066097.0 1240850.0 0.0 60220000.0 52.0 2.0 1000.0 3133053.0
4100.0 0.0 2.0 5.0 115880433.0 1285574.0 0.0 60220000.0 52.0 2.0 1000.0 3273993.0
4200.0 0.0 2.0 4.0 115698046.0 1345807.0 0.0 60220000.0 51.0 2.0 1000.0 3396147.0
4300.0 0.0 2.0 4.0 115516985.0 1413847.0 0.0 60220000.0 50.0 2.0 1000.0 3509168.0
4400.0 0.0 2.0 4.0 115339123.0 1478303.0 0.0 60220000.0 50.0 2.0 1000.0 3622574.0
4500.0 0.0 2.0 4.0 115167377.0 1536986.0 0.0 60220000.0 47.0 2.0 1000.0 3735637.0
4600.0 0.0 2.0 4.0 115005328.0 1584954.0 0.0 60220000.0 45.0 2.0 1000.0 3849718.0
4700.0 0.0 2.0 4.0 114845467.0 1631217.0 0.0 60220000.0 45.0 2.0 1000.0 3963316.0
4800.0 0.0 2.0 4.0 114688351.0 1674206.0 0.0 60220000.0 43.0 2.0 1000.0 4077443.0
4900.0 0.0 2.0 4.0 114535494.0 1712564.0 0.0 60220000.0 43.0 2.0 1000.0 4191942.0
5000.0 0.0 2.0 4.0 114385520.0 1747931.0 0.0 60220000.0 41.0 2.0 1000.0 4306549.0
5100.0 0.0 2.0 4.0 114239856.0 1778937.0 0.0 60220000.0 40.0 2.0 1000.0 4421207.0
5200.0 0.0 2.0 4.0 114097276.0 1806808.0 0.0 60220000.0 40.0 2.0 1000.0 4535916.0
5300.0 1.0 2.0 4.0 113958217.0 1830868.0 0.0 60220000.0 41.0 2.0 1000.0 4650915.0
5400.0 1.0 0.0 11.0 113755064.0 1822920.0 0.0 60220000.0 69.0 2.0 1000.0 4862016.0
5500.0 0.0 0.0 12.0 113494051.0 1747938.0 0.0 60220000.0 75.0 2.0 1000.0 5198011.0
5600.0 0.0 0.0 12.0 113229871.0 1669191.0 0.0 60220000.0 73.0 2.0 1000.0 5540938.0
5700.0 0.0 0.0 12.0 112971180.0 1585377.0 0.0 60220000.0 72.0 2.0 1000.0 5883443.0
5800.0 0.0 0.0 11.0 112717265.0 1515348.0 0.0 60220000.0 71.0 2.0 1000.0 6207387.0
5900.0 0.0 0.0 11.0 112467617.0 1452001.0 0.0 60220000.0 70.0 2.0 1000.0 6520382.0
6000.0 0.0 0.0 11.0 112217986.0 1390148.0 0.0 60220000.0 70.0 2.0 1000.0 6831866.0
6100.0 0.0 0.0 11.0 111971843.0 1325013.0 0.0 60220000.0 69.0 2.0 1000.0 7143144.0
6200.0 0.0 0.0 11.0 111730133.0 1256271.0 0.0 60220000.0 67.0 2.0 1000.0 7453596.0
6300.0 0.0 0.0 11.0 111491258.0 1185877.0 0.0 60220000.0 67.0 2.0 1000.0 7762865.0
6400.0 0.0 0.0 10.0 111253960.0 1139480.0 0.0 60220000.0 66.0 2.0 1000.0 8046560.0
6500.0 0.0 0.0 10.0 111021557.0 1093397.0 0.0 60220000.0 64.0 2.0 1000.0 8325046.0
6600.0 0.0 0.0 10.0 110793309.0 1042975.0 0.0 60220000.0 64.0 2.0 1000.0 8603716.0
6700.0 0.0 0.0 10.0 110569454.0 990379.0 0.0 60220000.0 63.0 2.0 1000.0 8880167.0
6800.0 0.0 0.0 10.0 110344551.0 937929.0 0.0 60220000.0 63.0 2.0 1000.0 9157520.0
6900.0 0.0 0.0 10.0 110119842.0 887842.0 0.0 60220000.0 63.0 2.0 1000.0 9432316.0
7000.0 0.0 0.0 10.0 109899540.0 834575.0 0.0 60220000.0 60.0 2.0 1000.0 9705885.0
7100.0 0.0 0.0 10.0 109689521.0 773748.0 0.0 60220000.0 59.0 2.0 1000.0 9976731.0
7200.0 0.0 0.0 10.0 109482341.0 711858.0 0.0 60220000.0 58.0 2.0 1000.0 10245801.0
7300.0 0.0 0.0 9.0 109275250.0 657064.0 0.0 60220000.0 58.0 2.0 1000.0 10507686.0
7400.0 0.0 0.0 9.0 109072848.0 621464.0 0.0 60220000.0 56.0 2.0 1000.0 10745688.0
7500.0 0.0 0.0 9.0 108874385.0 582985.0 0.0 60220000.0 55.0 2.0 1000.0 10982630.0
7600.0 0.0 0.0 9.0 108678313.0 544547.0 0.0 60220000.0 55.0 2.0 1000.0 11217140.0
7700.0 0.0 0.0 8.0 108482213.0 520293.0 0.0 60220000.0 55.0 2.0 1000.0 11437494.0
7800.0 0.0 0.0 8.0 108286095.0 509558.0 0.0 60220000.0 55.0 2.0 1000.0 11644347.0
7900.0 0.0 0.0 8.0 108094182.0 496806.0 0.0 60220000.0 51.0 2.0 1000.0 11849012.0
8000.0 0.0 0.0 8.0 107913458.0 474214.0 0.0 60220000.0 50.0 2.0 1000.0 12052328.0
8100.0 0.0 0.0 8.0 107735025.0 449784.0 0.0 60220000.0 49.0 2.0 1000.0 12255191.0
8200.0 0.0 0.0 8.0 107563160.0 420869.0 0.0 60220000.0 48.0 2.0 1000.0 12455971.0
8300.0 0.0 0.0 8.0 107394411.0 391104.0 0.0 60220000.0 47.0 2.0 1000.0 12654485.0
8400.0 0.0 0.0 8.0 107227758.0 362115.0 0.0 60220000.0 46.0 2.0 1000.0 12850127.0
8500.0 0.0 0.0 7.0 107064458.0 343858.0 0.0 60220000.0 45.0 2.0 1000.0 13031684.0
8600.0 0.0 0.0 7.0 106911010.0 329894.0 0.0 60220000.0 43.0 2.0 1000.0 13199096.0
8700.0 0.0 0.0 7.0 106757345.0 317311.0 0.0 60220000.0 43.0 2.0 1000.0 13365344.0
8800.0 0.0 3.0 7.0 106592732.0 316428.0 0.0 60220000.0 56.0 2.0 1000.0 13530840.0
8900.0 0.0 3.0 7.0 106396282.0 346661.0 0.0 60220000.0 55.0 2.0 1000.0 13697057.0
9000.0 0.0 3.0 7.0 106199489.0 373319.0 0.0 60220000.0 55.0 2.0 1000.0 13867192.0
9100.0 0.0 3.0 6.0 106003513.0 406231.0 0.0 60220000.0 55.0 2.0 1000.0 14030256.0
9200.0 0.0 3.0 6.0 105806981.0 452357.0 0.0 60220000.0 54.0 2.0 1000.0 14180662.0
9300.0 0.0 3.0 6.0 105614392.0 492069.0 0.0 60220000.0 54.0 2.0 1000.0 14333539.0
9400.0 0.0 3.0 6.0 105421391.0 530571.0 0.0 60220000.0 54.0 2.0 1000.0 14488038.0
9500.0 0.0 3.0 6.0 105231149.0 564150.0 0.0 60220000.0 53.0 2.0 1000.0 14644701.0
9600.0 0.0 3.0 6.0 105042017.0 595701.0 0.0 60220000.0 53.0 2.0 1000.0 14802282.0
9700.0 0.0 3.0 6.0 104852841.0 626263.0 0.0 60220000.0 53.0 2.0 1000.0 14960896.0
9800.0 0.0 3.0 6.0 104666113.0 653660.0 0.0 60220000.0 52.0 2.0 1000.0 15120227.0
9900.0 0.0 3.0 6.0 104483833.0 676705.0 0.0 60220000.0 50.0 2.0 1000.0 15279462.0
10000.0 0.0 3.0 5.0 104308185.0 699317.0 0.0 60220000.0 49.0 2.0 1000.0 15432498.0
10100.0 0.0 3.0 4.0 104133177.0 744493.0 0.0 60220000.0 49.0 2.0 1000.0 15562330.0
10200.0 0.0 3.0 4.0 103959513.0 810396.0 0.0 60220000.0 48.0 2.0 1000.0 15670091.0
10300.0 0.0 3.0 4.0 103788191.0 872877.0 0.0 60220000.0 48.0 2.0 1000.0 15778932.0
10400.0 0.0 3.0 4.0 103617162.0 933566.0 0.0 60220000.0 48.0 2.0 1000.0 15889272.0
10500.0 0.0 3.0 4.0 103446929.0 993199.0 0.0 60220000.0 48.0 2.0 1000.0 15999872.0
10600.0 0.0 3.0 4.0 103275838.0 1053640.0 0.0 60220000.0 48.0 2.0 1000.0 16110522.0
10700.0 0.0 3.0 4.0 103107134.0 1111067.0 0.0 60220000.0 45.0 2.0 1000.0 16221799.0
10800.0 0.0 3.0 4.0 102946220.0 1160409.0 0.0 60220000.0 45.0 2.0 1000.0 16333371.0
10900.0 0.0 3.0 4.0 102787280.0 1207411.0 0.0 60220000.0 44.0 2.0 1000.0 16445309.0
11000.0 0.0 3.0 4.0 102633207.0 1248760.0 0.0 60220000.0 43.0 2.0 1000.0 16558033.0
11100.0 0.0 3.0 4.0 102482734.0 1286804.0 0.0 60220000.0 42.0 2.0 1000.0 16670462.0
11200.0 0.0 3.0 4.0 102332467.0 1324147.0 0.0 60220000.0 42.0 2.0 1000.0 16783386.0
11300.0 0.0 3.0 4.0 102185141.0 1358557.0 0.0 60220000.0 40.0 2.0 1000.0 16896302.0
11400.0 0.0 3.0 4.0 102043049.0 1386989.0 0.0 60220000.0 40.0 2.0 1000.0 17009962.0
11500.0 0.0 3.0 4.0 101901810.0 1415413.0 0.0 60220000.0 39.0 2.0 1000.0 17122777.0
11600.0 0.0 3.0 4.0 101763978.0 1439853.0 0.0 60220000.0 38.0 2.0 1000.0 17236169.0
11700.0 0.0 3.0 4.0 101630191.0 1460252.0 0.0 60220000.0 37.0 2.0 1000.0 17349557.0
11800.0 0.0 3.0 4.0 101498654.0 1477912.0 0.0 60220000.0 37.0 2.0 1000.0 17463434.0
11900.0 0.0 3.0 3.0 101368245.0 1509523.0 0.0 60220000.0 36.0 2.0 1000.0 17562232.0
12000.0 0.0 3.0 3.0 101240513.0 1551742.0 0.0 60220000.0 36.0 2.0 1000.0 17647745.0
12100.0 0.0 3.0 3.0 101115276.0 1591394.0 0.0 60220000.0 34.0 2.0 1000.0 17733330.0
12200.0 0.0 3.0 3.0 100995298.0 1625585.0 0.0 60220000.0 33.0 2.0 1000.0 17819117.0
12300.0 1.0 0.0 5.0 100867292.0 1657310.0 0.0 60220000.0 47.0 2.0 1000.0 17915398.0
12400.0 1.0 3.0 7.0 100652834.0 1704071.0 0.0 60220000.0 74.0 2.0 1000.0 18083095.0
12500.0 1.0 3.0 7.0 100375981.0 1781567.0 0.0 60220000.0 87.0 2.0 1000.0 18282452.0
12600.0 1.0 3.0 10.0 100014836.0 1894171.0 0.0 60220000.0 114.0 2.0 1000.0 18530993.0
12700.0 1.0 1.0 13.0 99548297.0 2029640.0 0.0 60220000.0 146.0 2.0 1000.0 18862063.0
12800.0 0.0 2.0 13.0 99017910.0 2186384.0 0.0 60220000.0 147.0 2.0 1000.0 19235706.0
12900.0 0.0 2.0 13.0 98495419.0 2333480.0 0.0 60220000.0 146.0 2.0 1000.0 19611101.0
13000.0 1.0 1.0 14.0 97956734.0 2494743.0 0.0 60220000.0 159.0 2.0 1000.0 19988523.0
13100.0 0.0 2.0 15.0 97384440.0 2635489.0 0.0 60220000.0 160.0 2.0 1000.0 20420071.0
13200.0 0.0 2.0 15.0 96819283.0 2764445.0 0.0 60220000.0 159.0 2.0 1000.0 20856272.0
13300.0 0.0 2.0 15.0 96255950.0 2891254.0 0.0 60220000.0 158.0 2.0 1000.0 21292796.0
13400.0 0.0 2.0 15.0 95699085.0 3010783.0 0.0 60220000.0 156.0 2.0 1000.0 21730132.0
13500.0 0.0 2.0 15.0 95146082.0 3125347.0 0.0 60220000.0 155.0 2.0 1000.0 22168571.0
13600.0 0.0 0.0 17.0 94562463.0 3253886.0 0.0 60220000.0 176.0 2.0 1000.0 22623651.0
13700.0 0.0 0.0 16.0 93945759.0 3377644.0 0.0 60220000.0 173.0 2.0 1000.0 23116597.0
13800.0 1.0 0.0 16.0 93337898.0 3516329.0 0.0 60220000.0 171.0 2.0 1000.0 23585773.0
13900.0 1.0 0.0 18.0 92673915.0 3699334.0 0.0 60220000.0 205.0 2.0 1000.0 24066751.0
14000.0 2.0 3.0 23.0 91878602.0 3912497.0 0.0 60220000.0 249.0 2.0 1000.0 24648901.0
14100.0 1.0 0.0 28.0 90933562.0 4086284.0 0.0 60220000.0 281.0 2.0 1000.0 25420154.0
14200.0 1.0 2.0 32.0 89887139.0 4245249.0 0.0 60220000.0 306.0 2.0 1000.0 26307612.0
14300.0 1.0 0.0 35.0 88770453.0 4376351.0 0.0 60220000.0 326.0 2.0 1000.0 27293196.0
14400.0 2.0 2.0 38.0 87589797.0 4504020.0 0.0 60220000.0 352.0 2.0 1000.0 28346183.0
14500.0 1.0 2.0 41.0 86284738.0 4632942.0 0.0 60220000.0 385.0 2.0 1000.0 29522320.0
14600.0 0.0 1.0 44.0 84886382.0 4775726.0 0.0 60220000.0 405.0 2.0 1000.0 30777892.0
14700.0 2.0 1.0 43.0 83454088.0 4936072.0 0.0 60220000.0 420.0 2.0 1000.0 32049840.0
14800.0 3.0 3.0 50.0 81850207.0 5163603.0 0.0 60220000.0 486.0 2.0 1000.0 33426190.0
14900.0 1.0 0.0 59.0 80000559.0 5371996.0 0.0 60220000.0 548.0 2.0 1000.0 35067445.0
15000.0 1.0 1.0 62.0 78034852.0 5580179.0 0.0 60220000.0 561.0 2.0 1000.0 36824969.0
15100.0 1.0 3.0 63.0 76022426.0 5720279.0 0.0 60220000.0 583.0 2.0 1000.0 38697295.0
15200.0 1.0 3.0 65.0 73949075.0 5886913.0 0.0 60220000.0 601.0 2.0 1000.0 40604012.0
15300.0 0.0 1.0 67.0 71791567.0 6076299.0 0.0 60220000.0 613.0 2.0 1000.0 42572134.0
15400.0 0.0 1.0 65.0 69651565.0 6257650.0 0.0 60220000.0 600.0 2.0 1000.0 44530785.0
15500.0 0.0 1.0 64.0 67553199.0 6446401.0 0.0 60220000.0 592.0 2.0 1000.0 46440400.0
15600.0 0.0 0.0 66.0 65478536.0 6599289.0 0.0 60220000.0 589.0 2.0 1000.0 48362175.0
15700.0 2.0 0.0 69.0 63356294.0 6742693.0 0.0 60220000.0 620.0 2.0 1000.0 50341013.0
15800.0 3.0 1.0 76.0 61102156.0 6838354.0 0.0 60220000.0 666.0 2.0 1000.0 52499490.0
15900.0 1.0 0.0 81.0 58665966.0 6910802.0 0.0 60220000.0 701.0 2.0 1000.0 54863232.0
16000.0 0.0 2.0 84.0 56155913.0 6981654.0 0.0 60220000.0 735.0 2.0 1000.0 57302433.0
16100.0 0.0 2.0 82.0 53583872.0 7079235.0 0.0 60220000.0 723.0 2.0 1000.0 59776893.0
16200.0 0.0 2.0 81.0 51057418.0 7198901.0 0.0 60220000.0 715.0 2.0 1000.0 62183681.0
16300.0 2.0 3.0 81.0 48518884.0 7332953.0 0.0 60220000.0 739.0 2.0 1000.0 64588163.0
16400.0 1.0 1.0 86.0 45840454.0 7520940.0 0.0 60220000.0 772.0 2.0 1000.0 67078606.0
16500.0 1.0 1.0 87.0 43095616.0 7699428.0 0.0 60220000.0 795.0 2.0 1000.0 69644956.0
16600.0 0.0 2.0 87.0 40286380.0 7925099.0 0.0 60220000.0 796.0 2.0 1000.0 72228521.0
16700.0 0.0 2.0 87.0 37517945.0 8109877.0 0.0 60220000.0 781.0 2.0 1000.0 74812178.0
16800.0 1.0 3.0 88.0 34812209.0 8222029.0 0.0 60220000.0 768.0 2.0 1000.0 77405762.0
16900.0 1.0 1.0 94.0 32086030.0 8255496.0 0.0 60220000.0 782.0 2.0 1000.0 80098474.0
17000.0 0.0 0.0 97.0 29288928.0 8196371.0 0.0 60220000.0 801.0 2.0 1000.0 82954701.0
17100.0 0.0 1.0 98.0 26492882.0 8100883.0 0.0 60220000.0 798.0 2.0 1000.0 85846235.0
17200.0 1.0 1.0 98.0 23715982.0 7969400.0 0.0 60220000.0 791.0 2.0 1000.0 88754618.0
17300.0 0.0 0.0 100.0 20947707.0 7806324.0 0.0 60220000.0 789.0 2.0 1000.0 91685969.0
17400.0 0.0 0.0 98.0 18208919.0 7611906.0 0.0 60220000.0 776.0 2.0 1000.0 94619175.0
17500.0 0.0 0.0 92.0 15529736.0 7452903.0 0.0 60220000.0 763.0 2.0 1000.0 97457361.0
17600.0 0.0 0.0 91.0 12893654.0 7369991.0 0.0 60220000.0 751.0 2.0 1000.0 100176355.0
17700.0 0.0 0.0 91.0 10308143.0 7255078.0 0.0 60220000.0 737.0 2.0 1000.0 102876779.0
17800.0 0.0 0.0 90.0 7776085.0 7108770.0 0.0 60220000.0 725.0 2.0 1000.0 105555145.0
17900.0 1.0 3.0 90.0 5290719.0 6924820.0 0.0 60220000.0 725.0 2.0 1000.0 108224461.0
18000.0 2.0 3.0 89.0 2813568.0 6721493.0 0.0 60220000.0 740.0 2.0 1000.0 110904939.0
18100.0 0.0 3.0 91.0 428343.0 6453873.0 0.0 60220000.0 776.0 2.0 1000.0 113557784.0
18200.0 0.0 3.0 90.0 1701.0 4197535.0 0.0 60220000.0 764.0 2.0 1000.0 116240764.0
18300.0 0.0 3.0 89.0 924.0 1602960.0 0.0 60220000.0 748.0 2.0 1000.0 118836116.0
18400.0 0.0 3.0 87.0 0.0 5.0 0.0 60220000.0 735.0 2.0 1000.0 120439995.0
18500.0 0.0 3.0 86.0 0.0 0.0 0.0 60220000.0 720.0 2.0 1000.0 120440000.0
18600.0 0.0 3.0 85.0 0.0 0.0 0.0 60220000.0 703.0 2.0 1000.0 120440000.0
18700.0 0.0 3.0 81.0 0.0 0.0 0.0 60220000.0 691.0 2.0 1000.0 120440000.0
18800.0 0.0 3.0 81.0 0.0 0.0 0.0 60220000.0 683.0 2.0 1000.0 120440000.0
18900.0 0.0 3.0 78.0 0.0 0.0 0.0 60220000.0 675.0 2.0 1000.0 120440000.0
19000.0 0.0 3.0 75.0 0.0 0.0 0.0 60220000.0 666.0 2.0 1000.0 120440000.0
19100.0 0.0 3.0 73.0 0.0 0.0 0.0 60220000.0 655.0 2.0 1000.0 120440000.0
19200.0 0.0 3.0 72.0 0.0 0.0 0.0 60220000.0 644.0 2.0 1000.0 120440000.0
19300.0 0.0 3.0 71.0 0.0 0.0 0.0 60220000.0 636.0 2.0 1000.0 120440000.0
19400.0 0.0 3.0 70.0 0.0 0.0 0.0 60220000.0 621.0 2.0 1000.0 120440000.0
19500.0 0.0 3.0 69.0 0.0 0.0 0.0 60220000.0 610.0 2.0 1000.0 120440000.0
19600.0 0.0 3.0 69.0 0.0 0.0 0.0 60220000.0 602.0 2.0 1000.0 120440000.0
19700.0 0.0 3.0 68.0 0.0 0.0 0.0 60220000.0 588.0 2.0 1000.0 120440000.0
19800.0 0.0 3.0 68.0 0.0 0.0 0.0 60220000.0 579.0 2.0 1000.0 120440000.0
19900.0 0.0 3.0 67.0 0.0 0.0 0.0 60220000.0 572.0 2.0 1000.0 120440000.0
