time rna_M monomer_betaGal protein_betaGal Lactose_external Lactose_internal Glucose_external Glucose_internal protein_Lactose_Permease dna_Lac_Operon Biomass Lactose_consumed
0.0 0.0 0.0 0.0 120440000.0 0.0 60220000.0 0.0 0.0 2.0 1000.0 0.0
100.0 0.0 0.0 0.0 120440000.0 0.0 30123529.0 30096471.0 0.0 2.0 1000.0 0.0
200.0 0.0 0.0 0.0 120440000.0 0.0 78214.0 60141786.0 0.0 2.0 1000.0 0.0
300.0 0.0 0.0 0.0 120440000.0 0.0 0.0 60220000.0 0.0 2.0 1000.0 0.0
400.0 0.0 0.0 0.0 120440000.0 0.0 0.0 60220000.0 0.0 2.0 1000.0 0.0
500.0 0.0 0.0 0.0 120440000.0 0.0 0.0 60220000.0 0.0 2.0 1000.0 0.0
600.0 0.0 0.0 0.0 120440000.0 0.0 0.0 60220000.0 0.0 2.0 1000.0 0.0
700.0 0.0 0.0 0.0 120440000.0 0.0 0.0 60220000.0 0.0 2.0 1000.0 0.0
800.0 0.0 0.0 0.0 120440000.0 0.0 0.0 60220000.0 0.0 2.0 1000.0 0.0
900.0 2.0 0.0 2.0 120431406.0 8189.0 0.0 60220000.0 11.0 2.0 1000.0 405.0
1000.0 0.0 0.0 4.0 120352246.0 56484.0 0.0 60220000.0 24.0 2.0 1000.0 31270.0
1100.0 0.0 0.0 4.0 120269483.0 84038.0 0.0 60220000.0 23.0 2.0 1000.0 86479.0
1200.0 0.0 0.0 4.0 120187375.0 103595.0 0.0 60220000.0 23.0 2.0 1000.0 149030.0
1300.0 0.0 0.0 4.0 120105251.0 117571.0 0.0 60220000.0 23.0 2.0 1000.0 217178.0
1400.0 0.0 0.0 4.0 120021250.0 130349.0 0.0 60220000.0 26.0 2.0 1000.0 288401.0
1500.0 0.0 0.0 4.0 119928781.0 148298.0 0.0 60220000.0 25.0 2.0 1000.0 362921.0
1600.0 0.0 0.0 4.0 119839717.0 159800.0 0.0 60220000.0 25.0 2.0 1000.0 440483.0
1700.0 0.0 0.0 4.0 119752876.0 167167.0 0.0 60220000.0 24.0 2.0 1000.0 519957.0
1800.0 0.0 0.0 4.0 119667686.0 172163.0 0.0 60220000.0 24.0 2.0 1000.0 600151.0
1900.0 0.0 0.0 3.0 119582460.0 191137.0 0.0 60220000.0 24.0 2.0 1000.0 666403.0
2000.0 0.0 0.0 3.0 119496587.0 213801.0 0.0 60220000.0 24.0 2.0 1000.0 729612.0
2100.0 0.0 0.0 3.0 119410502.0 234312.0 0.0 60220000.0 24.0 2.0 1000.0 795186.0
2200.0 0.0 0.0 3.0 119324462.0 252978.0 0.0 60220000.0 24.0 2.0 1000.0 862560.0
2300.0 0.0 0.0 3.0 119238715.0 270903.0 0.0 60220000.0 24.0 2.0 1000.0 930382.0
2400.0 0.0 0.0 3.0 119153560.0 287162.0 0.0 60220000.0 24.0 2.0 1000.0 999278.0
2500.0 0.0 0.0 3.0 119068235.0 302592.0 0.0 60220000.0 23.0 2.0 1000.0 1069173.0
2600.0 0.0 0.0 3.0 118986269.0 313923.0 0.0 60220000.0 23.0 2.0 1000.0 1139808.0
2700.0 0.0 0.0 3.0 118904813.0 324101.0 0.0 60220000.0 22.0 2.0 1000.0 1211086.0
2800.0 0.0 0.0 3.0 118826138.0 331161.0 0.0 60220000.0 22.0 2.0 1000.0 1282701.0
2900.0 0.0 0.0 3.0 118748154.0 337095.0 0.0 60220000.0 21.0 2.0 1000.0 1354751.0
3000.0 0.0 0.0 3.0 118673409.0 339891.0 0.0 60220000.0 21.0 2.0 1000.0 1426700.0
3100.0 0.0 0.0 3.0 118598328.0 342844.0 0.0 60220000.0 21.0 2.0 1000.0 1498828.0
3200.0 0.0 0.0 3.0 118523374.0 345640.0 0.0 60220000.0 21.0 2.0 1000.0 1570986.0
3300.0 0.0 0.0 3.0 118449020.0 346899.0 0.0 60220000.0 21.0 2.0 1000.0 1644081.0
3400.0 1.0 1.0 3.0 118372847.0 350681.0 0.0 60220000.0 24.0 2.0 1000.0 1716472.0
3500.0 1.0 3.0 6.0 118233854.0 382389.0 0.0 60220000.0 52.0 2.0 1000.0 1823757.0
3600.0 0.0 2.0 8.0 117995485.0 428971.0 0.0 60220000.0 70.0 2.0 1000.0 2015544.0
3700.0 0.0 2.0 8.0 117749947.0 472466.0 0.0 60220000.0 68.0 2.0 1000.0 2217587.0
3800.0 0.0 2.0 8.0 117509160.0 508653.0 0.0 60220000.0 67.0 2.0 1000.0 2422187.0
3900.0 0.0 2.0 8.0 117272082.0 539013.0 0.0 60220000.0 66.0 2.0 1000.0 2628905.0
4000.0 0.0 2.0 7.0 117039103.0 579326.0 0.0 60220000.0 64.0 2.0 1000.0 2821571.0
4100.0 0.0 2.0 7.0 116810838.0 623373.0 0.0 60220000.0 64.0 2.0 1000.0 3005789.0
4200.0 0.0 2.0 7.0 116584305.0 664809.0 0.0 60220000.0 62.0 2.0 1000.0 3190886.0
4300.0 0.0 2.0 7.0 116363679.0 698903.0 0.0 60220000.0 61.0 2.0 1000.0 3377418.0
4400.0 0.0 2.0 7.0 116145760.0 729767.0 0.0 60220000.0 61.0 2.0 1000.0 3564473.0
4500.0 0.0 2.0 7.0 115929206.0 757581.0 0.0 60220000.0 61.0 2.0 1000.0 3753213.0
4600.0 0.0 2.0 7.0 115714584.0 782809.0 0.0 60220000.0 60.0 2.0 1000.0 3942607.0
4700.0 0.0 2.0 7.0 115501040.0 806727.0 0.0 60220000.0 59.0 2.0 1000.0 4132233.0
4800.0 0.0 2.0 7.0 115293062.0 824725.0 0.0 60220000.0 58.0 2.0 1000.0 4322213.0
4900.0 0.0 2.0 7.0 115089416.0 837426.0 0.0 60220000.0 57.0 2.0 1000.0 4513158.0
5000.0 0.0 2.0 7.0 114889721.0 846043.0 0.0 60220000.0 56.0 2.0 1000.0 4704236.0
5100.0 0.0 2.0 7.0 114690352.0 854434.0 0.0 60220000.0 55.0 2.0 1000.0 4895214.0
5200.0 0.0 2.0 7.0 114494281.0 859254.0 0.0 60220000.0 55.0 2.0 1000.0 5086465.0
5300.0 0.0 2.0 7.0 114304034.0 858446.0 0.0 60220000.0 53.0 2.0 1000.0 5277520.0
5400.0 0.0 2.0 7.0 114118408.0 852666.0 0.0 60220000.0 52.0 2.0 1000.0 5468926.0
5500.0 0.0 2.0 7.0 113935429.0 843994.0 0.0 60220000.0 51.0 2.0 1000.0 5660577.0
5600.0 0.0 2.0 7.0 113757813.0 830704.0 0.0 60220000.0 48.0 2.0 1000.0 5851483.0
5700.0 0.0 2.0 7.0 113588363.0 809908.0 0.0 60220000.0 47.0 2.0 1000.0 6041729.0
5800.0 0.0 2.0 7.0 113421912.0 786612.0 0.0 60220000.0 45.0 2.0 1000.0 6231476.0
5900.0 0.0 2.0 7.0 113263825.0 755410.0 0.0 60220000.0 44.0 2.0 1000.0 6420765.0
6000.0 0.0 2.0 7.0 113107461.0 723322.0 0.0 60220000.0 43.0 2.0 1000.0 6609217.0
6100.0 0.0 2.0 6.0 112957222.0 709195.0 0.0 60220000.0 42.0 2.0 1000.0 6773583.0
6200.0 0.0 2.0 6.0 112807638.0 697917.0 0.0 60220000.0 42.0 2.0 1000.0 6934445.0
6300.0 0.0 2.0 6.0 112657168.0 687761.0 0.0 60220000.0 42.0 2.0 1000.0 7095071.0
6400.0 0.0 2.0 6.0 112506975.0 677664.0 0.0 60220000.0 42.0 2.0 1000.0 7255361.0
6500.0 0.0 2.0 6.0 112357054.0 667545.0 0.0 60220000.0 41.0 2.0 1000.0 7415401.0
6600.0 0.0 2.0 6.0 112211069.0 654230.0 0.0 60220000.0 41.0 2.0 1000.0 7574701.0
6700.0 0.0 2.0 6.0 112064453.0 641726.0 0.0 60220000.0 41.0 2.0 1000.0 7733821.0
6800.0 0.0 2.0 6.0 111918610.0 628523.0 0.0 60220000.0 41.0 2.0 1000.0 7892867.0
6900.0 0.0 2.0 5.0 111772577.0 633313.0 0.0 60220000.0 41.0 2.0 1000.0 8034110.0
7000.0 0.0 2.0 5.0 111628005.0 645548.0 0.0 60220000.0 40.0 2.0 1000.0 8166447.0
7100.0 0.0 2.0 5.0 111488239.0 651982.0 0.0 60220000.0 39.0 2.0 1000.0 8299779.0
7200.0 0.0 2.0 5.0 111352215.0 655150.0 0.0 60220000.0 38.0 2.0 1000.0 8432635.0
7300.0 0.0 2.0 5.0 111219545.0 654894.0 0.0 60220000.0 37.0 2.0 1000.0 8565561.0
7400.0 0.0 2.0 5.0 111090029.0 651376.0 0.0 60220000.0 36.0 2.0 1000.0 8698595.0
7500.0 0.0 2.0 5.0 110960609.0 648368.0 0.0 60220000.0 36.0 2.0 1000.0 8831023.0
7600.0 0.0 2.0 4.0 110832792.0 665241.0 0.0 60220000.0 35.0 2.0 1000.0 8941967.0
7700.0 0.0 2.0 4.0 110710065.0 681270.0 0.0 60220000.0 34.0 2.0 1000.0 9048665.0
7800.0 0.0 2.0 4.0 110589196.0 695127.0 0.0 60220000.0 34.0 2.0 1000.0 9155677.0
7900.0 0.0 2.0 4.0 110468309.0 708722.0 0.0 60220000.0 34.0 2.0 1000.0 9262969.0
8000.0 0.0 2.0 4.0 110347196.0 722466.0 0.0 60220000.0 34.0 2.0 1000.0 9370338.0
8100.0 0.0 2.0 4.0 110227645.0 734184.0 0.0 60220000.0 32.0 2.0 1000.0 9478171.0
8200.0 0.0 2.0 4.0 110114005.0 740353.0 0.0 60220000.0 32.0 2.0 1000.0 9585642.0
8300.0 0.0 2.0 4.0 110000559.0 745728.0 0.0 60220000.0 31.0 2.0 1000.0 9693713.0
8400.0 0.0 2.0 4.0 109890856.0 748010.0 0.0 60220000.0 31.0 2.0 1000.0 9801134.0
8500.0 0.0 2.0 4.0 109780233.0 751076.0 0.0 60220000.0 31.0 2.0 1000.0 9908691.0
8600.0 0.0 2.0 4.0 109669487.0 753806.0 0.0 60220000.0 31.0 2.0 1000.0 10016707.0
8700.0 0.0 2.0 4.0 109559123.0 756049.0 0.0 60220000.0 31.0 2.0 1000.0 10124828.0
8800.0 0.0 2.0 4.0 109449308.0 757569.0 0.0 60220000.0 30.0 2.0 1000.0 10233123.0
8900.0 0.0 2.0 4.0 109345198.0 753752.0 0.0 60220000.0 29.0 2.0 1000.0 10341050.0
9000.0 0.0 1.0 6.0 109210158.0 744581.0 0.0 60220000.0 41.0 2.0 1000.0 10485261.0
9100.0 1.0 0.0 8.0 109057267.0 725266.0 0.0 60220000.0 52.0 2.0 1000.0 10657467.0
9200.0 0.0 1.0 12.0 108834912.0 673269.0 0.0 60220000.0 71.0 2.0 1000.0 10931819.0
9300.0 0.0 1.0 12.0 108584878.0 604561.0 0.0 60220000.0 70.0 2.0 1000.0 11250561.0
9400.0 0.0 1.0 12.0 108336325.0 539269.0 0.0 60220000.0 68.0 2.0 1000.0 11564406.0
9500.0 0.0 1.0 12.0 108097467.0 468997.0 0.0 60220000.0 66.0 2.0 1000.0 11873536.0
9600.0 0.0 1.0 12.0 107865298.0 399984.0 0.0 60220000.0 64.0 2.0 1000.0 12174718.0
9700.0 0.0 1.0 11.0 107639289.0 351162.0 0.0 60220000.0 63.0 2.0 1000.0 12449549.0
9800.0 0.0 1.0 11.0 107416996.0 310731.0 0.0 60220000.0 62.0 2.0 1000.0 12712273.0
9900.0 0.0 1.0 10.0 107196089.0 294713.0 0.0 60220000.0 61.0 2.0 1000.0 12949198.0
10000.0 0.0 1.0 10.0 106978945.0 280316.0 0.0 60220000.0 61.0 2.0 1000.0 13180739.0
10100.0 0.0 1.0 9.0 106766525.0 268434.0 0.0 60220000.0 58.0 2.0 1000.0 13405041.0
10200.0 0.0 1.0 9.0 106562068.0 267901.0 0.0 60220000.0 57.0 2.0 1000.0 13610031.0
10300.0 0.0 1.0 9.0 106361288.0 263925.0 0.0 60220000.0 56.0 2.0 1000.0 13814787.0
10400.0 0.0 1.0 9.0 106165552.0 256439.0 0.0 60220000.0 54.0 2.0 1000.0 14018009.0
10500.0 1.0 2.0 8.0 105970290.0 255563.0 0.0 60220000.0 59.0 2.0 1000.0 14214147.0
10600.0 1.0 1.0 12.0 105721577.0 274977.0 0.0 60220000.0 88.0 2.0 1000.0 14443446.0
10700.0 1.0 1.0 16.0 105356963.0 327735.0 0.0 60220000.0 115.0 2.0 1000.0 14755302.0
10800.0 1.0 3.0 20.0 104883666.0 351973.0 0.0 60220000.0 154.0 2.0 1000.0 15204361.0
10900.0 1.0 1.0 24.0 104295106.0 391836.0 0.0 60220000.0 178.0 2.0 1000.0 15753058.0
11000.0 1.0 3.0 27.0 103619502.0 433053.0 0.0 60220000.0 202.0 2.0 1000.0 16387445.0
11100.0 0.0 3.0 29.0 102869264.0 443796.0 0.0 60220000.0 211.0 2.0 1000.0 17126940.0
11200.0 0.0 3.0 29.0 102119484.0 460062.0 0.0 60220000.0 208.0 2.0 1000.0 17860454.0
11300.0 0.0 3.0 27.0 101377926.0 493222.0 0.0 60220000.0 206.0 2.0 1000.0 18568852.0
11400.0 0.0 3.0 27.0 100656488.0 520169.0 0.0 60220000.0 200.0 2.0 1000.0 19263343.0
11500.0 0.0 3.0 27.0 99945918.0 533332.0 0.0 60220000.0 199.0 2.0 1000.0 19960750.0
11600.0 0.0 3.0 27.0 99240831.0 538300.0 0.0 60220000.0 197.0 2.0 1000.0 20660869.0
11700.0 0.0 3.0 27.0 98540873.0 537557.0 0.0 60220000.0 195.0 2.0 1000.0 21361570.0
11800.0 0.0 3.0 26.0 97853309.0 532004.0 0.0 60220000.0 188.0 2.0 1000.0 22054687.0
11900.0 0.0 3.0 25.0 97186582.0 548842.0 0.0 60220000.0 185.0 2.0 1000.0 22704576.0
12000.0 0.0 3.0 24.0 96533857.0 554001.0 0.0 60220000.0 181.0 2.0 1000.0 23352142.0
12100.0 0.0 3.0 24.0 95887834.0 572944.0 0.0 60220000.0 180.0 2.0 1000.0 23979222.0
12200.0 0.0 3.0 24.0 95244792.0 586786.0 0.0 60220000.0 180.0 2.0 1000.0 24608422.0
12300.0 0.0 3.0 24.0 94607565.0 594409.0 0.0 60220000.0 175.0 2.0 1000.0 25238026.0
12400.0 0.0 3.0 24.0 93986155.0 584732.0 0.0 60220000.0 174.0 2.0 1000.0 25869113.0
12500.0 0.0 3.0 23.0 93376130.0 588192.0 0.0 60220000.0 169.0 2.0 1000.0 26475678.0
12600.0 0.0 3.0 23.0 92777227.0 583752.0 0.0 60220000.0 167.0 2.0 1000.0 27079021.0
12700.0 0.0 3.0 23.0 92185250.0 572972.0 0.0 60220000.0 166.0 2.0 1000.0 27681778.0
12800.0 0.0 3.0 23.0 91605357.0 551057.0 0.0 60220000.0 160.0 2.0 1000.0 28283586.0
12900.0 0.0 3.0 22.0 91036873.0 545590.0 0.0 60220000.0 158.0 2.0 1000.0 28857537.0
13000.0 0.0 3.0 21.0 90476458.0 551269.0 0.0 60220000.0 154.0 2.0 1000.0 29412273.0
13100.0 0.0 3.0 21.0 89933999.0 547274.0 0.0 60220000.0 151.0 2.0 1000.0 29958727.0
13200.0 0.0 3.0 21.0 89398256.0 537470.0 0.0 60220000.0 149.0 2.0 1000.0 30504274.0
13300.0 0.0 3.0 22.0 88811691.0 556392.0 0.0 60220000.0 173.0 2.0 1000.0 31071917.0
13400.0 0.0 3.0 21.0 88203887.0 592163.0 0.0 60220000.0 168.0 2.0 1000.0 31643950.0
13500.0 0.0 3.0 21.0 87608001.0 634189.0 0.0 60220000.0 165.0 2.0 1000.0 32197810.0
13600.0 0.0 3.0 21.0 87026539.0 658213.0 0.0 60220000.0 162.0 2.0 1000.0 32755248.0
13700.0 0.0 3.0 21.0 86451652.0 674625.0 0.0 60220000.0 160.0 2.0 1000.0 33313723.0
13800.0 0.0 3.0 21.0 85888946.0 676237.0 0.0 60220000.0 156.0 2.0 1000.0 33874817.0
13900.0 0.0 3.0 21.0 85337064.0 668620.0 0.0 60220000.0 154.0 2.0 1000.0 34434316.0
14000.0 0.0 3.0 21.0 84791393.0 655077.0 0.0 60220000.0 153.0 2.0 1000.0 34993530.0
14100.0 0.0 3.0 21.0 84249701.0 638661.0 0.0 60220000.0 151.0 2.0 1000.0 35551638.0
14200.0 0.0 3.0 21.0 83715991.0 617553.0 0.0 60220000.0 147.0 2.0 1000.0 36106456.0
14300.0 0.0 3.0 21.0 83192429.0 587844.0 0.0 60220000.0 147.0 2.0 1000.0 36659727.0
14400.0 0.0 3.0 21.0 82668398.0 563260.0 0.0 60220000.0 147.0 2.0 1000.0 37208342.0
14500.0 0.0 3.0 20.0 82148495.0 538815.0 0.0 60220000.0 144.0 2.0 1000.0 37752690.0
14600.0 0.0 3.0 20.0 81635443.0 533520.0 0.0 60220000.0 144.0 2.0 1000.0 38271037.0
14700.0 0.0 3.0 19.0 81123056.0 542619.0 0.0 60220000.0 143.0 2.0 1000.0 38774325.0
14800.0 0.0 3.0 19.0 80614410.0 557269.0 0.0 60220000.0 143.0 2.0 1000.0 39268321.0
14900.0 0.0 3.0 18.0 80108552.0 571574.0 0.0 60220000.0 140.0 2.0 1000.0 39759874.0
15000.0 0.0 3.0 18.0 79619075.0 589007.0 0.0 60220000.0 135.0 2.0 1000.0 40231918.0
15100.0 0.0 3.0 18.0 79144587.0 591028.0 0.0 60220000.0 129.0 2.0 1000.0 40704385.0
15200.0 0.0 3.0 18.0 78685457.0 577515.0 0.0 60220000.0 128.0 2.0 1000.0 41177028.0
15300.0 0.0 3.0 18.0 78231619.0 561952.0 0.0 60220000.0 125.0 2.0 1000.0 41646429.0
15400.0 0.0 3.0 18.0 77789945.0 535152.0 0.0 60220000.0 122.0 2.0 1000.0 42114903.0
15500.0 0.0 3.0 18.0 77356331.0 505167.0 0.0 60220000.0 120.0 2.0 1000.0 42578502.0
15600.0 0.0 3.0 17.0 76935787.0 485217.0 0.0 60220000.0 117.0 2.0 1000.0 43018996.0
15700.0 0.0 3.0 17.0 76520794.0 467961.0 0.0 60220000.0 116.0 2.0 1000.0 43451245.0
15800.0 0.0 3.0 17.0 76114407.0 443864.0 0.0 60220000.0 111.0 2.0 1000.0 43881729.0
15900.0 0.0 3.0 17.0 75723439.0 409551.0 0.0 60220000.0 109.0 2.0 1000.0 44307010.0
16000.0 0.0 3.0 17.0 75334776.0 376968.0 0.0 60220000.0 109.0 2.0 1000.0 44728256.0
16100.0 0.0 3.0 17.0 74951548.0 347238.0 0.0 60220000.0 105.0 2.0 1000.0 45141214.0
16200.0 0.0 3.0 17.0 74581502.0 310817.0 0.0 60220000.0 103.0 2.0 1000.0 45547681.0
16300.0 0.0 3.0 17.0 74213562.0 280958.0 0.0 60220000.0 103.0 2.0 1000.0 45945480.0
16400.0 0.0 3.0 17.0 73852861.0 253029.0 0.0 60220000.0 100.0 2.0 1000.0 46334110.0
16500.0 0.0 3.0 17.0 73499934.0 228993.0 0.0 60220000.0 99.0 2.0 1000.0 46711073.0
16600.0 0.0 3.0 17.0 73145901.0 214380.0 0.0 60220000.0 99.0 2.0 1000.0 47079719.0
16700.0 0.0 3.0 16.0 72796644.0 203492.0 0.0 60220000.0 95.0 2.0 1000.0 47439864.0
16800.0 0.0 3.0 16.0 72464012.0 196757.0 0.0 60220000.0 91.0 2.0 1000.0 47779231.0
16900.0 0.0 3.0 16.0 72141031.0 185846.0 0.0 60220000.0 89.0 2.0 1000.0 48113123.0
17000.0 0.0 3.0 16.0 71826731.0 173593.0 0.0 60220000.0 87.0 2.0 1000.0 48439676.0
17100.0 0.0 3.0 16.0 71519121.0 162931.0 0.0 60220000.0 86.0 2.0 1000.0 48757948.0
17200.0 0.0 3.0 15.0 71212985.0 166778.0 0.0 60220000.0 85.0 2.0 1000.0 49060237.0
17300.0 0.0 3.0 15.0 70915740.0 165399.0 0.0 60220000.0 83.0 2.0 1000.0 49358861.0
17400.0 0.0 3.0 14.0 70619760.0 175127.0 0.0 60220000.0 82.0 2.0 1000.0 49645113.0
17500.0 0.0 3.0 14.0 70329683.0 180620.0 0.0 60220000.0 80.0 2.0 1000.0 49929697.0
17600.0 0.0 3.0 13.0 70045025.0 187537.0 0.0 60220000.0 80.0 2.0 1000.0 50207438.0
17700.0 0.0 3.0 13.0 69759132.0 201892.0 0.0 60220000.0 80.0 2.0 1000.0 50478976.0
17800.0 0.0 3.0 13.0 69473445.0 209880.0 0.0 60220000.0 80.0 2.0 1000.0 50756675.0
17900.0 0.0 3.0 13.0 69187786.0 217215.0 0.0 60220000.0 80.0 2.0 1000.0 51034999.0
18000.0 0.0 3.0 13.0 68904529.0 219097.0 0.0 60220000.0 79.0 2.0 1000.0 51316374.0
18100.0 0.0 3.0 13.0 68627740.0 215143.0 0.0 60220000.0 77.0 2.0 1000.0 51597117.0
18200.0 0.0 3.0 12.0 68358057.0 217094.0 0.0 60220000.0 75.0 2.0 1000.0 51864849.0
18300.0 0.0 3.0 12.0 68093424.0 222291.0 0.0 60220000.0 74.0 2.0 1000.0 52124285.0
18400.0 0.0 3.0 12.0 67831177.0 223728.0 0.0 60220000.0 72.0 2.0 1000.0 52385095.0
18500.0 0.0 3.0 12.0 67577648.0 215749.0 0.0 60220000.0 69.0 2.0 1000.0 52646603.0
18600.0 0.0 3.0 12.0 67334104.0 202277.0 0.0 60220000.0 67.0 2.0 1000.0 52903619.0
18700.0 0.0 3.0 12.0 67098542.0 186580.0 0.0 60220000.0 66.0 2.0 1000.0 53154878.0
18800.0 0.0 3.0 12.0 66862916.0 176318.0 0.0 60220000.0 66.0 2.0 1000.0 53400766.0
18900.0 0.0 3.0 12.0 66632178.0 165105.0 0.0 60220000.0 64.0 2.0 1000.0 53642717.0
19000.0 0.0 3.0 12.0 66408598.0 153083.0 0.0 60220000.0 62.0 2.0 1000.0 53878319.0
19100.0 0.0 3.0 12.0 66192445.0 140267.0 0.0 60220000.0 60.0 2.0 1000.0 54107288.0
19200.0 0.0 3.0 12.0 65979018.0 131809.0 0.0 60220000.0 59.0 2.0 1000.0 54329173.0
19300.0 0.0 3.0 12.0 65769164.0 124838.0 0.0 60220000.0 59.0 2.0 1000.0 54545998.0
19400.0 0.0 3.0 12.0 65558314.0 122603.0 0.0 60220000.0 59.0 2.0 1000.0 54759083.0
19500.0 0.0 3.0 12.0 65349275.0 119453.0 0.0 60220000.0 58.0 2.0 1000.0 54971272.0
19600.0 0.0 3.0 12.0 65146737.0 113001.0 0.0 60220000.0 56.0 2.0 1000.0 55180262.0
19700.0 0.0 3.0 12.0 64949127.0 107230.0 0.0 60220000.0 55.0 2.0 1000.0 55383643.0
19800.0 0.0 3.0 11.0 64757432.0 110100.0 0.0 60220000.0 53.0 2.0 1000.0 55572468.0
19900.0 0.0 3.0 11.0 64568109.0 111780.0 0.0 60220000.0 53.0 2.0 1000.0 55760111.0
