time rna_M monomer_betaGal protein_betaGal Lactose_external Lactose_internal Glucose_external Glucose_internal protein_Lactose_Permease dna_Lac_Operon Biomass Lactose_consumed
0.0 0.0 0.0 0.0 120440000.0 0.0 60220000.0 0.0 0.0 2.0 1000.0 0.0
100.0 0.0 0.0 0.0 120440000.0 0.0 30120989.0 30099011.0 0.0 2.0 1000.0 0.0
200.0 1.0 1.0 4.0 120408727.0 24168.0 72503.0 60147497.0 28.0 2.0 1000.0 7105.0
300.0 1.0 2.0 8.0 120272000.0 82327.0 0.0 60220000.0 51.0 2.0 1000.0 85673.0
400.0 0.0 1.0 9.0 120075059.0 132457.0 0.0 60220000.0 56.0 2.0 1000.0 232484.0
500.0 0.0 1.0 8.0 119877095.0 163655.0 0.0 60220000.0 55.0 2.0 1000.0 399250.0
600.0 0.0 1.0 8.0 119680498.0 196180.0 0.0 60220000.0 55.0 2.0 1000.0 563322.0
700.0 0.0 1.0 8.0 119484452.0 220876.0 0.0 60220000.0 55.0 2.0 1000.0 734672.0
800.0 0.0 1.0 8.0 119290409.0 239232.0 0.0 60220000.0 54.0 2.0 1000.0 910359.0
900.0 0.0 1.0 8.0 119101803.0 248642.0 0.0 60220000.0 51.0 2.0 1000.0 1089555.0
1000.0 0.0 1.0 8.0 118921810.0 249874.0 0.0 60220000.0 50.0 2.0 1000.0 1268316.0
1100.0 0.0 1.0 8.0 118743924.0 248209.0 0.0 60220000.0 50.0 2.0 1000.0 1447867.0
1200.0 0.0 1.0 8.0 118566510.0 245807.0 0.0 60220000.0 48.0 2.0 1000.0 1627683.0
1300.0 0.0 1.0 8.0 118395132.0 239333.0 0.0 60220000.0 48.0 2.0 1000.0 1805535.0
1400.0 0.0 1.0 7.0 118224507.0 237247.0 0.0 60220000.0 47.0 2.0 1000.0 1978246.0
1500.0 0.0 1.0 7.0 118057245.0 248772.0 0.0 60220000.0 46.0 2.0 1000.0 2133983.0
1600.0 0.0 1.0 6.0 117893181.0 264735.0 0.0 60220000.0 46.0 2.0 1000.0 2282084.0
1700.0 0.0 1.0 6.0 117731637.0 288575.0 0.0 60220000.0 44.0 2.0 1000.0 2419788.0
1800.0 0.0 1.0 6.0 117575447.0 304154.0 0.0 60220000.0 42.0 2.0 1000.0 2560399.0
1900.0 0.0 1.0 6.0 117428295.0 309768.0 0.0 60220000.0 39.0 2.0 1000.0 2701937.0
2000.0 0.0 1.0 6.0 117290857.0 305626.0 0.0 60220000.0 38.0 2.0 1000.0 2843517.0
2100.0 0.0 1.0 5.0 117157140.0 312955.0 0.0 60220000.0 37.0 2.0 1000.0 2969905.0
2200.0 0.0 1.0 5.0 117025453.0 326051.0 0.0 60220000.0 37.0 2.0 1000.0 3088496.0
2300.0 0.0 1.0 5.0 116893774.0 338425.0 0.0 60220000.0 37.0 2.0 1000.0 3207801.0
2400.0 0.0 1.0 5.0 116766616.0 344716.0 0.0 60220000.0 35.0 2.0 1000.0 3328668.0
2500.0 0.0 1.0 5.0 116644961.0 346377.0 0.0 60220000.0 34.0 2.0 1000.0 3448662.0
2600.0 0.0 1.0 5.0 116526432.0 344432.0 0.0 60220000.0 32.0 2.0 1000.0 3569136.0
2700.0 0.0 1.0 5.0 116412799.0 337653.0 0.0 60220000.0 31.0 2.0 1000.0 3689548.0
2800.0 0.0 1.0 5.0 116302203.0 328533.0 0.0 60220000.0 31.0 2.0 1000.0 3809264.0
2900.0 0.0 1.0 5.0 116194086.0 318135.0 0.0 60220000.0 30.0 2.0 1000.0 3927779.0
3000.0 0.0 1.0 5.0 116086455.0 308323.0 0.0 60220000.0 30.0 2.0 1000.0 4045222.0
3100.0 0.0 3.0 5.0 115969830.0 306824.0 0.0 60220000.0 33.0 2.0 1000.0 4163346.0
3200.0 0.0 3.0 4.0 115853464.0 307263.0 0.0 60220000.0 31.0 2.0 1000.0 4279273.0
3300.0 0.0 3.0 4.0 115744293.0 321832.0 0.0 60220000.0 29.0 2.0 1000.0 4373875.0
3400.0 0.0 3.0 4.0 115644236.0 326471.0 0.0 60220000.0 28.0 2.0 1000.0 4469293.0
3500.0 0.0 3.0 4.0 115546740.0 328698.0 0.0 60220000.0 27.0 2.0 1000.0 4564562.0
3600.0 0.0 3.0 4.0 115450118.0 329422.0 0.0 60220000.0 27.0 2.0 1000.0 4660460.0
3700.0 0.0 3.0 3.0 115354461.0 336830.0 0.0 60220000.0 27.0 2.0 1000.0 4748709.0
3800.0 0.0 3.0 3.0 115258082.0 360947.0 0.0 60220000.0 27.0 2.0 1000.0 4820971.0
3900.0 0.0 3.0 3.0 115161508.0 383987.0 0.0 60220000.0 27.0 2.0 1000.0 4894505.0
4000.0 0.0 3.0 3.0 115066737.0 404172.0 0.0 60220000.0 26.0 2.0 1000.0 4969091.0
4100.0 0.0 3.0 3.0 114974265.0 421614.0 0.0 60220000.0 26.0 2.0 1000.0 5044121.0
4200.0 0.0 3.0 3.0 114881631.0 438484.0 0.0 60220000.0 26.0 2.0 1000.0 5119885.0
4300.0 1.0 1.0 4.0 114787320.0 453998.0 0.0 60220000.0 32.0 2.0 1000.0 5198682.0
4400.0 0.0 2.0 4.0 114669415.0 470464.0 0.0 60220000.0 33.0 2.0 1000.0 5300121.0
4500.0 0.0 2.0 4.0 114555290.0 482836.0 0.0 60220000.0 32.0 2.0 1000.0 5401874.0
4600.0 0.0 2.0 4.0 114441574.0 494665.0 0.0 60220000.0 32.0 2.0 1000.0 5503761.0
4700.0 0.0 2.0 4.0 114327776.0 505811.0 0.0 60220000.0 32.0 2.0 1000.0 5606413.0
4800.0 0.0 2.0 4.0 114213045.0 517174.0 0.0 60220000.0 32.0 2.0 1000.0 5709781.0
4900.0 0.0 2.0 4.0 114099121.0 527657.0 0.0 60220000.0 32.0 2.0 1000.0 5813222.0
5000.0 0.0 2.0 3.0 113984551.0 557921.0 0.0 60220000.0 32.0 2.0 1000.0 5897528.0
5100.0 0.0 2.0 3.0 113872267.0 591221.0 0.0 60220000.0 31.0 2.0 1000.0 5976512.0
5200.0 0.0 2.0 3.0 113761051.0 623822.0 0.0 60220000.0 31.0 2.0 1000.0 6055127.0
5300.0 0.0 2.0 3.0 113652366.0 653020.0 0.0 60220000.0 30.0 2.0 1000.0 6134614.0
5400.0 0.0 2.0 3.0 113545468.0 679949.0 0.0 60220000.0 30.0 2.0 1000.0 6214583.0
5500.0 0.0 2.0 3.0 113439043.0 706420.0 0.0 60220000.0 30.0 2.0 1000.0 6294537.0
5600.0 0.0 2.0 3.0 113334639.0 730262.0 0.0 60220000.0 29.0 2.0 1000.0 6375099.0
5700.0 0.0 2.0 3.0 113233156.0 750441.0 0.0 60220000.0 27.0 2.0 1000.0 6456403.0
5800.0 0.0 2.0 3.0 113141365.0 761859.0 0.0 60220000.0 25.0 2.0 1000.0 6536776.0
5900.0 0.0 2.0 3.0 113053246.0 768756.0 0.0 60220000.0 24.0 2.0 1000.0 6617998.0
6000.0 0.0 2.0 3.0 112967343.0 774104.0 0.0 60220000.0 24.0 2.0 1000.0 6698553.0
6100.0 0.0 2.0 3.0 112882044.0 778466.0 0.0 60220000.0 24.0 2.0 1000.0 6779490.0
6200.0 0.0 2.0 3.0 112796861.0 782497.0 0.0 60220000.0 23.0 2.0 1000.0 6860642.0
6300.0 0.0 2.0 3.0 112718213.0 780097.0 0.0 60220000.0 22.0 2.0 1000.0 6941690.0
6400.0 0.0 2.0 3.0 112640185.0 777376.0 0.0 60220000.0 22.0 2.0 1000.0 7022439.0
6500.0 0.0 2.0 3.0 112562602.0 773570.0 0.0 60220000.0 21.0 2.0 1000.0 7103828.0
6600.0 0.0 2.0 3.0 112487853.0 767132.0 0.0 60220000.0 21.0 2.0 1000.0 7185015.0
6700.0 0.0 2.0 3.0 112412715.0 761108.0 0.0 60220000.0 21.0 2.0 1000.0 7266177.0
6800.0 0.0 2.0 3.0 112337948.0 755310.0 0.0 60220000.0 21.0 2.0 1000.0 7346742.0
6900.0 0.0 2.0 3.0 112263567.0 748726.0 0.0 60220000.0 21.0 2.0 1000.0 7427707.0
7000.0 0.0 2.0 3.0 112188621.0 742601.0 0.0 60220000.0 21.0 2.0 1000.0 7508778.0
7100.0 0.0 2.0 3.0 112113360.0 737538.0 0.0 60220000.0 21.0 2.0 1000.0 7589102.0
7200.0 0.0 2.0 2.0 112038824.0 747587.0 0.0 60220000.0 20.0 2.0 1000.0 7653589.0
7300.0 0.0 2.0 2.0 111967419.0 765215.0 0.0 60220000.0 20.0 2.0 1000.0 7707366.0
7400.0 0.0 2.0 2.0 111897075.0 780925.0 0.0 60220000.0 19.0 2.0 1000.0 7762000.0
7500.0 0.0 2.0 2.0 111829407.0 794719.0 0.0 60220000.0 19.0 2.0 1000.0 7815874.0
7600.0 0.0 2.0 2.0 111761365.0 807983.0 0.0 60220000.0 19.0 2.0 1000.0 7870652.0
7700.0 0.0 2.0 1.0 111696369.0 841382.0 0.0 60220000.0 18.0 2.0 1000.0 7902249.0
7800.0 0.0 2.0 1.0 111632405.0 878012.0 0.0 60220000.0 18.0 2.0 1000.0 7929583.0
7900.0 0.0 2.0 1.0 111568625.0 914179.0 0.0 60220000.0 18.0 2.0 1000.0 7957196.0
8000.0 0.0 2.0 1.0 111504396.0 951112.0 0.0 60220000.0 18.0 2.0 1000.0 7984492.0
8100.0 0.0 2.0 1.0 111442574.0 985474.0 0.0 60220000.0 17.0 2.0 1000.0 8011952.0
8200.0 0.0 2.0 1.0 111382719.0 1017689.0 0.0 60220000.0 16.0 2.0 1000.0 8039592.0
8300.0 0.0 2.0 1.0 111327212.0 1045590.0 0.0 60220000.0 15.0 2.0 1000.0 8067198.0
8400.0 0.0 2.0 1.0 111273696.0 1071299.0 0.0 60220000.0 15.0 2.0 1000.0 8095005.0
8500.0 0.0 2.0 1.0 111220399.0 1096659.0 0.0 60220000.0 15.0 2.0 1000.0 8122942.0
8600.0 0.0 2.0 1.0 111166802.0 1122470.0 0.0 60220000.0 15.0 2.0 1000.0 8150728.0
8700.0 0.0 2.0 1.0 111116190.0 1145160.0 0.0 60220000.0 14.0 2.0 1000.0 8178650.0
8800.0 1.0 1.0 3.0 111045786.0 1173259.0 0.0 60220000.0 33.0 2.0 1000.0 8220955.0
8900.0 0.0 0.0 5.0 110888398.0 1205803.0 0.0 60220000.0 47.0 2.0 1000.0 8345799.0
9000.0 0.0 0.0 5.0 110720750.0 1233475.0 0.0 60220000.0 47.0 2.0 1000.0 8485775.0
9100.0 0.0 3.0 6.0 110534842.0 1258836.0 0.0 60220000.0 53.0 2.0 1000.0 8646322.0
9200.0 0.0 3.0 6.0 110349328.0 1275416.0 0.0 60220000.0 52.0 2.0 1000.0 8815256.0
9300.0 0.0 3.0 6.0 110164553.0 1291051.0 0.0 60220000.0 52.0 2.0 1000.0 8984396.0
9400.0 1.0 2.0 7.0 109981860.0 1300980.0 0.0 60220000.0 57.0 2.0 1000.0 9157160.0
9500.0 0.0 3.0 9.0 109737894.0 1303747.0 0.0 60220000.0 76.0 2.0 1000.0 9398359.0
9600.0 0.0 3.0 9.0 109469207.0 1318542.0 0.0 60220000.0 74.0 2.0 1000.0 9652251.0
9700.0 0.0 3.0 9.0 109205471.0 1329070.0 0.0 60220000.0 74.0 2.0 1000.0 9905459.0
9800.0 0.0 3.0 8.0 108942973.0 1358362.0 0.0 60220000.0 74.0 2.0 1000.0 10138665.0
9900.0 0.0 3.0 8.0 108681393.0 1393352.0 0.0 60220000.0 73.0 2.0 1000.0 10365255.0
10000.0 0.0 0.0 10.0 108389355.0 1422335.0 0.0 60220000.0 87.0 2.0 1000.0 10628310.0
10100.0 0.0 0.0 10.0 108084839.0 1442757.0 0.0 60220000.0 84.0 2.0 1000.0 10912404.0
10200.0 0.0 0.0 10.0 107789556.0 1454585.0 0.0 60220000.0 81.0 2.0 1000.0 11195859.0
10300.0 1.0 1.0 10.0 107505230.0 1454906.0 0.0 60220000.0 79.0 2.0 1000.0 11479864.0
10400.0 0.0 1.0 13.0 107185496.0 1443214.0 0.0 60220000.0 99.0 2.0 1000.0 11811290.0
10500.0 0.0 1.0 13.0 106833667.0 1426110.0 0.0 60220000.0 99.0 2.0 1000.0 12180223.0
10600.0 0.0 1.0 13.0 106482875.0 1407952.0 0.0 60220000.0 98.0 2.0 1000.0 12549173.0
10700.0 0.0 1.0 16.0 106074239.0 1407193.0 0.0 60220000.0 127.0 2.0 1000.0 12958568.0
10800.0 0.0 1.0 16.0 105628198.0 1400522.0 0.0 60220000.0 123.0 2.0 1000.0 13411280.0
10900.0 0.0 1.0 16.0 105190751.0 1385657.0 0.0 60220000.0 122.0 2.0 1000.0 13863592.0
11000.0 0.0 1.0 16.0 104759393.0 1365463.0 0.0 60220000.0 121.0 2.0 1000.0 14315144.0
11100.0 0.0 1.0 16.0 104332261.0 1340483.0 0.0 60220000.0 119.0 2.0 1000.0 14767256.0
11200.0 0.0 1.0 16.0 103908045.0 1313203.0 0.0 60220000.0 119.0 2.0 1000.0 15218752.0
11300.0 0.0 1.0 15.0 103492826.0 1281674.0 0.0 60220000.0 115.0 2.0 1000.0 15665500.0
11400.0 0.0 1.0 15.0 103083972.0 1268835.0 0.0 60220000.0 114.0 2.0 1000.0 16087193.0
11500.0 0.0 1.0 15.0 102680850.0 1250801.0 0.0 60220000.0 112.0 2.0 1000.0 16508349.0
11600.0 0.0 1.0 14.0 102285358.0 1244468.0 0.0 60220000.0 111.0 2.0 1000.0 16910174.0
11700.0 0.0 1.0 11.0 101890548.0 1270051.0 0.0 60220000.0 111.0 2.0 1000.0 17279401.0
11800.0 0.0 1.0 10.0 101496010.0 1356200.0 0.0 60220000.0 110.0 2.0 1000.0 17587790.0
11900.0 0.0 1.0 10.0 101107794.0 1461480.0 0.0 60220000.0 108.0 2.0 1000.0 17870726.0
12000.0 0.0 1.0 10.0 100734687.0 1551139.0 0.0 60220000.0 104.0 2.0 1000.0 18154174.0
12100.0 0.0 1.0 10.0 100369497.0 1630519.0 0.0 60220000.0 102.0 2.0 1000.0 18439984.0
12200.0 1.0 1.0 10.0 100011117.0 1703349.0 0.0 60220000.0 99.0 2.0 1000.0 18725534.0
12300.0 0.0 2.0 11.0 99628316.0 1777981.0 0.0 60220000.0 110.0 2.0 1000.0 19033703.0
12400.0 0.0 2.0 11.0 99238101.0 1852492.0 0.0 60220000.0 110.0 2.0 1000.0 19349407.0
12500.0 0.0 2.0 11.0 98847693.0 1925595.0 0.0 60220000.0 110.0 2.0 1000.0 19666712.0
12600.0 0.0 2.0 11.0 98463124.0 1993615.0 0.0 60220000.0 107.0 2.0 1000.0 19983261.0
12700.0 0.0 2.0 11.0 98096465.0 2043386.0 0.0 60220000.0 101.0 2.0 1000.0 20300149.0
12800.0 0.0 2.0 11.0 97747936.0 2074532.0 0.0 60220000.0 97.0 2.0 1000.0 20617532.0
12900.0 0.0 2.0 11.0 97404331.0 2100376.0 0.0 60220000.0 96.0 2.0 1000.0 20935293.0
13000.0 1.0 1.0 13.0 97037142.0 2124300.0 0.0 60220000.0 117.0 2.0 1000.0 21278558.0
13100.0 1.0 3.0 13.0 96573921.0 2199714.0 0.0 60220000.0 147.0 2.0 1000.0 21666365.0
13200.0 0.0 0.0 14.0 96030234.0 2340613.0 0.0 60220000.0 153.0 2.0 1000.0 22069153.0
13300.0 0.0 0.0 14.0 95491391.0 2474161.0 0.0 60220000.0 150.0 2.0 1000.0 22474448.0
13400.0 1.0 1.0 13.0 94970592.0 2606126.0 0.0 60220000.0 146.0 2.0 1000.0 22863282.0
13500.0 0.0 1.0 14.0 94394803.0 2796215.0 0.0 60220000.0 171.0 2.0 1000.0 23248982.0
13600.0 1.0 0.0 18.0 93771143.0 2985527.0 0.0 60220000.0 190.0 2.0 1000.0 23683330.0
13700.0 0.0 0.0 17.0 93094663.0 3147304.0 0.0 60220000.0 190.0 2.0 1000.0 24198033.0
13800.0 0.0 0.0 17.0 92422587.0 3322304.0 0.0 60220000.0 189.0 2.0 1000.0 24695109.0
13900.0 0.0 0.0 17.0 91757167.0 3489108.0 0.0 60220000.0 188.0 2.0 1000.0 25193725.0
14000.0 0.0 0.0 17.0 91094750.0 3652630.0 0.0 60220000.0 186.0 2.0 1000.0 25692620.0
14100.0 0.0 0.0 17.0 90439907.0 3809087.0 0.0 60220000.0 183.0 2.0 1000.0 26191006.0
14200.0 0.0 0.0 16.0 89797406.0 3962247.0 0.0 60220000.0 180.0 2.0 1000.0 26680347.0
14300.0 0.0 0.0 16.0 89165302.0 4124239.0 0.0 60220000.0 177.0 2.0 1000.0 27150459.0
14400.0 0.0 0.0 15.0 88518507.0 4286940.0 0.0 60220000.0 183.0 2.0 1000.0 27634553.0
14500.0 0.0 0.0 16.0 87871753.0 4471321.0 0.0 60220000.0 182.0 2.0 1000.0 28096926.0
14600.0 0.0 1.0 17.0 87229376.0 4635381.0 0.0 60220000.0 184.0 2.0 1000.0 28575243.0
14700.0 0.0 1.0 17.0 86587138.0 4778407.0 0.0 60220000.0 177.0 2.0 1000.0 29074455.0
14800.0 1.0 0.0 19.0 85959450.0 4898015.0 0.0 60220000.0 186.0 2.0 1000.0 29582535.0
14900.0 0.0 1.0 19.0 85274004.0 5014999.0 0.0 60220000.0 195.0 2.0 1000.0 30150997.0
15000.0 0.0 1.0 18.0 84589310.0 5154523.0 0.0 60220000.0 193.0 2.0 1000.0 30696167.0
15100.0 0.0 2.0 17.0 83907365.0 5317092.0 0.0 60220000.0 194.0 2.0 1000.0 31215543.0
15200.0 1.0 1.0 19.0 83178917.0 5514178.0 0.0 60220000.0 223.0 2.0 1000.0 31746905.0
15300.0 0.0 1.0 22.0 82354411.0 5712409.0 0.0 60220000.0 236.0 2.0 1000.0 32373180.0
15400.0 0.0 1.0 22.0 81524902.0 5892608.0 0.0 60220000.0 232.0 2.0 1000.0 33022490.0
15500.0 0.0 1.0 22.0 80719320.0 6046837.0 0.0 60220000.0 227.0 2.0 1000.0 33673843.0
15600.0 0.0 3.0 21.0 79898750.0 6228133.0 0.0 60220000.0 232.0 2.0 1000.0 34313117.0
15700.0 0.0 0.0 23.0 79084674.0 6406880.0 0.0 60220000.0 233.0 2.0 1000.0 34948446.0
15800.0 1.0 1.0 24.0 78252502.0 6556340.0 0.0 60220000.0 246.0 2.0 1000.0 35631158.0
15900.0 0.0 3.0 24.0 77365932.0 6731785.0 0.0 60220000.0 253.0 2.0 1000.0 36342283.0
16000.0 0.0 3.0 24.0 76484756.0 6901977.0 0.0 60220000.0 247.0 2.0 1000.0 37053267.0
16100.0 0.0 3.0 24.0 75625728.0 7050578.0 0.0 60220000.0 242.0 2.0 1000.0 37763694.0
16200.0 1.0 1.0 25.0 74784102.0 7178572.0 0.0 60220000.0 237.0 2.0 1000.0 38477326.0
16300.0 1.0 0.0 28.0 73906644.0 7269120.0 0.0 60220000.0 260.0 2.0 1000.0 39264236.0
16400.0 2.0 0.0 32.0 72941583.0 7364359.0 0.0 60220000.0 291.0 2.0 1000.0 40134058.0
16500.0 1.0 2.0 36.0 71828866.0 7460207.0 0.0 60220000.0 338.0 2.0 1000.0 41150927.0
16600.0 0.0 1.0 44.0 70583374.0 7509166.0 0.0 60220000.0 367.0 2.0 1000.0 42347460.0
16700.0 0.0 1.0 44.0 69313954.0 7472123.0 0.0 60220000.0 357.0 2.0 1000.0 43653923.0
16800.0 0.0 1.0 44.0 68071793.0 7407921.0 0.0 60220000.0 350.0 2.0 1000.0 44960286.0
16900.0 0.0 1.0 42.0 66854212.0 7330846.0 0.0 60220000.0 343.0 2.0 1000.0 46254942.0
17000.0 1.0 2.0 42.0 65659185.0 7281405.0 0.0 60220000.0 341.0 2.0 1000.0 47499410.0
17100.0 1.0 3.0 42.0 64437079.0 7255926.0 0.0 60220000.0 354.0 2.0 1000.0 48746995.0
17200.0 2.0 2.0 47.0 63130868.0 7250930.0 0.0 60220000.0 392.0 2.0 1000.0 50058202.0
17300.0 1.0 2.0 56.0 61675193.0 7162546.0 0.0 60220000.0 429.0 2.0 1000.0 51602261.0
17400.0 0.0 0.0 60.0 60081540.0 7042152.0 0.0 60220000.0 468.0 2.0 1000.0 53316308.0
17500.0 0.0 0.0 60.0 58452321.0 6892394.0 0.0 60220000.0 459.0 2.0 1000.0 55095285.0
17600.0 0.0 0.0 57.0 56838787.0 6791148.0 0.0 60220000.0 455.0 2.0 1000.0 56810065.0
17700.0 0.0 0.0 57.0 55247864.0 6692422.0 0.0 60220000.0 448.0 2.0 1000.0 58499714.0
17800.0 0.0 0.0 56.0 53684327.0 6570700.0 0.0 60220000.0 441.0 2.0 1000.0 60184973.0
17900.0 0.0 0.0 56.0 52146432.0 6448578.0 0.0 60220000.0 434.0 2.0 1000.0 61844990.0
18000.0 0.0 0.0 56.0 50626250.0 6309169.0 0.0 60220000.0 431.0 2.0 1000.0 63504581.0
18100.0 0.0 0.0 56.0 49121254.0 6155314.0 0.0 60220000.0 423.0 2.0 1000.0 65163432.0
18200.0 1.0 0.0 58.0 47633873.0 5970358.0 0.0 60220000.0 434.0 2.0 1000.0 66835769.0
18300.0 0.0 2.0 60.0 46079115.0 5759419.0 0.0 60220000.0 444.0 2.0 1000.0 68601466.0
18400.0 1.0 2.0 60.0 44521895.0 5544118.0 0.0 60220000.0 439.0 2.0 1000.0 70373987.0
18500.0 1.0 1.0 63.0 42908696.0 5340868.0 0.0 60220000.0 478.0 2.0 1000.0 72190436.0
18600.0 1.0 1.0 65.0 41196047.0 5192212.0 0.0 60220000.0 495.0 2.0 1000.0 74051741.0
18700.0 0.0 3.0 62.0 39450455.0 5050303.0 0.0 60220000.0 492.0 2.0 1000.0 75939242.0
18800.0 1.0 1.0 63.0 37735998.0 4929770.0 0.0 60220000.0 490.0 2.0 1000.0 77774232.0
18900.0 1.0 2.0 65.0 35984521.0 4791642.0 0.0 60220000.0 506.0 2.0 1000.0 79663837.0
19000.0 0.0 1.0 64.0 34184017.0 4646899.0 0.0 60220000.0 510.0 2.0 1000.0 81609084.0
19100.0 0.0 1.0 63.0 32397815.0 4550155.0 0.0 60220000.0 502.0 2.0 1000.0 83492030.0
19200.0 1.0 2.0 65.0 30580805.0 4478759.0 0.0 60220000.0 530.0 2.0 1000.0 85380436.0
19300.0 2.0 3.0 72.0 28666605.0 4378310.0 0.0 60220000.0 567.0 2.0 1000.0 87395085.0
19400.0 1.0 1.0 78.0 26557551.0 4268473.0 0.0 60220000.0 621.0 2.0 1000.0 89613976.0
19500.0 0.0 0.0 82.0 24341726.0 4116621.0 0.0 60220000.0 637.0 2.0 1000.0 91981653.0
19600.0 0.0 0.0 82.0 22133392.0 3918100.0 0.0 60220000.0 623.0 2.0 1000.0 94388508.0
19700.0 1.0 1.0 83.0 19957002.0 3686684.0 0.0 60220000.0 626.0 2.0 1000.0 96796314.0
19800.0 2.0 2.0 85.0 17725764.0 3466618.0 0.0 60220000.0 643.0 2.0 1000.0 99247618.0
19900.0 1.0 1.0 91.0 15398336.0 3213028.0 0.0 60220000.0 682.0 2.0 1000.0 101828636.0
