time rna_M monomer_betaGal protein_betaGal Lactose_external Lactose_internal Glucose_external Glucose_internal protein_Lactose_Permease dna_Lac_Operon Biomass Lactose_consumed
0.0 0.0 0.0 0.0 120440000.0 0.0 60220000.0 0.0 0.0 2.0 1000.0 0.0
100.0 0.0 0.0 0.0 120440000.0 0.0 30116495.0 30103505.0 0.0 2.0 1000.0 0.0
200.0 0.0 0.0 0.0 120440000.0 0.0 81759.0 60138241.0 0.0 2.0 1000.0 0.0
300.0 0.0 0.0 0.0 120440000.0 0.0 0.0 60220000.0 0.0 2.0 1000.0 0.0
400.0 0.0 0.0 0.0 120440000.0 0.0 0.0 60220000.0 0.0 2.0 1000.0 0.0
500.0 0.0 0.0 0.0 120440000.0 0.0 0.0 60220000.0 0.0 2.0 1000.0 0.0
600.0 0.0 0.0 0.0 120440000.0 0.0 0.0 60220000.0 0.0 2.0 1000.0 0.0
700.0 0.0 0.0 0.0 120440000.0 0.0 0.0 60220000.0 0.0 2.0 1000.0 0.0
800.0 0.0 0.0 0.0 120440000.0 0.0 0.0 60220000.0 0.0 2.0 1000.0 0.0
900.0 0.0 0.0 0.0 120440000.0 0.0 0.0 60220000.0 0.0 2.0 1000.0 0.0
1000.0 0.0 0.0 0.0 120440000.0 0.0 0.0 60220000.0 0.0 2.0 1000.0 0.0
1100.0 0.0 0.0 0.0 120440000.0 0.0 0.0 60220000.0 0.0 2.0 1000.0 0.0
1200.0 0.0 0.0 0.0 120440000.0 0.0 0.0 60220000.0 0.0 2.0 1000.0 0.0
1300.0 0.0 0.0 0.0 120440000.0 0.0 0.0 60220000.0 0.0 2.0 1000.0 0.0
1400.0 0.0 0.0 0.0 120440000.0 0.0 0.0 60220000.0 0.0 2.0 1000.0 0.0
1500.0 0.0 0.0 0.0 120440000.0 0.0 0.0 60220000.0 0.0 2.0 1000.0 0.0
1600.0 0.0 0.0 0.0 120440000.0 0.0 0.0 60220000.0 0.0 2.0 1000.0 0.0
1700.0 0.0 0.0 0.0 120440000.0 0.0 0.0 60220000.0 0.0 2.0 1000.0 0.0
1800.0 0.0 0.0 0.0 120440000.0 0.0 0.0 60220000.0 0.0 2.0 1000.0 0.0
1900.0 0.0 0.0 0.0 120440000.0 0.0 0.0 60220000.0 0.0 2.0 1000.0 0.0
2000.0 0.0 0.0 0.0 120440000.0 0.0 0.0 60220000.0 0.0 2.0 1000.0 0.0
2100.0 0.0 0.0 0.0 120440000.0 0.0 0.0 60220000.0 0.0 2.0 1000.0 0.0
2200.0 0.0 0.0 0.0 120440000.0 0.0 0.0 60220000.0 0.0 2.0 1000.0 0.0
2300.0 0.0 0.0 0.0 120440000.0 0.0 0.0 60220000.0 0.0 2.0 1000.0 0.0
2400.0 0.0 0.0 0.0 120440000.0 0.0 0.0 60220000.0 0.0 2.0 1000.0 0.0
2500.0 0.0 0.0 0.0 120440000.0 0.0 0.0 60220000.0 0.0 2.0 1000.0 0.0
2600.0 0.0 0.0 0.0 120440000.0 0.0 0.0 60220000.0 0.0 2.0 1000.0 0.0
2700.0 0.0 0.0 0.0 120440000.0 0.0 0.0 60220000.0 0.0 2.0 1000.0 0.0
2800.0 0.0 0.0 0.0 120440000.0 0.0 0.0 60220000.0 0.0 2.0 1000.0 0.0
2900.0 0.0 0.0 0.0 120440000.0 0.0 0.0 60220000.0 0.0 2.0 1000.0 0.0
3000.0 0.0 0.0 0.0 120440000.0 0.0 0.0 60220000.0 0.0 2.0 1000.0 0.0
3100.0 0.0 0.0 0.0 120440000.0 0.0 0.0 60220000.0 0.0 2.0 1000.0 0.0
3200.0 0.0 0.0 0.0 120440000.0 0.0 0.0 60220000.0 0.0 2.0 1000.0 0.0
3300.0 0.0 0.0 0.0 120440000.0 0.0 0.0 60220000.0 0.0 2.0 1000.0 0.0
3400.0 0.0 0.0 0.0 120440000.0 0.0 0.0 60220000.0 0.0 2.0 1000.0 0.0
3500.0 0.0 0.0 0.0 120440000.0 0.0 0.0 60220000.0 0.0 2.0 1000.0 0.0
3600.0 0.0 0.0 0.0 120440000.0 0.0 0.0 60220000.0 0.0 2.0 1000.0 0.0
3700.0 0.0 2.0 0.0 120435888.0 4112.0 0.0 60220000.0 2.0 2.0 1000.0 0.0
3800.0 0.0 2.0 0.0 120428687.0 11313.0 0.0 60220000.0 2.0 2.0 1000.0 0.0
3900.0 0.0 2.0 0.0 120421414.0 18586.0 0.0 60220000.0 2.0 2.0 1000.0 0.0
4000.0 0.0 2.0 0.0 120414306.0 25694.0 0.0 60220000.0 2.0 2.0 1000.0 0.0
4100.0 0.0 2.0 0.0 120407181.0 32819.0 0.0 60220000.0 2.0 2.0 1000.0 0.0
4200.0 0.0 2.0 0.0 120400073.0 39927.0 0.0 60220000.0 2.0 2.0 1000.0 0.0
4300.0 0.0 2.0 0.0 120392741.0 47259.0 0.0 60220000.0 2.0 2.0 1000.0 0.0
4400.0 0.0 2.0 0.0 120385609.0 54391.0 0.0 60220000.0 2.0 2.0 1000.0 0.0
4500.0 0.0 2.0 0.0 120379523.0 60477.0 0.0 60220000.0 1.0 2.0 1000.0 0.0
4600.0 0.0 2.0 0.0 120375972.0 64028.0 0.0 60220000.0 1.0 2.0 1000.0 0.0
4700.0 0.0 2.0 0.0 120372422.0 67578.0 0.0 60220000.0 1.0 2.0 1000.0 0.0
4800.0 0.0 2.0 0.0 120368870.0 71130.0 0.0 60220000.0 1.0 2.0 1000.0 0.0
4900.0 0.0 2.0 0.0 120365228.0 74772.0 0.0 60220000.0 1.0 2.0 1000.0 0.0
5000.0 0.0 2.0 0.0 120361646.0 78354.0 0.0 60220000.0 1.0 2.0 1000.0 0.0
5100.0 0.0 2.0 0.0 120358091.0 81909.0 0.0 60220000.0 1.0 2.0 1000.0 0.0
5200.0 0.0 2.0 0.0 120354523.0 85477.0 0.0 60220000.0 1.0 2.0 1000.0 0.0
5300.0 0.0 2.0 0.0 120350931.0 89069.0 0.0 60220000.0 1.0 2.0 1000.0 0.0
5400.0 0.0 2.0 0.0 120347379.0 92621.0 0.0 60220000.0 1.0 2.0 1000.0 0.0
5500.0 0.0 2.0 0.0 120343715.0 96285.0 0.0 60220000.0 1.0 2.0 1000.0 0.0
5600.0 0.0 2.0 0.0 120340145.0 99855.0 0.0 60220000.0 1.0 2.0 1000.0 0.0
5700.0 0.0 2.0 0.0 120336654.0 103346.0 0.0 60220000.0 1.0 2.0 1000.0 0.0
5800.0 0.0 2.0 0.0 120333059.0 106941.0 0.0 60220000.0 1.0 2.0 1000.0 0.0
5900.0 0.0 2.0 0.0 120329572.0 110428.0 0.0 60220000.0 1.0 2.0 1000.0 0.0
6000.0 0.0 2.0 0.0 120325958.0 114042.0 0.0 60220000.0 1.0 2.0 1000.0 0.0
6100.0 0.0 2.0 0.0 120322350.0 117650.0 0.0 60220000.0 1.0 2.0 1000.0 0.0
6200.0 0.0 2.0 0.0 120318777.0 121223.0 0.0 60220000.0 1.0 2.0 1000.0 0.0
6300.0 0.0 2.0 0.0 120315172.0 124828.0 0.0 60220000.0 1.0 2.0 1000.0 0.0
6400.0 0.0 2.0 0.0 120311662.0 128338.0 0.0 60220000.0 1.0 2.0 1000.0 0.0
6500.0 0.0 2.0 0.0 120308122.0 131878.0 0.0 60220000.0 1.0 2.0 1000.0 0.0
6600.0 0.0 1.0 2.0 120286352.0 123041.0 0.0 60220000.0 7.0 2.0 1000.0 30607.0
6700.0 0.0 1.0 2.0 120261182.0 113115.0 0.0 60220000.0 7.0 2.0 1000.0 65703.0
6800.0 0.0 1.0 2.0 120236211.0 104148.0 0.0 60220000.0 7.0 2.0 1000.0 99641.0
6900.0 0.0 1.0 2.0 120211100.0 96628.0 0.0 60220000.0 7.0 2.0 1000.0 132272.0
7000.0 0.0 1.0 2.0 120186075.0 90214.0 0.0 60220000.0 7.0 2.0 1000.0 163711.0
7100.0 0.0 1.0 2.0 120161030.0 84796.0 0.0 60220000.0 7.0 2.0 1000.0 194174.0
7200.0 0.0 1.0 2.0 120136156.0 80226.0 0.0 60220000.0 7.0 2.0 1000.0 223618.0
7300.0 0.0 1.0 1.0 120111382.0 83821.0 0.0 60220000.0 7.0 2.0 1000.0 244797.0
7400.0 0.0 1.0 1.0 120086370.0 93542.0 0.0 60220000.0 7.0 2.0 1000.0 260088.0
7500.0 0.0 1.0 1.0 120061576.0 102269.0 0.0 60220000.0 7.0 2.0 1000.0 276155.0
7600.0 0.0 1.0 1.0 120036250.0 110882.0 0.0 60220000.0 7.0 2.0 1000.0 292868.0
7700.0 0.0 1.0 1.0 120011190.0 118715.0 0.0 60220000.0 7.0 2.0 1000.0 310095.0
7800.0 0.0 1.0 1.0 119986319.0 125677.0 0.0 60220000.0 7.0 2.0 1000.0 328004.0
7900.0 0.0 1.0 1.0 119961358.0 132568.0 0.0 60220000.0 7.0 2.0 1000.0 346074.0
8000.0 0.0 1.0 1.0 119936050.0 139285.0 0.0 60220000.0 7.0 2.0 1000.0 364665.0
8100.0 0.0 1.0 1.0 119911142.0 145475.0 0.0 60220000.0 7.0 2.0 1000.0 383383.0
8200.0 0.0 1.0 1.0 119888264.0 149251.0 0.0 60220000.0 6.0 2.0 1000.0 402485.0
8300.0 0.0 1.0 1.0 119866650.0 151636.0 0.0 60220000.0 6.0 2.0 1000.0 421714.0
8400.0 0.0 1.0 1.0 119845393.0 153512.0 0.0 60220000.0 6.0 2.0 1000.0 441095.0
8500.0 0.0 1.0 1.0 119823902.0 155601.0 0.0 60220000.0 6.0 2.0 1000.0 460497.0
8600.0 0.0 1.0 1.0 119802604.0 157342.0 0.0 60220000.0 6.0 2.0 1000.0 480054.0
8700.0 0.0 1.0 1.0 119781153.0 159234.0 0.0 60220000.0 6.0 2.0 1000.0 499613.0
8800.0 0.0 1.0 1.0 119761621.0 159210.0 0.0 60220000.0 5.0 2.0 1000.0 519169.0
8900.0 0.0 1.0 1.0 119743712.0 157525.0 0.0 60220000.0 5.0 2.0 1000.0 538763.0
9000.0 0.0 1.0 1.0 119725779.0 155862.0 0.0 60220000.0 5.0 2.0 1000.0 558359.0
9100.0 0.0 1.0 1.0 119708061.0 153958.0 0.0 60220000.0 5.0 2.0 1000.0 577981.0
9200.0 1.0 1.0 3.0 119675837.0 155844.0 0.0 60220000.0 20.0 2.0 1000.0 608319.0
9300.0 0.0 2.0 3.0 119598037.0 174162.0 0.0 60220000.0 22.0 2.0 1000.0 667801.0
9400.0 0.0 2.0 3.0 119521428.0 189500.0 0.0 60220000.0 21.0 2.0 1000.0 729072.0
9500.0 0.0 2.0 3.0 119446590.0 201577.0 0.0 60220000.0 21.0 2.0 1000.0 791833.0
9600.0 0.0 2.0 3.0 119376127.0 208268.0 0.0 60220000.0 19.0 2.0 1000.0 855605.0
9700.0 0.0 2.0 3.0 119308201.0 211886.0 0.0 60220000.0 19.0 2.0 1000.0 919913.0
9800.0 0.0 2.0 3.0 119240083.0 215249.0 0.0 60220000.0 19.0 2.0 1000.0 984668.0
9900.0 0.0 2.0 3.0 119172096.0 218778.0 0.0 60220000.0 19.0 2.0 1000.0 1049126.0
10000.0 0.0 2.0 3.0 119104057.0 222001.0 0.0 60220000.0 19.0 2.0 1000.0 1113942.0
10100.0 0.0 2.0 3.0 119038629.0 222184.0 0.0 60220000.0 18.0 2.0 1000.0 1179187.0
10200.0 0.0 2.0 2.0 118977373.0 229764.0 0.0 60220000.0 16.0 2.0 1000.0 1232863.0
10300.0 0.0 2.0 2.0 118919858.0 243071.0 0.0 60220000.0 16.0 2.0 1000.0 1277071.0
10400.0 0.0 2.0 2.0 118862200.0 255662.0 0.0 60220000.0 16.0 2.0 1000.0 1322138.0
10500.0 0.0 2.0 2.0 118804895.0 267404.0 0.0 60220000.0 16.0 2.0 1000.0 1367701.0
10600.0 0.0 2.0 2.0 118747712.0 278662.0 0.0 60220000.0 16.0 2.0 1000.0 1413626.0
10700.0 0.0 2.0 2.0 118690542.0 289704.0 0.0 60220000.0 16.0 2.0 1000.0 1459754.0
10800.0 0.0 2.0 2.0 118633473.0 300288.0 0.0 60220000.0 16.0 2.0 1000.0 1506239.0
10900.0 0.0 2.0 2.0 118576357.0 310434.0 0.0 60220000.0 16.0 2.0 1000.0 1553209.0
11000.0 0.0 2.0 2.0 118519333.0 319999.0 0.0 60220000.0 16.0 2.0 1000.0 1600668.0
11100.0 0.0 2.0 2.0 118462238.0 329432.0 0.0 60220000.0 16.0 2.0 1000.0 1648330.0
11200.0 0.0 2.0 1.0 118404996.0 361837.0 0.0 60220000.0 16.0 2.0 1000.0 1673167.0
11300.0 0.0 2.0 1.0 118350860.0 391460.0 0.0 60220000.0 15.0 2.0 1000.0 1697680.0
11400.0 0.0 2.0 1.0 118297348.0 420204.0 0.0 60220000.0 15.0 2.0 1000.0 1722448.0
11500.0 0.0 2.0 1.0 118244029.0 448366.0 0.0 60220000.0 15.0 2.0 1000.0 1747605.0
11600.0 0.0 2.0 0.0 118190910.0 498211.0 0.0 60220000.0 15.0 2.0 1000.0 1750879.0
11700.0 0.0 2.0 0.0 118137568.0 551553.0 0.0 60220000.0 15.0 2.0 1000.0 1750879.0
11800.0 0.0 2.0 0.0 118085500.0 603621.0 0.0 60220000.0 14.0 2.0 1000.0 1750879.0
11900.0 0.0 2.0 0.0 118035907.0 653214.0 0.0 60220000.0 14.0 2.0 1000.0 1750879.0
12000.0 0.0 2.0 0.0 117985945.0 703176.0 0.0 60220000.0 14.0 2.0 1000.0 1750879.0
12100.0 0.0 2.0 0.0 117935991.0 753130.0 0.0 60220000.0 14.0 2.0 1000.0 1750879.0
12200.0 0.0 2.0 0.0 117885866.0 803255.0 0.0 60220000.0 14.0 2.0 1000.0 1750879.0
12300.0 0.0 2.0 0.0 117836627.0 852494.0 0.0 60220000.0 14.0 2.0 1000.0 1750879.0
12400.0 0.0 2.0 0.0 117786790.0 902331.0 0.0 60220000.0 14.0 2.0 1000.0 1750879.0
12500.0 0.0 2.0 0.0 117736852.0 952269.0 0.0 60220000.0 14.0 2.0 1000.0 1750879.0
12600.0 0.0 2.0 0.0 117686942.0 1002179.0 0.0 60220000.0 14.0 2.0 1000.0 1750879.0
12700.0 0.0 2.0 0.0 117637225.0 1051896.0 0.0 60220000.0 14.0 2.0 1000.0 1750879.0
12800.0 0.0 2.0 0.0 117587083.0 1102038.0 0.0 60220000.0 14.0 2.0 1000.0 1750879.0
12900.0 0.0 2.0 0.0 117537317.0 1151804.0 0.0 60220000.0 14.0 2.0 1000.0 1750879.0
13000.0 0.0 2.0 0.0 117487933.0 1201188.0 0.0 60220000.0 14.0 2.0 1000.0 1750879.0
13100.0 0.0 2.0 0.0 117438952.0 1250169.0 0.0 60220000.0 13.0 2.0 1000.0 1750879.0
13200.0 0.0 2.0 0.0 117392978.0 1296143.0 0.0 60220000.0 13.0 2.0 1000.0 1750879.0
13300.0 0.0 2.0 0.0 117346741.0 1342380.0 0.0 60220000.0 13.0 2.0 1000.0 1750879.0
13400.0 0.0 2.0 0.0 117303938.0 1385183.0 0.0 60220000.0 12.0 2.0 1000.0 1750879.0
13500.0 0.0 2.0 0.0 117261303.0 1427818.0 0.0 60220000.0 12.0 2.0 1000.0 1750879.0
13600.0 0.0 2.0 0.0 117218463.0 1470658.0 0.0 60220000.0 12.0 2.0 1000.0 1750879.0
13700.0 0.0 2.0 0.0 117175769.0 1513352.0 0.0 60220000.0 12.0 2.0 1000.0 1750879.0
13800.0 0.0 2.0 0.0 117132913.0 1556208.0 0.0 60220000.0 12.0 2.0 1000.0 1750879.0
13900.0 0.0 2.0 0.0 117090003.0 1599118.0 0.0 60220000.0 12.0 2.0 1000.0 1750879.0
14000.0 0.0 2.0 0.0 117047393.0 1641728.0 0.0 60220000.0 12.0 2.0 1000.0 1750879.0
14100.0 0.0 3.0 0.0 116996107.0 1693014.0 0.0 60220000.0 19.0 2.0 1000.0 1750879.0
14200.0 0.0 3.0 0.0 116928929.0 1760192.0 0.0 60220000.0 19.0 2.0 1000.0 1750879.0
14300.0 0.0 3.0 0.0 116861171.0 1827950.0 0.0 60220000.0 19.0 2.0 1000.0 1750879.0
14400.0 0.0 3.0 0.0 116793527.0 1895594.0 0.0 60220000.0 19.0 2.0 1000.0 1750879.0
14500.0 0.0 3.0 0.0 116729507.0 1959614.0 0.0 60220000.0 18.0 2.0 1000.0 1750879.0
14600.0 0.0 3.0 0.0 116665844.0 2023277.0 0.0 60220000.0 18.0 2.0 1000.0 1750879.0
14700.0 0.0 3.0 0.0 116601820.0 2087301.0 0.0 60220000.0 18.0 2.0 1000.0 1750879.0
14800.0 0.0 3.0 0.0 116538251.0 2150870.0 0.0 60220000.0 18.0 2.0 1000.0 1750879.0
14900.0 0.0 3.0 0.0 116474577.0 2214544.0 0.0 60220000.0 18.0 2.0 1000.0 1750879.0
15000.0 0.0 3.0 0.0 116412087.0 2277034.0 0.0 60220000.0 17.0 2.0 1000.0 1750879.0
15100.0 0.0 3.0 0.0 116355013.0 2334108.0 0.0 60220000.0 16.0 2.0 1000.0 1750879.0
15200.0 1.0 0.0 2.0 116294388.0 2387411.0 0.0 60220000.0 24.0 2.0 1000.0 1758201.0
15300.0 0.0 2.0 3.0 116167688.0 2434663.0 0.0 60220000.0 39.0 2.0 1000.0 1837649.0
15400.0 0.0 2.0 3.0 116029899.0 2485640.0 0.0 60220000.0 39.0 2.0 1000.0 1924461.0
15500.0 1.0 3.0 4.0 115886015.0 2534500.0 0.0 60220000.0 50.0 2.0 1000.0 2019485.0
15600.0 1.0 1.0 8.0 115661104.0 2589582.0 0.0 60220000.0 78.0 2.0 1000.0 2189314.0
15700.0 2.0 3.0 12.0 115321743.0 2652985.0 0.0 60220000.0 120.0 2.0 1000.0 2465272.0
15800.0 1.0 3.0 14.0 114825662.0 2756289.0 0.0 60220000.0 157.0 2.0 1000.0 2858049.0
15900.0 1.0 0.0 19.0 114205186.0 2913246.0 0.0 60220000.0 194.0 2.0 1000.0 3321568.0
16000.0 2.0 2.0 22.0 113462637.0 3072331.0 0.0 60220000.0 225.0 2.0 1000.0 3905032.0
16100.0 3.0 0.0 30.0 112553650.0 3209387.0 0.0 60220000.0 284.0 2.0 1000.0 4676963.0
16200.0 1.0 2.0 34.0 111458157.0 3363126.0 0.0 60220000.0 323.0 2.0 1000.0 5618717.0
16300.0 1.0 1.0 37.0 110249098.0 3497641.0 0.0 60220000.0 361.0 2.0 1000.0 6693261.0
16400.0 1.0 2.0 41.0 108928117.0 3679846.0 0.0 60220000.0 386.0 2.0 1000.0 7832037.0
16500.0 2.0 1.0 52.0 107463122.0 3788798.0 0.0 60220000.0 441.0 2.0 1000.0 9188080.0
16600.0 1.0 0.0 56.0 105839051.0 3846349.0 0.0 60220000.0 474.0 2.0 1000.0 10754600.0
16700.0 0.0 1.0 57.0 104122890.0 3883757.0 0.0 60220000.0 488.0 2.0 1000.0 12433353.0
16800.0 0.0 1.0 56.0 102421602.0 3937015.0 0.0 60220000.0 477.0 2.0 1000.0 14081383.0
16900.0 0.0 1.0 56.0 100756352.0 3957614.0 0.0 60220000.0 466.0 2.0 1000.0 15726034.0
17000.0 0.0 1.0 55.0 99116534.0 3965164.0 0.0 60220000.0 461.0 2.0 1000.0 17358302.0
17100.0 0.0 1.0 54.0 97499150.0 3993999.0 0.0 60220000.0 453.0 2.0 1000.0 18946851.0
17200.0 1.0 3.0 57.0 95888174.0 3990462.0 0.0 60220000.0 465.0 2.0 1000.0 20561364.0
17300.0 0.0 0.0 59.0 94244242.0 3905496.0 0.0 60220000.0 460.0 2.0 1000.0 22290262.0
17400.0 0.0 0.0 57.0 92639692.0 3817715.0 0.0 60220000.0 449.0 2.0 1000.0 23982593.0
17500.0 1.0 3.0 56.0 91050996.0 3756681.0 0.0 60220000.0 452.0 2.0 1000.0 25632323.0
17600.0 2.0 3.0 62.0 89388341.0 3686902.0 0.0 60220000.0 500.0 2.0 1000.0 27364757.0
17700.0 3.0 1.0 70.0 87495022.0 3628824.0 0.0 60220000.0 568.0 2.0 1000.0 29316154.0
17800.0 1.0 3.0 79.0 85344936.0 3588715.0 0.0 60220000.0 641.0 2.0 1000.0 31506349.0
17900.0 1.0 3.0 81.0 83023047.0 3558259.0 0.0 60220000.0 669.0 2.0 1000.0 33858694.0
18000.0 1.0 2.0 84.0 80624583.0 3518095.0 0.0 60220000.0 688.0 2.0 1000.0 36297322.0
18100.0 1.0 3.0 88.0 78166217.0 3463169.0 0.0 60220000.0 707.0 2.0 1000.0 38810614.0
18200.0 3.0 1.0 91.0 75596535.0 3462933.0 0.0 60220000.0 754.0 2.0 1000.0 41380532.0
18300.0 1.0 3.0 97.0 72800735.0 3474344.0 0.0 60220000.0 810.0 2.0 1000.0 44164921.0
18400.0 2.0 2.0 98.0 69899609.0 3519735.0 0.0 60220000.0 839.0 2.0 1000.0 47020656.0
18500.0 0.0 1.0 101.0 66837932.0 3651199.0 0.0 60220000.0 873.0 2.0 1000.0 49950869.0
18600.0 0.0 1.0 100.0 63772326.0 3763879.0 0.0 60220000.0 863.0 2.0 1000.0 52903795.0
18700.0 0.0 1.0 98.0 60744584.0 3877586.0 0.0 60220000.0 852.0 2.0 1000.0 55817830.0
18800.0 1.0 1.0 100.0 57721790.0 4019989.0 0.0 60220000.0 862.0 2.0 1000.0 58698221.0
18900.0 2.0 1.0 105.0 54631198.0 4106128.0 0.0 60220000.0 899.0 2.0 1000.0 61702674.0
19000.0 1.0 0.0 110.0 51403931.0 4174141.0 0.0 60220000.0 918.0 2.0 1000.0 64861928.0
19100.0 2.0 1.0 111.0 48118946.0 4209091.0 0.0 60220000.0 949.0 2.0 1000.0 68111963.0
19200.0 1.0 1.0 111.0 44728372.0 4363382.0 0.0 60220000.0 966.0 2.0 1000.0 71348246.0
19300.0 4.0 1.0 120.0 41258601.0 4445651.0 0.0 60220000.0 1021.0 2.0 1000.0 74735748.0
19400.0 1.0 3.0 125.0 37563402.0 4472202.0 0.0 60220000.0 1053.0 2.0 1000.0 78404396.0
19500.0 2.0 0.0 131.0 33824133.0 4452245.0 0.0 60220000.0 1074.0 2.0 1000.0 82163622.0
19600.0 2.0 1.0 137.0 29953447.0 4407032.0 0.0 60220000.0 1118.0 2.0 1000.0 86079521.0
19700.0 0.0 0.0 136.0 26008304.0 4318810.0 0.0 60220000.0 1112.0 2.0 1000.0 90112886.0
19800.0 0.0 0.0 135.0 22118911.0 4223248.0 0.0 60220000.0 1098.0 2.0 1000.0 94097841.0
19900.0 0.0 0.0 133.0 18314817.0 4087700.0 0.0 60220000.0 1071.0 2.0 1000.0 98037483.0
