time rna_M monomer_betaGal protein_betaGal Lactose_external Lactose_internal Glucose_external Glucose_internal protein_Lactose_Permease dna_Lac_Operon Biomass Lactose_consumed
0.0 0.0 0.0 0.0 120440000.0 0.0 60220000.0 0.0 0.0 2.0 1000.0 0.0
100.0 0.0 0.0 0.0 120440000.0 0.0 30121056.0 30098944.0 0.0 2.0 1000.0 0.0
200.0 0.0 0.0 0.0 120440000.0 0.0 73340.0 60146660.0 0.0 2.0 1000.0 0.0
300.0 0.0 0.0 0.0 120440000.0 0.0 0.0 60220000.0 0.0 2.0 1000.0 0.0
400.0 0.0 0.0 0.0 120440000.0 0.0 0.0 60220000.0 0.0 2.0 1000.0 0.0
500.0 0.0 0.0 0.0 120440000.0 0.0 0.0 60220000.0 0.0 2.0 1000.0 0.0
600.0 0.0 0.0 0.0 120440000.0 0.0 0.0 60220000.0 0.0 2.0 1000.0 0.0
700.0 0.0 0.0 0.0 120440000.0 0.0 0.0 60220000.0 0.0 2.0 1000.0 0.0
800.0 0.0 0.0 0.0 120440000.0 0.0 0.0 60220000.0 0.0 2.0 1000.0 0.0
900.0 0.0 0.0 0.0 120440000.0 0.0 0.0 60220000.0 0.0 2.0 1000.0 0.0
1000.0 0.0 0.0 0.0 120440000.0 0.0 0.0 60220000.0 0.0 2.0 1000.0 0.0
1100.0 0.0 0.0 0.0 120440000.0 0.0 0.0 60220000.0 0.0 2.0 1000.0 0.0
1200.0 0.0 0.0 0.0 120440000.0 0.0 0.0 60220000.0 0.0 2.0 1000.0 0.0
1300.0 0.0 0.0 0.0 120440000.0 0.0 0.0 60220000.0 0.0 2.0 1000.0 0.0
1400.0 0.0 0.0 0.0 120440000.0 0.0 0.0 60220000.0 0.0 2.0 1000.0 0.0
1500.0 0.0 0.0 0.0 120440000.0 0.0 0.0 60220000.0 0.0 2.0 1000.0 0.0
1600.0 0.0 0.0 0.0 120440000.0 0.0 0.0 60220000.0 0.0 2.0 1000.0 0.0
1700.0 0.0 0.0 0.0 120440000.0 0.0 0.0 60220000.0 0.0 2.0 1000.0 0.0
1800.0 0.0 0.0 0.0 120440000.0 0.0 0.0 60220000.0 0.0 2.0 1000.0 0.0
1900.0 0.0 0.0 0.0 120440000.0 0.0 0.0 60220000.0 0.0 2.0 1000.0 0.0
2000.0 0.0 0.0 0.0 120440000.0 0.0 0.0 60220000.0 0.0 2.0 1000.0 0.0
2100.0 0.0 0.0 0.0 120440000.0 0.0 0.0 60220000.0 0.0 2.0 1000.0 0.0
2200.0 0.0 0.0 0.0 120440000.0 0.0 0.0 60220000.0 0.0 2.0 1000.0 0.0
2300.0 0.0 0.0 0.0 120440000.0 0.0 0.0 60220000.0 0.0 2.0 1000.0 0.0
2400.0 0.0 0.0 0.0 120440000.0 0.0 0.0 60220000.0 0.0 2.0 1000.0 0.0
2500.0 0.0 0.0 0.0 120440000.0 0.0 0.0 60220000.0 0.0 2.0 1000.0 0.0
2600.0 0.0 0.0 0.0 120440000.0 0.0 0.0 60220000.0 0.0 2.0 1000.0 0.0
2700.0 0.0 0.0 0.0 120440000.0 0.0 0.0 60220000.0 0.0 2.0 1000.0 0.0
2800.0 0.0 0.0 0.0 120440000.0 0.0 0.0 60220000.0 0.0 2.0 1000.0 0.0
2900.0 0.0 0.0 0.0 120440000.0 0.0 0.0 60220000.0 0.0 2.0 1000.0 0.0
3000.0 0.0 0.0 0.0 120440000.0 0.0 0.0 60220000.0 0.0 2.0 1000.0 0.0
3100.0 0.0 0.0 0.0 120440000.0 0.0 0.0 60220000.0 0.0 2.0 1000.0 0.0
3200.0 0.0 0.0 0.0 120440000.0 0.0 0.0 60220000.0 0.0 2.0 1000.0 0.0
3300.0 0.0 0.0 0.0 120440000.0 0.0 0.0 60220000.0 0.0 2.0 1000.0 0.0
3400.0 0.0 0.0 0.0 120440000.0 0.0 0.0 60220000.0 0.0 2.0 1000.0 0.0
3500.0 0.0 0.0 0.0 120440000.0 0.0 0.0 60220000.0 0.0 2.0 1000.0 0.0
3600.0 0.0 0.0 0.0 120440000.0 0.0 0.0 60220000.0 0.0 2.0 1000.0 0.0
3700.0 0.0 0.0 0.0 120440000.0 0.0 0.0 60220000.0 0.0 2.0 1000.0 0.0
3800.0 0.0 0.0 0.0 120440000.0 0.0 0.0 60220000.0 0.0 2.0 1000.0 0.0
3900.0 0.0 0.0 0.0 120440000.0 0.0 0.0 60220000.0 0.0 2.0 1000.0 0.0
4000.0 0.0 0.0 0.0 120440000.0 0.0 0.0 60220000.0 0.0 2.0 1000.0 0.0
4100.0 0.0 0.0 0.0 120440000.0 0.0 0.0 60220000.0 0.0 2.0 1000.0 0.0
4200.0 0.0 0.0 0.0 120440000.0 0.0 0.0 60220000.0 0.0 2.0 1000.0 0.0
4300.0 0.0 0.0 0.0 120440000.0 0.0 0.0 60220000.0 0.0 2.0 1000.0 0.0
4400.0 0.0 0.0 0.0 120440000.0 0.0 0.0 60220000.0 0.0 2.0 1000.0 0.0
4500.0 0.0 0.0 0.0 120440000.0 0.0 0.0 60220000.0 0.0 2.0 1000.0 0.0
4600.0 0.0 0.0 0.0 120440000.0 0.0 0.0 60220000.0 0.0 2.0 1000.0 0.0
4700.0 0.0 0.0 0.0 120440000.0 0.0 0.0 60220000.0 0.0 2.0 1000.0 0.0
4800.0 0.0 0.0 0.0 120440000.0 0.0 0.0 60220000.0 0.0 2.0 1000.0 0.0
4900.0 0.0 0.0 0.0 120440000.0 0.0 0.0 60220000.0 0.0 2.0 1000.0 0.0
5000.0 0.0 0.0 0.0 120440000.0 0.0 0.0 60220000.0 0.0 2.0 1000.0 0.0
5100.0 0.0 0.0 0.0 120440000.0 0.0 0.0 60220000.0 0.0 2.0 1000.0 0.0
5200.0 0.0 0.0 0.0 120440000.0 0.0 0.0 60220000.0 0.0 2.0 1000.0 0.0
5300.0 0.0 0.0 0.0 120440000.0 0.0 0.0 60220000.0 0.0 2.0 1000.0 0.0
5400.0 0.0 0.0 0.0 120440000.0 0.0 0.0 60220000.0 0.0 2.0 1000.0 0.0
5500.0 0.0 0.0 0.0 120440000.0 0.0 0.0 60220000.0 0.0 2.0 1000.0 0.0
5600.0 1.0 2.0 1.0 120437523.0 2412.0 0.0 60220000.0 6.0 2.0 1000.0 65.0
5700.0 0.0 3.0 3.0 120366064.0 58456.0 0.0 60220000.0 34.0 2.0 1000.0 15480.0
5800.0 0.0 3.0 3.0 120244549.0 132572.0 0.0 60220000.0 34.0 2.0 1000.0 62879.0
5900.0 0.0 3.0 3.0 120122560.0 195205.0 0.0 60220000.0 34.0 2.0 1000.0 122235.0
6000.0 0.0 3.0 3.0 120001107.0 251500.0 0.0 60220000.0 34.0 2.0 1000.0 187393.0
6100.0 0.0 3.0 3.0 119879540.0 303934.0 0.0 60220000.0 34.0 2.0 1000.0 256526.0
6200.0 0.0 3.0 3.0 119757881.0 353560.0 0.0 60220000.0 34.0 2.0 1000.0 328559.0
6300.0 0.0 3.0 3.0 119637647.0 400604.0 0.0 60220000.0 33.0 2.0 1000.0 401749.0
6400.0 0.0 3.0 2.0 119522380.0 456050.0 0.0 60220000.0 32.0 2.0 1000.0 461570.0
6500.0 0.0 3.0 2.0 119409458.0 517865.0 0.0 60220000.0 31.0 2.0 1000.0 512677.0
6600.0 0.0 3.0 2.0 119302091.0 573390.0 0.0 60220000.0 30.0 2.0 1000.0 564519.0
6700.0 0.0 3.0 2.0 119195745.0 627226.0 0.0 60220000.0 29.0 2.0 1000.0 617029.0
6800.0 0.0 3.0 2.0 119091982.0 677582.0 0.0 60220000.0 29.0 2.0 1000.0 670436.0
6900.0 0.0 3.0 2.0 118989071.0 727200.0 0.0 60220000.0 29.0 2.0 1000.0 723729.0
7000.0 0.0 3.0 2.0 118887460.0 775114.0 0.0 60220000.0 28.0 2.0 1000.0 777426.0
7100.0 0.0 3.0 2.0 118791199.0 817272.0 0.0 60220000.0 27.0 2.0 1000.0 831529.0
7200.0 0.0 3.0 2.0 118695065.0 859166.0 0.0 60220000.0 27.0 2.0 1000.0 885769.0
7300.0 0.0 3.0 2.0 118600999.0 898649.0 0.0 60220000.0 26.0 2.0 1000.0 940352.0
7400.0 0.0 3.0 2.0 118511044.0 933353.0 0.0 60220000.0 25.0 2.0 1000.0 995603.0
7500.0 0.0 3.0 2.0 118421675.0 967813.0 0.0 60220000.0 25.0 2.0 1000.0 1050512.0
7600.0 0.0 3.0 2.0 118332730.0 1001510.0 0.0 60220000.0 25.0 2.0 1000.0 1105760.0
7700.0 0.0 3.0 2.0 118243916.0 1034964.0 0.0 60220000.0 25.0 2.0 1000.0 1161120.0
7800.0 0.0 3.0 2.0 118154781.0 1068319.0 0.0 60220000.0 25.0 2.0 1000.0 1216900.0
7900.0 0.0 3.0 2.0 118066081.0 1101484.0 0.0 60220000.0 25.0 2.0 1000.0 1272435.0
8000.0 0.0 3.0 2.0 117980996.0 1131033.0 0.0 60220000.0 23.0 2.0 1000.0 1327971.0
8100.0 0.0 3.0 2.0 117899452.0 1156400.0 0.0 60220000.0 22.0 2.0 1000.0 1384148.0
8200.0 0.0 3.0 2.0 117820719.0 1179079.0 0.0 60220000.0 22.0 2.0 1000.0 1440202.0
8300.0 0.0 3.0 2.0 117742402.0 1201767.0 0.0 60220000.0 22.0 2.0 1000.0 1495831.0
8400.0 0.0 3.0 2.0 117666205.0 1222037.0 0.0 60220000.0 21.0 2.0 1000.0 1551758.0
8500.0 0.0 3.0 2.0 117591350.0 1241074.0 0.0 60220000.0 21.0 2.0 1000.0 1607576.0
8600.0 0.0 3.0 2.0 117516616.0 1259614.0 0.0 60220000.0 20.0 2.0 1000.0 1663770.0
8700.0 0.0 3.0 2.0 117445409.0 1274691.0 0.0 60220000.0 20.0 2.0 1000.0 1719900.0
8800.0 0.0 3.0 2.0 117374700.0 1289128.0 0.0 60220000.0 20.0 2.0 1000.0 1776172.0
8900.0 0.0 3.0 2.0 117303451.0 1304493.0 0.0 60220000.0 20.0 2.0 1000.0 1832056.0
9000.0 0.0 3.0 2.0 117232617.0 1319087.0 0.0 60220000.0 20.0 2.0 1000.0 1888296.0
9100.0 1.0 0.0 3.0 117160093.0 1334786.0 0.0 60220000.0 27.0 2.0 1000.0 1945121.0
9200.0 0.0 0.0 6.0 117018835.0 1338014.0 0.0 60220000.0 46.0 2.0 1000.0 2083151.0
9300.0 0.0 0.0 6.0 116858351.0 1329430.0 0.0 60220000.0 45.0 2.0 1000.0 2252219.0
9400.0 0.0 0.0 6.0 116699893.0 1318875.0 0.0 60220000.0 44.0 2.0 1000.0 2421232.0
9500.0 0.0 0.0 6.0 116544822.0 1304355.0 0.0 60220000.0 42.0 2.0 1000.0 2590823.0
9600.0 0.0 0.0 6.0 116395880.0 1284207.0 0.0 60220000.0 42.0 2.0 1000.0 2759913.0
9700.0 0.0 0.0 5.0 116245951.0 1292915.0 0.0 60220000.0 42.0 2.0 1000.0 2901134.0
9800.0 0.0 0.0 4.0 116096549.0 1321271.0 0.0 60220000.0 41.0 2.0 1000.0 3022180.0
9900.0 0.0 0.0 3.0 115952211.0 1375247.0 0.0 60220000.0 40.0 2.0 1000.0 3112542.0
10000.0 0.0 0.0 3.0 115809716.0 1432702.0 0.0 60220000.0 40.0 2.0 1000.0 3197582.0
10100.0 0.0 0.0 3.0 115667213.0 1490119.0 0.0 60220000.0 40.0 2.0 1000.0 3282668.0
10200.0 0.0 0.0 3.0 115525180.0 1547142.0 0.0 60220000.0 40.0 2.0 1000.0 3367678.0
10300.0 0.0 0.0 3.0 115382835.0 1604422.0 0.0 60220000.0 40.0 2.0 1000.0 3452743.0
10400.0 0.0 0.0 2.0 115243245.0 1658777.0 0.0 60220000.0 39.0 2.0 1000.0 3537978.0
10500.0 0.0 0.0 2.0 115104895.0 1739485.0 0.0 60220000.0 39.0 2.0 1000.0 3595620.0
10600.0 0.0 0.0 2.0 114965442.0 1821256.0 0.0 60220000.0 39.0 2.0 1000.0 3653302.0
10700.0 0.0 0.0 2.0 114826846.0 1902134.0 0.0 60220000.0 39.0 2.0 1000.0 3711020.0
10800.0 0.0 0.0 2.0 114688413.0 1982860.0 0.0 60220000.0 39.0 2.0 1000.0 3768727.0
10900.0 0.0 0.0 2.0 114549451.0 2064123.0 0.0 60220000.0 39.0 2.0 1000.0 3826426.0
11000.0 1.0 1.0 2.0 114411921.0 2144143.0 0.0 60220000.0 44.0 2.0 1000.0 3883936.0
11100.0 0.0 1.0 5.0 114210981.0 2222997.0 0.0 60220000.0 60.0 2.0 1000.0 4006022.0
11200.0 0.0 1.0 5.0 114004071.0 2284958.0 0.0 60220000.0 58.0 2.0 1000.0 4150971.0
11300.0 0.0 1.0 5.0 113800686.0 2343621.0 0.0 60220000.0 57.0 2.0 1000.0 4295693.0
11400.0 0.0 1.0 4.0 113599697.0 2406634.0 0.0 60220000.0 56.0 2.0 1000.0 4433669.0
11500.0 0.0 1.0 4.0 113400948.0 2489396.0 0.0 60220000.0 56.0 2.0 1000.0 4549656.0
11600.0 0.0 1.0 4.0 113205104.0 2568499.0 0.0 60220000.0 55.0 2.0 1000.0 4666397.0
11700.0 0.0 1.0 4.0 113009957.0 2647113.0 0.0 60220000.0 55.0 2.0 1000.0 4782930.0
11800.0 0.0 1.0 4.0 112817391.0 2723802.0 0.0 60220000.0 54.0 2.0 1000.0 4898807.0
11900.0 1.0 0.0 7.0 112614273.0 2796496.0 0.0 60220000.0 70.0 2.0 1000.0 5029231.0
12000.0 1.0 2.0 13.0 112306031.0 2812588.0 0.0 60220000.0 102.0 2.0 1000.0 5321381.0
12100.0 0.0 1.0 14.0 111919932.0 2795486.0 0.0 60220000.0 110.0 2.0 1000.0 5724582.0
12200.0 0.0 1.0 14.0 111529684.0 2778358.0 0.0 60220000.0 110.0 2.0 1000.0 6131958.0
12300.0 0.0 1.0 14.0 111143888.0 2755769.0 0.0 60220000.0 107.0 2.0 1000.0 6540343.0
12400.0 0.0 1.0 14.0 110770360.0 2721616.0 0.0 60220000.0 103.0 2.0 1000.0 6948024.0
12500.0 0.0 1.0 14.0 110408355.0 2676768.0 0.0 60220000.0 99.0 2.0 1000.0 7354877.0
12600.0 0.0 1.0 14.0 110059628.0 2618196.0 0.0 60220000.0 98.0 2.0 1000.0 7762176.0
12700.0 0.0 1.0 14.0 109712552.0 2558581.0 0.0 60220000.0 97.0 2.0 1000.0 8168867.0
12800.0 0.0 1.0 13.0 109370320.0 2513648.0 0.0 60220000.0 96.0 2.0 1000.0 8556032.0
12900.0 1.0 0.0 16.0 108981232.0 2490438.0 0.0 60220000.0 127.0 2.0 1000.0 8968330.0
13000.0 1.0 1.0 19.0 108468506.0 2484325.0 0.0 60220000.0 159.0 2.0 1000.0 9487169.0
13100.0 1.0 1.0 23.0 107829206.0 2509116.0 0.0 60220000.0 195.0 2.0 1000.0 10101678.0
13200.0 0.0 3.0 24.0 107078207.0 2582774.0 0.0 60220000.0 223.0 2.0 1000.0 10779019.0
13300.0 0.0 3.0 24.0 106290813.0 2673891.0 0.0 60220000.0 220.0 2.0 1000.0 11475296.0
13400.0 0.0 3.0 24.0 105517593.0 2748188.0 0.0 60220000.0 215.0 2.0 1000.0 12174219.0
13500.0 0.0 3.0 24.0 104763013.0 2804057.0 0.0 60220000.0 212.0 2.0 1000.0 12872930.0
13600.0 0.0 3.0 23.0 104019914.0 2863460.0 0.0 60220000.0 208.0 2.0 1000.0 13556626.0
13700.0 0.0 3.0 23.0 103287648.0 2925927.0 0.0 60220000.0 205.0 2.0 1000.0 14226425.0
13800.0 0.0 2.0 24.0 102503465.0 3026655.0 0.0 60220000.0 233.0 2.0 1000.0 14909880.0
13900.0 0.0 2.0 24.0 101688070.0 3141544.0 0.0 60220000.0 227.0 2.0 1000.0 15610386.0
14000.0 0.0 2.0 24.0 100889076.0 3239512.0 0.0 60220000.0 224.0 2.0 1000.0 16311412.0
14100.0 0.0 2.0 23.0 100103606.0 3338429.0 0.0 60220000.0 219.0 2.0 1000.0 16997965.0
14200.0 0.0 2.0 21.0 99334155.0 3470068.0 0.0 60220000.0 215.0 2.0 1000.0 17635777.0
14300.0 0.0 2.0 21.0 98575434.0 3613131.0 0.0 60220000.0 213.0 2.0 1000.0 18251435.0
14400.0 0.0 2.0 20.0 97829793.0 3763848.0 0.0 60220000.0 207.0 2.0 1000.0 18846359.0
14500.0 0.0 2.0 20.0 97098991.0 3905596.0 0.0 60220000.0 205.0 2.0 1000.0 19435413.0
14600.0 0.0 2.0 20.0 96376156.0 4041151.0 0.0 60220000.0 202.0 2.0 1000.0 20022693.0
14700.0 0.0 2.0 17.0 95665745.0 4209432.0 0.0 60220000.0 199.0 2.0 1000.0 20564823.0
14800.0 2.0 3.0 18.0 94944037.0 4407492.0 0.0 60220000.0 215.0 2.0 1000.0 21088471.0
14900.0 0.0 3.0 22.0 94127008.0 4606925.0 0.0 60220000.0 236.0 2.0 1000.0 21706067.0
15000.0 0.0 3.0 22.0 93301134.0 4784042.0 0.0 60220000.0 233.0 2.0 1000.0 22354824.0
15100.0 0.0 1.0 24.0 92448055.0 4947522.0 0.0 60220000.0 246.0 2.0 1000.0 23044423.0
15200.0 0.0 1.0 24.0 91592593.0 5092793.0 0.0 60220000.0 239.0 2.0 1000.0 23754614.0
15300.0 1.0 2.0 24.0 90757505.0 5230438.0 0.0 60220000.0 243.0 2.0 1000.0 24452057.0
15400.0 1.0 2.0 29.0 89825400.0 5370317.0 0.0 60220000.0 287.0 2.0 1000.0 25244283.0
15500.0 1.0 1.0 31.0 88789356.0 5528792.0 0.0 60220000.0 306.0 2.0 1000.0 26121852.0
15600.0 1.0 0.0 33.0 87669503.0 5705556.0 0.0 60220000.0 334.0 2.0 1000.0 27064941.0
15700.0 1.0 0.0 36.0 86458170.0 5916251.0 0.0 60220000.0 352.0 2.0 1000.0 28065579.0
15800.0 2.0 1.0 42.0 85159164.0 6075951.0 0.0 60220000.0 394.0 2.0 1000.0 29204885.0
15900.0 1.0 0.0 49.0 83655989.0 6196140.0 0.0 60220000.0 453.0 2.0 1000.0 30587871.0
16000.0 1.0 3.0 50.0 82009249.0 6374217.0 0.0 60220000.0 481.0 2.0 1000.0 32056534.0
16100.0 1.0 1.0 54.0 80257081.0 6574871.0 0.0 60220000.0 503.0 2.0 1000.0 33608048.0
16200.0 2.0 1.0 58.0 78416732.0 6773606.0 0.0 60220000.0 538.0 2.0 1000.0 35249662.0
16300.0 2.0 3.0 63.0 76398359.0 6984552.0 0.0 60220000.0 599.0 2.0 1000.0 37057089.0
16400.0 1.0 1.0 65.0 74209994.0 7279191.0 0.0 60220000.0 638.0 2.0 1000.0 38950815.0
16500.0 2.0 1.0 70.0 71889115.0 7607984.0 0.0 60220000.0 688.0 2.0 1000.0 40942901.0
16600.0 1.0 2.0 73.0 69367488.0 7976389.0 0.0 60220000.0 734.0 2.0 1000.0 43096123.0
16700.0 1.0 2.0 76.0 66758237.0 8366125.0 0.0 60220000.0 753.0 2.0 1000.0 45315638.0
16800.0 1.0 1.0 79.0 64063164.0 8747798.0 0.0 60220000.0 780.0 2.0 1000.0 47629038.0
16900.0 1.0 2.0 84.0 61256637.0 9134008.0 0.0 60220000.0 815.0 2.0 1000.0 50049355.0
17000.0 1.0 2.0 88.0 58352714.0 9467960.0 0.0 60220000.0 840.0 2.0 1000.0 52619326.0
17100.0 0.0 1.0 93.0 55380269.0 9746233.0 0.0 60220000.0 859.0 2.0 1000.0 55313498.0
17200.0 1.0 1.0 93.0 52379680.0 9984564.0 0.0 60220000.0 865.0 2.0 1000.0 58075756.0
17300.0 1.0 0.0 94.0 49327354.0 10261783.0 0.0 60220000.0 872.0 2.0 1000.0 60850863.0
17400.0 1.0 2.0 94.0 46232819.0 10566779.0 0.0 60220000.0 897.0 2.0 1000.0 63640402.0
17500.0 0.0 3.0 95.0 43075981.0 10890408.0 0.0 60220000.0 898.0 2.0 1000.0 66473611.0
17600.0 0.0 3.0 94.0 39957339.0 11208373.0 0.0 60220000.0 887.0 2.0 1000.0 69274288.0
17700.0 0.0 3.0 93.0 36876250.0 11515089.0 0.0 60220000.0 876.0 2.0 1000.0 72048661.0
17800.0 0.0 3.0 93.0 33847351.0 11773132.0 0.0 60220000.0 861.0 2.0 1000.0 74819517.0
17900.0 0.0 0.0 91.0 30851708.0 12004276.0 0.0 60220000.0 849.0 2.0 1000.0 77584016.0
18000.0 0.0 0.0 91.0 27900024.0 12246823.0 0.0 60220000.0 837.0 2.0 1000.0 80293153.0
18100.0 1.0 2.0 91.0 24984758.0 12451606.0 0.0 60220000.0 830.0 2.0 1000.0 83003636.0
18200.0 2.0 0.0 93.0 22070708.0 12643575.0 0.0 60220000.0 844.0 2.0 1000.0 85725717.0
18300.0 0.0 0.0 95.0 19056851.0 12872325.0 0.0 60220000.0 877.0 2.0 1000.0 88510824.0
18400.0 0.0 0.0 94.0 16054842.0 13070566.0 0.0 60220000.0 856.0 2.0 1000.0 91314592.0
18500.0 0.0 0.0 93.0 13112643.0 13238351.0 0.0 60220000.0 842.0 2.0 1000.0 94089006.0
18600.0 1.0 3.0 94.0 10189949.0 13372979.0 0.0 60220000.0 856.0 2.0 1000.0 96877072.0
18700.0 1.0 2.0 96.0 7199601.0 13507209.0 0.0 60220000.0 879.0 2.0 1000.0 99733190.0
18800.0 0.0 2.0 96.0 4176897.0 13678208.0 0.0 60220000.0 892.0 2.0 1000.0 102584895.0
18900.0 1.0 2.0 97.0 1219054.0 13766015.0 0.0 60220000.0 905.0 2.0 1000.0 105454931.0
19000.0 2.0 2.0 101.0 3187.0 12020539.0 0.0 60220000.0 945.0 2.0 1000.0 108416274.0
19100.0 3.0 0.0 115.0 2631.0 8811715.0 0.0 60220000.0 1013.0 2.0 1000.0 111625654.0
19200.0 2.0 3.0 123.0 2042.0 5295464.0 0.0 60220000.0 1073.0 2.0 1000.0 115142494.0
19300.0 2.0 2.0 130.0 917.0 1603157.0 0.0 60220000.0 1113.0 2.0 1000.0 118835926.0
19400.0 2.0 0.0 139.0 0.0 0.0 0.0 60220000.0 1166.0 2.0 1000.0 120440000.0
19500.0 2.0 3.0 141.0 0.0 0.0 0.0 60220000.0 1202.0 2.0 1000.0 120440000.0
19600.0 1.0 0.0 146.0 0.0 0.0 0.0 60220000.0 1238.0 2.0 1000.0 120440000.0
19700.0 1.0 3.0 147.0 0.0 0.0 0.0 60220000.0 1252.0 2.0 1000.0 120440000.0
19800.0 1.0 3.0 149.0 0.0 0.0 0.0 60220000.0 1268.0 2.0 1000.0 120440000.0
19900.0 1.0 2.0 151.0 0.0 0.0 0.0 60220000.0 1266.0 2.0 1000.0 120440000.0
