time rna_M monomer_betaGal protein_betaGal Lactose_external Lactose_internal Glucose_external Glucose_internal protein_Lactose_Permease dna_Lac_Operon Biomass Lactose_consumed
0.0 0.0 0.0 0.0 120440000.0 0.0 60220000.0 0.0 0.0 2.0 1000.0 0.0
100.0 0.0 0.0 0.0 120440000.0 0.0 30123961.0 30096039.0 0.0 2.0 1000.0 0.0
200.0 0.0 0.0 0.0 120440000.0 0.0 76971.0 60143029.0 0.0 2.0 1000.0 0.0
300.0 0.0 0.0 0.0 120440000.0 0.0 0.0 60220000.0 0.0 2.0 1000.0 0.0
400.0 0.0 0.0 0.0 120440000.0 0.0 0.0 60220000.0 0.0 2.0 1000.0 0.0
500.0 0.0 0.0 0.0 120440000.0 0.0 0.0 60220000.0 0.0 2.0 1000.0 0.0
600.0 0.0 0.0 0.0 120440000.0 0.0 0.0 60220000.0 0.0 2.0 1000.0 0.0
700.0 0.0 0.0 0.0 120440000.0 0.0 0.0 60220000.0 0.0 2.0 1000.0 0.0
800.0 0.0 0.0 0.0 120440000.0 0.0 0.0 60220000.0 0.0 2.0 1000.0 0.0
900.0 0.0 0.0 0.0 120440000.0 0.0 0.0 60220000.0 0.0 2.0 1000.0 0.0
1000.0 0.0 0.0 0.0 120440000.0 0.0 0.0 60220000.0 0.0 2.0 1000.0 0.0
1100.0 0.0 0.0 0.0 120440000.0 0.0 0.0 60220000.0 0.0 2.0 1000.0 0.0
1200.0 0.0 0.0 0.0 120440000.0 0.0 0.0 60220000.0 0.0 2.0 1000.0 0.0
1300.0 0.0 0.0 0.0 120440000.0 0.0 0.0 60220000.0 0.0 2.0 1000.0 0.0
1400.0 0.0 0.0 0.0 120440000.0 0.0 0.0 60220000.0 0.0 2.0 1000.0 0.0
1500.0 0.0 0.0 0.0 120440000.0 0.0 0.0 60220000.0 0.0 2.0 1000.0 0.0
1600.0 0.0 0.0 0.0 120440000.0 0.0 0.0 60220000.0 0.0 2.0 1000.0 0.0
1700.0 0.0 0.0 0.0 120440000.0 0.0 0.0 60220000.0 0.0 2.0 1000.0 0.0
1800.0 0.0 0.0 0.0 120440000.0 0.0 0.0 60220000.0 0.0 2.0 1000.0 0.0
1900.0 0.0 0.0 0.0 120440000.0 0.0 0.0 60220000.0 0.0 2.0 1000.0 0.0
2000.0 0.0 0.0 0.0 120440000.0 0.0 0.0 60220000.0 0.0 2.0 1000.0 0.0
2100.0 0.0 0.0 0.0 120440000.0 0.0 0.0 60220000.0 0.0 2.0 1000.0 0.0
2200.0 0.0 0.0 0.0 120440000.0 0.0 0.0 60220000.0 0.0 2.0 1000.0 0.0
2300.0 0.0 0.0 0.0 120440000.0 0.0 0.0 60220000.0 0.0 2.0 1000.0 0.0
2400.0 0.0 0.0 0.0 120440000.0 0.0 0.0 60220000.0 0.0 2.0 1000.0 0.0
2500.0 0.0 0.0 0.0 120440000.0 0.0 0.0 60220000.0 0.0 2.0 1000.0 0.0
2600.0 0.0 0.0 0.0 120440000.0 0.0 0.0 60220000.0 0.0 2.0 1000.0 0.0
2700.0 0.0 0.0 0.0 120440000.0 0.0 0.0 60220000.0 0.0 2.0 1000.0 0.0
2800.0 0.0 0.0 0.0 120440000.0 0.0 0.0 60220000.0 0.0 2.0 1000.0 0.0
2900.0 0.0 0.0 0.0 120440000.0 0.0 0.0 60220000.0 0.0 2.0 1000.0 0.0
3000.0 0.0 0.0 0.0 120440000.0 0.0 0.0 60220000.0 0.0 2.0 1000.0 0.0
3100.0 0.0 0.0 0.0 120440000.0 0.0 0.0 60220000.0 0.0 2.0 1000.0 0.0
3200.0 0.0 0.0 0.0 120440000.0 0.0 0.0 60220000.0 0.0 2.0 1000.0 0.0
3300.0 0.0 0.0 0.0 120440000.0 0.0 0.0 60220000.0 0.0 2.0 1000.0 0.0
3400.0 0.0 0.0 0.0 120440000.0 0.0 0.0 60220000.0 0.0 2.0 1000.0 0.0
3500.0 0.0 0.0 0.0 120440000.0 0.0 0.0 60220000.0 0.0 2.0 1000.0 0.0
3600.0 0.0 0.0 0.0 120440000.0 0.0 0.0 60220000.0 0.0 2.0 1000.0 0.0
3700.0 0.0 0.0 0.0 120440000.0 0.0 0.0 60220000.0 0.0 2.0 1000.0 0.0
3800.0 0.0 0.0 0.0 120440000.0 0.0 0.0 60220000.0 0.0 2.0 1000.0 0.0
3900.0 0.0 0.0 0.0 120440000.0 0.0 0.0 60220000.0 0.0 2.0 1000.0 0.0
4000.0 0.0 0.0 0.0 120440000.0 0.0 0.0 60220000.0 0.0 2.0 1000.0 0.0
4100.0 0.0 0.0 0.0 120440000.0 0.0 0.0 60220000.0 0.0 2.0 1000.0 0.0
4200.0 0.0 0.0 0.0 120440000.0 0.0 0.0 60220000.0 0.0 2.0 1000.0 0.0
4300.0 0.0 0.0 0.0 120440000.0 0.0 0.0 60220000.0 0.0 2.0 1000.0 0.0
4400.0 0.0 0.0 0.0 120440000.0 0.0 0.0 60220000.0 0.0 2.0 1000.0 0.0
4500.0 0.0 0.0 0.0 120440000.0 0.0 0.0 60220000.0 0.0 2.0 1000.0 0.0
4600.0 0.0 0.0 0.0 120440000.0 0.0 0.0 60220000.0 0.0 2.0 1000.0 0.0
4700.0 0.0 0.0 0.0 120440000.0 0.0 0.0 60220000.0 0.0 2.0 1000.0 0.0
4800.0 0.0 0.0 0.0 120440000.0 0.0 0.0 60220000.0 0.0 2.0 1000.0 0.0
4900.0 0.0 0.0 0.0 120440000.0 0.0 0.0 60220000.0 0.0 2.0 1000.0 0.0
5000.0 0.0 0.0 0.0 120440000.0 0.0 0.0 60220000.0 0.0 2.0 1000.0 0.0
5100.0 0.0 0.0 0.0 120440000.0 0.0 0.0 60220000.0 0.0 2.0 1000.0 0.0
5200.0 0.0 0.0 0.0 120440000.0 0.0 0.0 60220000.0 0.0 2.0 1000.0 0.0
5300.0 0.0 0.0 0.0 120440000.0 0.0 0.0 60220000.0 0.0 2.0 1000.0 0.0
5400.0 0.0 0.0 0.0 120440000.0 0.0 0.0 60220000.0 0.0 2.0 1000.0 0.0
5500.0 0.0 0.0 0.0 120440000.0 0.0 0.0 60220000.0 0.0 2.0 1000.0 0.0
5600.0 0.0 0.0 0.0 120440000.0 0.0 0.0 60220000.0 0.0 2.0 1000.0 0.0
5700.0 0.0 0.0 0.0 120440000.0 0.0 0.0 60220000.0 0.0 2.0 1000.0 0.0
5800.0 0.0 0.0 0.0 120440000.0 0.0 0.0 60220000.0 0.0 2.0 1000.0 0.0
5900.0 0.0 0.0 0.0 120440000.0 0.0 0.0 60220000.0 0.0 2.0 1000.0 0.0
6000.0 0.0 0.0 0.0 120440000.0 0.0 0.0 60220000.0 0.0 2.0 1000.0 0.0
6100.0 0.0 0.0 0.0 120440000.0 0.0 0.0 60220000.0 0.0 2.0 1000.0 0.0
6200.0 0.0 0.0 0.0 120440000.0 0.0 0.0 60220000.0 0.0 2.0 1000.0 0.0
6300.0 0.0 0.0 0.0 120440000.0 0.0 0.0 60220000.0 0.0 2.0 1000.0 0.0
6400.0 0.0 0.0 0.0 120440000.0 0.0 0.0 60220000.0 0.0 2.0 1000.0 0.0
6500.0 0.0 0.0 0.0 120440000.0 0.0 0.0 60220000.0 0.0 2.0 1000.0 0.0
6600.0 1.0 1.0 1.0 120427120.0 12300.0 0.0 60220000.0 14.0 2.0 1000.0 580.0
6700.0 0.0 1.0 3.0 120337858.0 76804.0 0.0 60220000.0 30.0 2.0 1000.0 25338.0
6800.0 0.0 1.0 3.0 120230486.0 134131.0 0.0 60220000.0 30.0 2.0 1000.0 75383.0
6900.0 0.0 1.0 3.0 120128041.0 177950.0 0.0 60220000.0 28.0 2.0 1000.0 134009.0
7000.0 0.0 1.0 3.0 120027370.0 215937.0 0.0 60220000.0 28.0 2.0 1000.0 196693.0
7100.0 0.0 1.0 3.0 119934158.0 243360.0 0.0 60220000.0 25.0 2.0 1000.0 262482.0
7200.0 0.0 0.0 4.0 119843021.0 253833.0 0.0 60220000.0 26.0 2.0 1000.0 343146.0
7300.0 0.0 0.0 4.0 119750472.0 256240.0 0.0 60220000.0 26.0 2.0 1000.0 433288.0
7400.0 0.0 0.0 4.0 119658847.0 256963.0 0.0 60220000.0 25.0 2.0 1000.0 524190.0
7500.0 0.0 0.0 4.0 119569833.0 255803.0 0.0 60220000.0 24.0 2.0 1000.0 614364.0
7600.0 0.0 0.0 4.0 119484254.0 251466.0 0.0 60220000.0 24.0 2.0 1000.0 704280.0
7700.0 0.0 0.0 4.0 119398963.0 247156.0 0.0 60220000.0 23.0 2.0 1000.0 793881.0
7800.0 0.0 0.0 4.0 119317166.0 239790.0 0.0 60220000.0 23.0 2.0 1000.0 883044.0
7900.0 0.0 0.0 4.0 119237365.0 231609.0 0.0 60220000.0 22.0 2.0 1000.0 971026.0
8000.0 1.0 2.0 4.0 119159724.0 222014.0 0.0 60220000.0 26.0 2.0 1000.0 1058262.0
8100.0 0.0 0.0 5.0 119049692.0 225421.0 0.0 60220000.0 31.0 2.0 1000.0 1164887.0
8200.0 0.0 0.0 5.0 118942594.0 223859.0 0.0 60220000.0 30.0 2.0 1000.0 1273547.0
8300.0 0.0 0.0 5.0 118839214.0 219450.0 0.0 60220000.0 28.0 2.0 1000.0 1381336.0
8400.0 0.0 0.0 5.0 118738660.0 212018.0 0.0 60220000.0 28.0 2.0 1000.0 1489322.0
8500.0 0.0 0.0 5.0 118638378.0 205182.0 0.0 60220000.0 28.0 2.0 1000.0 1596440.0
8600.0 0.0 0.0 5.0 118538424.0 199481.0 0.0 60220000.0 28.0 2.0 1000.0 1702095.0
8700.0 0.0 0.0 5.0 118438566.0 194084.0 0.0 60220000.0 28.0 2.0 1000.0 1807350.0
8800.0 0.0 0.0 5.0 118340393.0 187902.0 0.0 60220000.0 27.0 2.0 1000.0 1911705.0
8900.0 0.0 0.0 5.0 118245815.0 180085.0 0.0 60220000.0 26.0 2.0 1000.0 2014100.0
9000.0 0.0 0.0 5.0 118152955.0 171455.0 0.0 60220000.0 26.0 2.0 1000.0 2115590.0
9100.0 0.0 0.0 5.0 118060192.0 164339.0 0.0 60220000.0 26.0 2.0 1000.0 2215469.0
9200.0 0.0 0.0 5.0 117970072.0 156104.0 0.0 60220000.0 25.0 2.0 1000.0 2313824.0
9300.0 0.0 0.0 5.0 117880477.0 149332.0 0.0 60220000.0 25.0 2.0 1000.0 2410191.0
9400.0 0.0 0.0 5.0 117792934.0 142001.0 0.0 60220000.0 24.0 2.0 1000.0 2505065.0
9500.0 0.0 0.0 5.0 117707442.0 134576.0 0.0 60220000.0 24.0 2.0 1000.0 2597982.0
9600.0 0.0 0.0 5.0 117621742.0 129035.0 0.0 60220000.0 24.0 2.0 1000.0 2689223.0
9700.0 0.0 0.0 5.0 117535899.0 124503.0 0.0 60220000.0 24.0 2.0 1000.0 2779598.0
9800.0 0.0 0.0 5.0 117450334.0 120967.0 0.0 60220000.0 23.0 2.0 1000.0 2868699.0
9900.0 0.0 0.0 5.0 117368080.0 115719.0 0.0 60220000.0 23.0 2.0 1000.0 2956201.0
10000.0 0.0 0.0 4.0 117286222.0 113638.0 0.0 60220000.0 22.0 2.0 1000.0 3040140.0
10100.0 0.0 0.0 4.0 117208124.0 121833.0 0.0 60220000.0 22.0 2.0 1000.0 3110043.0
10200.0 0.0 0.0 4.0 117129235.0 129383.0 0.0 60220000.0 22.0 2.0 1000.0 3181382.0
10300.0 0.0 0.0 4.0 117053373.0 132153.0 0.0 60220000.0 21.0 2.0 1000.0 3254474.0
10400.0 0.0 0.0 4.0 116978277.0 133691.0 0.0 60220000.0 21.0 2.0 1000.0 3328032.0
10500.0 0.0 0.0 4.0 116902566.0 135649.0 0.0 60220000.0 21.0 2.0 1000.0 3401785.0
10600.0 0.0 0.0 4.0 116827474.0 136065.0 0.0 60220000.0 21.0 2.0 1000.0 3476461.0
10700.0 0.0 0.0 4.0 116752281.0 136777.0 0.0 60220000.0 21.0 2.0 1000.0 3550942.0
10800.0 0.0 0.0 4.0 116677022.0 137581.0 0.0 60220000.0 21.0 2.0 1000.0 3625397.0
10900.0 0.0 0.0 4.0 116601717.0 138237.0 0.0 60220000.0 21.0 2.0 1000.0 3700046.0
11000.0 0.0 0.0 4.0 116526947.0 138290.0 0.0 60220000.0 21.0 2.0 1000.0 3774763.0
11100.0 0.0 0.0 4.0 116455604.0 134769.0 0.0 60220000.0 19.0 2.0 1000.0 3849627.0
11200.0 1.0 0.0 5.0 116384684.0 131672.0 0.0 60220000.0 26.0 2.0 1000.0 3923644.0
11300.0 1.0 3.0 7.0 116243266.0 173267.0 0.0 60220000.0 47.0 2.0 1000.0 4023467.0
11400.0 1.0 3.0 8.0 116049557.0 199191.0 0.0 60220000.0 55.0 2.0 1000.0 4191252.0
11500.0 0.0 2.0 9.0 115846948.0 210451.0 0.0 60220000.0 57.0 2.0 1000.0 4382601.0
11600.0 0.0 2.0 9.0 115646957.0 216839.0 0.0 60220000.0 55.0 2.0 1000.0 4576204.0
11700.0 0.0 2.0 9.0 115453524.0 215899.0 0.0 60220000.0 54.0 2.0 1000.0 4770577.0
11800.0 0.0 2.0 9.0 115262196.0 213042.0 0.0 60220000.0 52.0 2.0 1000.0 4964762.0
11900.0 0.0 2.0 9.0 115076427.0 206469.0 0.0 60220000.0 50.0 2.0 1000.0 5157104.0
12000.0 0.0 2.0 9.0 114899327.0 193144.0 0.0 60220000.0 49.0 2.0 1000.0 5347529.0
12100.0 0.0 2.0 9.0 114725752.0 180848.0 0.0 60220000.0 46.0 2.0 1000.0 5533400.0
12200.0 0.0 2.0 9.0 114561304.0 163882.0 0.0 60220000.0 46.0 2.0 1000.0 5714814.0
12300.0 0.0 2.0 9.0 114397550.0 151964.0 0.0 60220000.0 46.0 2.0 1000.0 5890486.0
12400.0 0.0 2.0 9.0 114233428.0 144011.0 0.0 60220000.0 46.0 2.0 1000.0 6062561.0
12500.0 0.0 2.0 9.0 114071404.0 136825.0 0.0 60220000.0 45.0 2.0 1000.0 6231771.0
12600.0 0.0 2.0 9.0 113910610.0 132009.0 0.0 60220000.0 45.0 2.0 1000.0 6397381.0
12700.0 0.0 2.0 9.0 113751242.0 127710.0 0.0 60220000.0 44.0 2.0 1000.0 6561048.0
12800.0 0.0 2.0 9.0 113595952.0 121782.0 0.0 60220000.0 43.0 2.0 1000.0 6722266.0
12900.0 0.0 2.0 9.0 113445465.0 114979.0 0.0 60220000.0 42.0 2.0 1000.0 6879556.0
13000.0 0.0 2.0 9.0 113297281.0 109355.0 0.0 60220000.0 41.0 2.0 1000.0 7033364.0
13100.0 0.0 2.0 9.0 113151119.0 104293.0 0.0 60220000.0 40.0 2.0 1000.0 7184588.0
13200.0 0.0 2.0 9.0 113008752.0 98890.0 0.0 60220000.0 39.0 2.0 1000.0 7332358.0
13300.0 0.0 2.0 9.0 112869784.0 93518.0 0.0 60220000.0 39.0 2.0 1000.0 7476698.0
13400.0 0.0 2.0 9.0 112730277.0 91067.0 0.0 60220000.0 39.0 2.0 1000.0 7618656.0
13500.0 0.0 2.0 9.0 112593540.0 88765.0 0.0 60220000.0 38.0 2.0 1000.0 7757695.0
13600.0 0.0 2.0 7.0 112457670.0 104791.0 0.0 60220000.0 37.0 2.0 1000.0 7877539.0
13700.0 0.0 2.0 7.0 112325264.0 117211.0 0.0 60220000.0 37.0 2.0 1000.0 7997525.0
13800.0 0.0 2.0 7.0 112193090.0 125041.0 0.0 60220000.0 37.0 2.0 1000.0 8121869.0
13900.0 0.0 2.0 7.0 112064251.0 127777.0 0.0 60220000.0 36.0 2.0 1000.0 8247972.0
14000.0 0.0 2.0 7.0 111936681.0 128546.0 0.0 60220000.0 35.0 2.0 1000.0 8374773.0
14100.0 0.0 2.0 7.0 111814547.0 125130.0 0.0 60220000.0 34.0 2.0 1000.0 8500323.0
14200.0 0.0 2.0 7.0 111693047.0 121731.0 0.0 60220000.0 34.0 2.0 1000.0 8625222.0
14300.0 0.0 2.0 7.0 111571611.0 119682.0 0.0 60220000.0 34.0 2.0 1000.0 8748707.0
14400.0 0.0 2.0 7.0 111453094.0 115482.0 0.0 60220000.0 33.0 2.0 1000.0 8871424.0
14500.0 0.0 2.0 7.0 111336230.0 111503.0 0.0 60220000.0 32.0 2.0 1000.0 8992267.0
14600.0 0.0 2.0 7.0 111222177.0 106856.0 0.0 60220000.0 32.0 2.0 1000.0 9110967.0
14700.0 0.0 2.0 7.0 111109613.0 102946.0 0.0 60220000.0 31.0 2.0 1000.0 9227441.0
14800.0 0.0 2.0 7.0 111001385.0 97369.0 0.0 60220000.0 30.0 2.0 1000.0 9341246.0
14900.0 0.0 2.0 7.0 110898599.0 89764.0 0.0 60220000.0 28.0 2.0 1000.0 9451637.0
15000.0 0.0 2.0 7.0 110798561.0 83402.0 0.0 60220000.0 28.0 2.0 1000.0 9558037.0
15100.0 0.0 2.0 6.0 110699098.0 88895.0 0.0 60220000.0 27.0 2.0 1000.0 9652007.0
15200.0 0.0 2.0 6.0 110602603.0 92410.0 0.0 60220000.0 27.0 2.0 1000.0 9744987.0
15300.0 0.0 2.0 6.0 110506699.0 93837.0 0.0 60220000.0 27.0 2.0 1000.0 9839464.0
15400.0 0.0 2.0 6.0 110410606.0 94936.0 0.0 60220000.0 27.0 2.0 1000.0 9934458.0
15500.0 0.0 2.0 5.0 110314730.0 104490.0 0.0 60220000.0 27.0 2.0 1000.0 10020780.0
15600.0 0.0 2.0 5.0 110217888.0 116397.0 0.0 60220000.0 26.0 2.0 1000.0 10105715.0
15700.0 0.0 2.0 5.0 110127821.0 118906.0 0.0 60220000.0 25.0 2.0 1000.0 10193273.0
15800.0 0.0 2.0 5.0 110038097.0 120646.0 0.0 60220000.0 25.0 2.0 1000.0 10281257.0
15900.0 0.0 2.0 4.0 109948722.0 128395.0 0.0 60220000.0 25.0 2.0 1000.0 10362883.0
16000.0 0.0 2.0 4.0 109859635.0 143155.0 0.0 60220000.0 25.0 2.0 1000.0 10437210.0
16100.0 0.0 2.0 4.0 109770520.0 155295.0 0.0 60220000.0 25.0 2.0 1000.0 10514185.0
16200.0 0.0 2.0 4.0 109680857.0 165780.0 0.0 60220000.0 25.0 2.0 1000.0 10593363.0
16300.0 0.0 2.0 4.0 109591180.0 175287.0 0.0 60220000.0 25.0 2.0 1000.0 10673533.0
16400.0 0.0 2.0 4.0 109502620.0 182385.0 0.0 60220000.0 25.0 2.0 1000.0 10754995.0
16500.0 0.0 2.0 4.0 109415090.0 187659.0 0.0 60220000.0 24.0 2.0 1000.0 10837251.0
16600.0 0.0 2.0 4.0 109329400.0 190561.0 0.0 60220000.0 24.0 2.0 1000.0 10920039.0
16700.0 0.0 2.0 4.0 109243381.0 193026.0 0.0 60220000.0 24.0 2.0 1000.0 11003593.0
16800.0 0.0 2.0 4.0 109157869.0 195039.0 0.0 60220000.0 23.0 2.0 1000.0 11087092.0
16900.0 0.0 2.0 4.0 109075415.0 194457.0 0.0 60220000.0 23.0 2.0 1000.0 11170128.0
17000.0 0.0 2.0 4.0 108993237.0 192909.0 0.0 60220000.0 23.0 2.0 1000.0 11253854.0
17100.0 0.0 2.0 4.0 108911330.0 190711.0 0.0 60220000.0 21.0 2.0 1000.0 11337959.0
17200.0 0.0 2.0 3.0 108836281.0 195164.0 0.0 60220000.0 21.0 2.0 1000.0 11408555.0
17300.0 0.0 2.0 3.0 108761545.0 206771.0 0.0 60220000.0 21.0 2.0 1000.0 11471684.0
17400.0 0.0 2.0 3.0 108686218.0 217422.0 0.0 60220000.0 21.0 2.0 1000.0 11536360.0
17500.0 0.0 2.0 1.0 108611692.0 250651.0 0.0 60220000.0 20.0 2.0 1000.0 11577657.0
17600.0 0.0 2.0 1.0 108541397.0 297826.0 0.0 60220000.0 19.0 2.0 1000.0 11600777.0
17700.0 0.0 2.0 1.0 108473369.0 341907.0 0.0 60220000.0 19.0 2.0 1000.0 11624724.0
17800.0 0.0 2.0 1.0 108405927.0 385121.0 0.0 60220000.0 19.0 2.0 1000.0 11648952.0
17900.0 0.0 2.0 1.0 108340240.0 425893.0 0.0 60220000.0 18.0 2.0 1000.0 11673867.0
18000.0 0.0 2.0 1.0 108281750.0 459290.0 0.0 60220000.0 16.0 2.0 1000.0 11698960.0
18100.0 0.0 2.0 1.0 108224412.0 491229.0 0.0 60220000.0 16.0 2.0 1000.0 11724359.0
18200.0 0.0 2.0 1.0 108167313.0 522754.0 0.0 60220000.0 16.0 2.0 1000.0 11749933.0
18300.0 0.0 2.0 1.0 108112220.0 552025.0 0.0 60220000.0 15.0 2.0 1000.0 11775755.0
18400.0 0.0 2.0 1.0 108058774.0 579598.0 0.0 60220000.0 15.0 2.0 1000.0 11801628.0
18500.0 0.0 2.0 1.0 108005487.0 606419.0 0.0 60220000.0 15.0 2.0 1000.0 11828094.0
18600.0 0.0 2.0 1.0 107952762.0 632522.0 0.0 60220000.0 14.0 2.0 1000.0 11854716.0
18700.0 0.0 2.0 1.0 107902780.0 655982.0 0.0 60220000.0 14.0 2.0 1000.0 11881238.0
18800.0 0.0 2.0 1.0 107853561.0 678448.0 0.0 60220000.0 13.0 2.0 1000.0 11907991.0
18900.0 0.0 2.0 1.0 107807297.0 698172.0 0.0 60220000.0 13.0 2.0 1000.0 11934531.0
19000.0 0.0 2.0 1.0 107761120.0 717513.0 0.0 60220000.0 13.0 2.0 1000.0 11961367.0
19100.0 0.0 2.0 1.0 107714874.0 736743.0 0.0 60220000.0 13.0 2.0 1000.0 11988383.0
19200.0 0.0 2.0 1.0 107669953.0 754888.0 0.0 60220000.0 12.0 2.0 1000.0 12015159.0
19300.0 0.0 2.0 1.0 107627571.0 770325.0 0.0 60220000.0 12.0 2.0 1000.0 12042104.0
19400.0 1.0 2.0 3.0 107572587.0 788524.0 0.0 60220000.0 24.0 2.0 1000.0 12078889.0
19500.0 0.0 2.0 4.0 107466764.0 789514.0 0.0 60220000.0 30.0 2.0 1000.0 12183722.0
19600.0 0.0 2.0 4.0 107360278.0 787773.0 0.0 60220000.0 30.0 2.0 1000.0 12291949.0
19700.0 0.0 2.0 4.0 107253701.0 785336.0 0.0 60220000.0 30.0 2.0 1000.0 12400963.0
19800.0 0.0 2.0 4.0 107146823.0 784015.0 0.0 60220000.0 30.0 2.0 1000.0 12509162.0
19900.0 0.0 2.0 4.0 107040870.0 781727.0 0.0 60220000.0 30.0 2.0 1000.0 12617403.0
