time rna_M monomer_betaGal protein_betaGal Lactose_external Lactose_internal Glucose_external Glucose_internal protein_Lactose_Permease dna_Lac_Operon Biomass Lactose_consumed
0.0 0.0 0.0 0.0 120440000.0 0.0 60220000.0 0.0 0.0 2.0 1000.0 0.0
100.0 0.0 0.0 0.0 120440000.0 0.0 30117340.0 30102660.0 0.0 2.0 1000.0 0.0
200.0 0.0 0.0 0.0 120440000.0 0.0 77416.0 60142584.0 0.0 2.0 1000.0 0.0
300.0 0.0 0.0 0.0 120440000.0 0.0 0.0 60220000.0 0.0 2.0 1000.0 0.0
400.0 0.0 0.0 0.0 120440000.0 0.0 0.0 60220000.0 0.0 2.0 1000.0 0.0
500.0 0.0 0.0 0.0 120440000.0 0.0 0.0 60220000.0 0.0 2.0 1000.0 0.0
600.0 0.0 0.0 0.0 120440000.0 0.0 0.0 60220000.0 0.0 2.0 1000.0 0.0
700.0 0.0 0.0 0.0 120440000.0 0.0 0.0 60220000.0 0.0 2.0 1000.0 0.0
800.0 0.0 0.0 0.0 120440000.0 0.0 0.0 60220000.0 0.0 2.0 1000.0 0.0
900.0 0.0 0.0 0.0 120440000.0 0.0 0.0 60220000.0 0.0 2.0 1000.0 0.0
1000.0 0.0 0.0 0.0 120440000.0 0.0 0.0 60220000.0 0.0 2.0 1000.0 0.0
1100.0 0.0 0.0 0.0 120440000.0 0.0 0.0 60220000.0 0.0 2.0 1000.0 0.0
1200.0 0.0 0.0 0.0 120440000.0 0.0 0.0 60220000.0 0.0 2.0 1000.0 0.0
1300.0 0.0 0.0 0.0 120440000.0 0.0 0.0 60220000.0 0.0 2.0 1000.0 0.0
1400.0 0.0 0.0 0.0 120440000.0 0.0 0.0 60220000.0 0.0 2.0 1000.0 0.0
1500.0 0.0 0.0 0.0 120440000.0 0.0 0.0 60220000.0 0.0 2.0 1000.0 0.0
1600.0 0.0 0.0 0.0 120440000.0 0.0 0.0 60220000.0 0.0 2.0 1000.0 0.0
1700.0 0.0 0.0 0.0 120440000.0 0.0 0.0 60220000.0 0.0 2.0 1000.0 0.0
1800.0 0.0 0.0 0.0 120440000.0 0.0 0.0 60220000.0 0.0 2.0 1000.0 0.0
1900.0 0.0 0.0 0.0 120440000.0 0.0 0.0 60220000.0 0.0 2.0 1000.0 0.0
2000.0 0.0 0.0 0.0 120440000.0 0.0 0.0 60220000.0 0.0 2.0 1000.0 0.0
2100.0 0.0 0.0 0.0 120440000.0 0.0 0.0 60220000.0 0.0 2.0 1000.0 0.0
2200.0 0.0 0.0 0.0 120440000.0 0.0 0.0 60220000.0 0.0 2.0 1000.0 0.0
2300.0 0.0 0.0 0.0 120440000.0 0.0 0.0 60220000.0 0.0 2.0 1000.0 0.0
2400.0 0.0 0.0 0.0 120440000.0 0.0 0.0 60220000.0 0.0 2.0 1000.0 0.0
2500.0 0.0 0.0 0.0 120440000.0 0.0 0.0 60220000.0 0.0 2.0 1000.0 0.0
2600.0 1.0 1.0 0.0 120439502.0 498.0 0.0 60220000.0 3.0 2.0 1000.0 0.0
2700.0 0.0 2.0 1.0 120380884.0 54935.0 0.0 60220000.0 26.0 2.0 1000.0 4181.0
2800.0 0.0 2.0 1.0 120287801.0 132522.0 0.0 60220000.0 26.0 2.0 1000.0 19677.0
2900.0 0.0 2.0 1.0 120194843.0 205507.0 0.0 60220000.0 26.0 2.0 1000.0 39650.0
3000.0 0.0 2.0 1.0 120102296.0 275683.0 0.0 60220000.0 26.0 2.0 1000.0 62021.0
3100.0 0.0 2.0 1.0 120012199.0 342384.0 0.0 60220000.0 25.0 2.0 1000.0 85417.0
3200.0 0.0 2.0 1.0 119922831.0 407482.0 0.0 60220000.0 25.0 2.0 1000.0 109687.0
3300.0 0.0 2.0 1.0 119833923.0 471261.0 0.0 60220000.0 25.0 2.0 1000.0 134816.0
3400.0 0.0 2.0 1.0 119744299.0 535228.0 0.0 60220000.0 25.0 2.0 1000.0 160473.0
3500.0 0.0 2.0 1.0 119654691.0 598544.0 0.0 60220000.0 25.0 2.0 1000.0 186765.0
3600.0 0.0 2.0 1.0 119566370.0 660475.0 0.0 60220000.0 24.0 2.0 1000.0 213155.0
3700.0 0.0 2.0 1.0 119481231.0 718808.0 0.0 60220000.0 24.0 2.0 1000.0 239961.0
3800.0 0.0 2.0 1.0 119395836.0 777381.0 0.0 60220000.0 23.0 2.0 1000.0 266783.0
3900.0 0.0 2.0 1.0 119313977.0 832186.0 0.0 60220000.0 23.0 2.0 1000.0 293837.0
4000.0 0.0 2.0 1.0 119232033.0 886490.0 0.0 60220000.0 22.0 2.0 1000.0 321477.0
4100.0 0.0 2.0 1.0 119153026.0 938121.0 0.0 60220000.0 22.0 2.0 1000.0 348853.0
4200.0 0.0 2.0 1.0 119074421.0 989131.0 0.0 60220000.0 22.0 2.0 1000.0 376448.0
4300.0 0.0 2.0 1.0 118996094.0 1039934.0 0.0 60220000.0 22.0 2.0 1000.0 403972.0
4400.0 0.0 2.0 1.0 118917461.0 1090896.0 0.0 60220000.0 22.0 2.0 1000.0 431643.0
4500.0 0.0 2.0 1.0 118839298.0 1141377.0 0.0 60220000.0 22.0 2.0 1000.0 459325.0
4600.0 0.0 2.0 1.0 118760932.0 1191788.0 0.0 60220000.0 22.0 2.0 1000.0 487280.0
4700.0 0.0 2.0 1.0 118685897.0 1238912.0 0.0 60220000.0 21.0 2.0 1000.0 515191.0
4800.0 0.0 2.0 1.0 118611587.0 1285119.0 0.0 60220000.0 21.0 2.0 1000.0 543294.0
4900.0 0.0 2.0 1.0 118536654.0 1331867.0 0.0 60220000.0 21.0 2.0 1000.0 571479.0
5000.0 0.0 2.0 1.0 118461936.0 1378667.0 0.0 60220000.0 21.0 2.0 1000.0 599397.0
5100.0 1.0 2.0 1.0 118387181.0 1424974.0 0.0 60220000.0 21.0 2.0 1000.0 627845.0
5200.0 0.0 0.0 4.0 118276599.0 1450721.0 0.0 60220000.0 35.0 2.0 1000.0 712680.0
5300.0 0.0 0.0 4.0 118152115.0 1461976.0 0.0 60220000.0 35.0 2.0 1000.0 825909.0
5400.0 0.0 0.0 4.0 118027265.0 1473619.0 0.0 60220000.0 35.0 2.0 1000.0 939116.0
5500.0 0.0 0.0 4.0 117902571.0 1484541.0 0.0 60220000.0 34.0 2.0 1000.0 1052888.0
5600.0 0.0 0.0 4.0 117781172.0 1492420.0 0.0 60220000.0 34.0 2.0 1000.0 1166408.0
5700.0 0.0 0.0 4.0 117660630.0 1499577.0 0.0 60220000.0 34.0 2.0 1000.0 1279793.0
5800.0 0.0 0.0 4.0 117539142.0 1507255.0 0.0 60220000.0 34.0 2.0 1000.0 1393603.0
5900.0 0.0 0.0 4.0 117419700.0 1513320.0 0.0 60220000.0 33.0 2.0 1000.0 1506980.0
6000.0 0.0 0.0 4.0 117302626.0 1516806.0 0.0 60220000.0 33.0 2.0 1000.0 1620568.0
6100.0 0.0 0.0 4.0 117185274.0 1520522.0 0.0 60220000.0 32.0 2.0 1000.0 1734204.0
6200.0 0.0 0.0 4.0 117076942.0 1515327.0 0.0 60220000.0 30.0 2.0 1000.0 1847731.0
6300.0 0.0 0.0 4.0 116971383.0 1507158.0 0.0 60220000.0 29.0 2.0 1000.0 1961459.0
6400.0 0.0 0.0 4.0 116871966.0 1493067.0 0.0 60220000.0 28.0 2.0 1000.0 2074967.0
6500.0 0.0 0.0 4.0 116772303.0 1478607.0 0.0 60220000.0 28.0 2.0 1000.0 2189090.0
6600.0 0.0 0.0 4.0 116672386.0 1464724.0 0.0 60220000.0 28.0 2.0 1000.0 2302890.0
6700.0 0.0 0.0 4.0 116573514.0 1450218.0 0.0 60220000.0 28.0 2.0 1000.0 2416268.0
6800.0 0.0 0.0 4.0 116473525.0 1436834.0 0.0 60220000.0 28.0 2.0 1000.0 2529641.0
6900.0 0.0 0.0 4.0 116374144.0 1423201.0 0.0 60220000.0 28.0 2.0 1000.0 2642655.0
7000.0 0.0 0.0 4.0 116278085.0 1405665.0 0.0 60220000.0 27.0 2.0 1000.0 2756250.0
7100.0 0.0 0.0 4.0 116183752.0 1386873.0 0.0 60220000.0 26.0 2.0 1000.0 2869375.0
7200.0 0.0 0.0 4.0 116091764.0 1365618.0 0.0 60220000.0 26.0 2.0 1000.0 2982618.0
7300.0 0.0 0.0 4.0 115999275.0 1344920.0 0.0 60220000.0 26.0 2.0 1000.0 3095805.0
7400.0 0.0 0.0 4.0 115906395.0 1325911.0 0.0 60220000.0 26.0 2.0 1000.0 3207694.0
7500.0 0.0 0.0 4.0 115813011.0 1306423.0 0.0 60220000.0 26.0 2.0 1000.0 3320566.0
7600.0 0.0 0.0 4.0 115720541.0 1286374.0 0.0 60220000.0 26.0 2.0 1000.0 3433085.0
7700.0 0.0 0.0 4.0 115630252.0 1263844.0 0.0 60220000.0 25.0 2.0 1000.0 3545904.0
7800.0 0.0 0.0 4.0 115541484.0 1240087.0 0.0 60220000.0 25.0 2.0 1000.0 3658429.0
7900.0 0.0 0.0 4.0 115452368.0 1216771.0 0.0 60220000.0 25.0 2.0 1000.0 3770861.0
8000.0 0.0 0.0 3.0 115364117.0 1220297.0 0.0 60220000.0 24.0 2.0 1000.0 3855586.0
8100.0 0.0 0.0 3.0 115278986.0 1221124.0 0.0 60220000.0 24.0 2.0 1000.0 3939890.0
8200.0 0.0 0.0 3.0 115195049.0 1220727.0 0.0 60220000.0 23.0 2.0 1000.0 4024224.0
8300.0 0.0 0.0 3.0 115112841.0 1218599.0 0.0 60220000.0 23.0 2.0 1000.0 4108560.0
8400.0 0.0 0.0 3.0 115033543.0 1213977.0 0.0 60220000.0 22.0 2.0 1000.0 4192480.0
8500.0 0.0 0.0 3.0 114955215.0 1208301.0 0.0 60220000.0 22.0 2.0 1000.0 4276484.0
8600.0 0.0 0.0 3.0 114876888.0 1202466.0 0.0 60220000.0 22.0 2.0 1000.0 4360646.0
8700.0 0.0 0.0 3.0 114799428.0 1195488.0 0.0 60220000.0 21.0 2.0 1000.0 4445084.0
8800.0 0.0 0.0 3.0 114724720.0 1186013.0 0.0 60220000.0 21.0 2.0 1000.0 4529267.0
8900.0 0.0 0.0 3.0 114651173.0 1175032.0 0.0 60220000.0 20.0 2.0 1000.0 4613795.0
9000.0 0.0 0.0 3.0 114580073.0 1161922.0 0.0 60220000.0 20.0 2.0 1000.0 4698005.0
9100.0 0.0 0.0 3.0 114508834.0 1149179.0 0.0 60220000.0 20.0 2.0 1000.0 4781987.0
9200.0 0.0 0.0 3.0 114437729.0 1136945.0 0.0 60220000.0 20.0 2.0 1000.0 4865326.0
9300.0 0.0 0.0 3.0 114366400.0 1124594.0 0.0 60220000.0 20.0 2.0 1000.0 4949006.0
9400.0 0.0 0.0 3.0 114294778.0 1112135.0 0.0 60220000.0 20.0 2.0 1000.0 5033087.0
9500.0 0.0 0.0 3.0 114226263.0 1097285.0 0.0 60220000.0 19.0 2.0 1000.0 5116452.0
9600.0 0.0 0.0 3.0 114158880.0 1081363.0 0.0 60220000.0 19.0 2.0 1000.0 5199757.0
9700.0 0.0 0.0 3.0 114091271.0 1065477.0 0.0 60220000.0 19.0 2.0 1000.0 5283252.0
9800.0 0.0 0.0 3.0 114023737.0 1049845.0 0.0 60220000.0 19.0 2.0 1000.0 5366418.0
9900.0 0.0 0.0 3.0 113959070.0 1031546.0 0.0 60220000.0 18.0 2.0 1000.0 5449384.0
10000.0 0.0 0.0 3.0 113894821.0 1012736.0 0.0 60220000.0 18.0 2.0 1000.0 5532443.0
10100.0 0.0 0.0 3.0 113831178.0 993197.0 0.0 60220000.0 18.0 2.0 1000.0 5615625.0
10200.0 0.0 0.0 3.0 113767365.0 973948.0 0.0 60220000.0 18.0 2.0 1000.0 5698687.0
10300.0 0.0 0.0 3.0 113703306.0 955282.0 0.0 60220000.0 18.0 2.0 1000.0 5781412.0
10400.0 0.0 0.0 3.0 113639520.0 936385.0 0.0 60220000.0 18.0 2.0 1000.0 5864095.0
10500.0 0.0 0.0 3.0 113575153.0 918222.0 0.0 60220000.0 18.0 2.0 1000.0 5946625.0
10600.0 0.0 0.0 3.0 113511567.0 898855.0 0.0 60220000.0 18.0 2.0 1000.0 6029578.0
10700.0 0.0 0.0 3.0 113450744.0 877407.0 0.0 60220000.0 17.0 2.0 1000.0 6111849.0
10800.0 0.0 0.0 2.0 113389973.0 864021.0 0.0 60220000.0 17.0 2.0 1000.0 6186006.0
10900.0 0.0 0.0 2.0 113329161.0 870038.0 0.0 60220000.0 17.0 2.0 1000.0 6240801.0
11000.0 0.0 0.0 2.0 113270469.0 874155.0 0.0 60220000.0 16.0 2.0 1000.0 6295376.0
11100.0 0.0 0.0 2.0 113213624.0 875914.0 0.0 60220000.0 16.0 2.0 1000.0 6350462.0
11200.0 0.0 0.0 2.0 113156908.0 878045.0 0.0 60220000.0 16.0 2.0 1000.0 6405047.0
11300.0 0.0 0.0 2.0 113100069.0 880166.0 0.0 60220000.0 16.0 2.0 1000.0 6459765.0
11400.0 0.0 0.0 2.0 113042996.0 882805.0 0.0 60220000.0 16.0 2.0 1000.0 6514199.0
11500.0 0.0 0.0 2.0 112986372.0 884628.0 0.0 60220000.0 16.0 2.0 1000.0 6569000.0
11600.0 0.0 0.0 2.0 112929324.0 886965.0 0.0 60220000.0 16.0 2.0 1000.0 6623711.0
11700.0 0.0 0.0 2.0 112872372.0 889236.0 0.0 60220000.0 16.0 2.0 1000.0 6678392.0
11800.0 0.0 0.0 2.0 112815386.0 891649.0 0.0 60220000.0 16.0 2.0 1000.0 6732965.0
11900.0 0.0 0.0 2.0 112762221.0 890189.0 0.0 60220000.0 14.0 2.0 1000.0 6787590.0
12000.0 0.0 0.0 2.0 112712409.0 885849.0 0.0 60220000.0 14.0 2.0 1000.0 6841742.0
12100.0 0.0 0.0 2.0 112662631.0 880652.0 0.0 60220000.0 14.0 2.0 1000.0 6896717.0
12200.0 0.0 0.0 2.0 112613035.0 875440.0 0.0 60220000.0 14.0 2.0 1000.0 6951525.0
12300.0 0.0 0.0 2.0 112563499.0 870727.0 0.0 60220000.0 14.0 2.0 1000.0 7005774.0
12400.0 0.0 0.0 2.0 112515265.0 864287.0 0.0 60220000.0 13.0 2.0 1000.0 7060448.0
12500.0 0.0 0.0 2.0 112468731.0 856296.0 0.0 60220000.0 13.0 2.0 1000.0 7114973.0
12600.0 0.0 0.0 2.0 112422611.0 848126.0 0.0 60220000.0 13.0 2.0 1000.0 7169263.0
12700.0 0.0 0.0 2.0 112376325.0 839803.0 0.0 60220000.0 13.0 2.0 1000.0 7223872.0
12800.0 0.0 0.0 2.0 112330221.0 831410.0 0.0 60220000.0 13.0 2.0 1000.0 7278369.0
12900.0 0.0 0.0 2.0 112284206.0 823090.0 0.0 60220000.0 13.0 2.0 1000.0 7332704.0
13000.0 0.0 0.0 2.0 112237688.0 815021.0 0.0 60220000.0 13.0 2.0 1000.0 7387291.0
13100.0 0.0 0.0 2.0 112191425.0 806867.0 0.0 60220000.0 13.0 2.0 1000.0 7441708.0
13200.0 1.0 0.0 3.0 112144761.0 798722.0 0.0 60220000.0 15.0 2.0 1000.0 7496517.0
13300.0 1.0 2.0 7.0 112042951.0 775945.0 0.0 60220000.0 42.0 2.0 1000.0 7621104.0
13400.0 1.0 3.0 9.0 111843117.0 762645.0 0.0 60220000.0 69.0 2.0 1000.0 7834238.0
13500.0 0.0 3.0 9.0 111594012.0 768483.0 0.0 60220000.0 70.0 2.0 1000.0 8077505.0
13600.0 0.0 3.0 9.0 111350768.0 768199.0 0.0 60220000.0 68.0 2.0 1000.0 8321033.0
13700.0 0.0 3.0 9.0 111108975.0 766426.0 0.0 60220000.0 68.0 2.0 1000.0 8564599.0
13800.0 0.0 3.0 9.0 110866197.0 766626.0 0.0 60220000.0 68.0 2.0 1000.0 8807177.0
13900.0 0.0 3.0 9.0 110624604.0 764844.0 0.0 60220000.0 68.0 2.0 1000.0 9050552.0
14000.0 0.0 3.0 9.0 110390198.0 756468.0 0.0 60220000.0 64.0 2.0 1000.0 9293334.0
14100.0 0.0 3.0 9.0 110165485.0 738933.0 0.0 60220000.0 62.0 2.0 1000.0 9535582.0
14200.0 0.0 3.0 9.0 109945457.0 717060.0 0.0 60220000.0 61.0 2.0 1000.0 9777483.0
14300.0 0.0 3.0 9.0 109728645.0 692715.0 0.0 60220000.0 60.0 2.0 1000.0 10018640.0
14400.0 0.0 3.0 9.0 109517849.0 663096.0 0.0 60220000.0 58.0 2.0 1000.0 10259055.0
14500.0 0.0 3.0 9.0 109316126.0 625591.0 0.0 60220000.0 56.0 2.0 1000.0 10498283.0
14600.0 0.0 3.0 9.0 109116292.0 587941.0 0.0 60220000.0 56.0 2.0 1000.0 10735767.0
14700.0 0.0 3.0 9.0 108919263.0 548805.0 0.0 60220000.0 54.0 2.0 1000.0 10971932.0
14800.0 0.0 3.0 9.0 108729416.0 505804.0 0.0 60220000.0 52.0 2.0 1000.0 11204780.0
14900.0 0.0 3.0 9.0 108543741.0 461751.0 0.0 60220000.0 52.0 2.0 1000.0 11434508.0
15000.0 0.0 3.0 9.0 108365706.0 413741.0 0.0 60220000.0 49.0 2.0 1000.0 11660553.0
15100.0 0.0 3.0 9.0 108190221.0 367706.0 0.0 60220000.0 49.0 2.0 1000.0 11882073.0
15200.0 0.0 3.0 9.0 108014980.0 325471.0 0.0 60220000.0 49.0 2.0 1000.0 12099549.0
15300.0 0.0 3.0 8.0 107840292.0 301794.0 0.0 60220000.0 49.0 2.0 1000.0 12297914.0
15400.0 0.0 3.0 8.0 107665412.0 289496.0 0.0 60220000.0 49.0 2.0 1000.0 12485092.0
15500.0 0.0 3.0 8.0 107493932.0 276365.0 0.0 60220000.0 47.0 2.0 1000.0 12669703.0
15600.0 0.0 3.0 7.0 107326446.0 280387.0 0.0 60220000.0 47.0 2.0 1000.0 12833167.0
15700.0 0.0 3.0 7.0 107158768.0 286012.0 0.0 60220000.0 47.0 2.0 1000.0 12995220.0
15800.0 0.0 3.0 7.0 106992054.0 290725.0 0.0 60220000.0 46.0 2.0 1000.0 13157221.0
15900.0 0.0 3.0 7.0 106828389.0 291897.0 0.0 60220000.0 46.0 2.0 1000.0 13319714.0
16000.0 0.0 3.0 7.0 106664432.0 293031.0 0.0 60220000.0 46.0 2.0 1000.0 13482537.0
16100.0 0.0 3.0 6.0 106502335.0 294440.0 0.0 60220000.0 45.0 2.0 1000.0 13643225.0
16200.0 0.0 3.0 6.0 106344522.0 311277.0 0.0 60220000.0 44.0 2.0 1000.0 13784201.0
16300.0 0.0 3.0 6.0 106193234.0 320587.0 0.0 60220000.0 42.0 2.0 1000.0 13926179.0
16400.0 0.0 3.0 6.0 106043098.0 327856.0 0.0 60220000.0 41.0 2.0 1000.0 14069046.0
16500.0 0.0 3.0 6.0 105896997.0 329779.0 0.0 60220000.0 41.0 2.0 1000.0 14213224.0
16600.0 0.0 3.0 6.0 105752820.0 330256.0 0.0 60220000.0 40.0 2.0 1000.0 14356924.0
16700.0 0.0 3.0 6.0 105610232.0 329969.0 0.0 60220000.0 40.0 2.0 1000.0 14499799.0
16800.0 0.0 3.0 5.0 105467274.0 346984.0 0.0 60220000.0 40.0 2.0 1000.0 14625742.0
16900.0 0.0 3.0 5.0 105325615.0 366874.0 0.0 60220000.0 39.0 2.0 1000.0 14747511.0
17000.0 0.0 3.0 5.0 105186698.0 382979.0 0.0 60220000.0 39.0 2.0 1000.0 14870323.0
17100.0 0.0 3.0 5.0 105049294.0 397807.0 0.0 60220000.0 38.0 2.0 1000.0 14992899.0
17200.0 0.0 3.0 5.0 104916951.0 406466.0 0.0 60220000.0 36.0 2.0 1000.0 15116583.0
17300.0 0.0 3.0 5.0 104788437.0 410704.0 0.0 60220000.0 36.0 2.0 1000.0 15240859.0
17400.0 0.0 3.0 5.0 104661604.0 413320.0 0.0 60220000.0 35.0 2.0 1000.0 15365076.0
17500.0 1.0 3.0 5.0 104538358.0 412225.0 0.0 60220000.0 35.0 2.0 1000.0 15489417.0
17600.0 1.0 1.0 7.0 104369908.0 402969.0 0.0 60220000.0 59.0 2.0 1000.0 15667123.0
17700.0 0.0 1.0 7.0 104131337.0 461688.0 0.0 60220000.0 67.0 2.0 1000.0 15846975.0
17800.0 0.0 1.0 7.0 103892289.0 520959.0 0.0 60220000.0 67.0 2.0 1000.0 16026752.0
17900.0 0.0 1.0 6.0 103660548.0 577379.0 0.0 60220000.0 64.0 2.0 1000.0 16202073.0
18000.0 0.0 1.0 6.0 103433537.0 646094.0 0.0 60220000.0 62.0 2.0 1000.0 16360369.0
18100.0 0.0 1.0 6.0 103212455.0 707138.0 0.0 60220000.0 61.0 2.0 1000.0 16520407.0
18200.0 0.0 1.0 5.0 102997529.0 785056.0 0.0 60220000.0 59.0 2.0 1000.0 16657415.0
18300.0 0.0 1.0 5.0 102787651.0 859636.0 0.0 60220000.0 58.0 2.0 1000.0 16792713.0
18400.0 0.0 1.0 5.0 102580806.0 929159.0 0.0 60220000.0 58.0 2.0 1000.0 16930035.0
18500.0 0.0 1.0 4.0 102376445.0 1011101.0 0.0 60220000.0 56.0 2.0 1000.0 17052454.0
18600.0 0.0 1.0 4.0 102178809.0 1097637.0 0.0 60220000.0 55.0 2.0 1000.0 17163554.0
18700.0 0.0 1.0 4.0 101982637.0 1182368.0 0.0 60220000.0 55.0 2.0 1000.0 17274995.0
18800.0 0.0 1.0 4.0 101786805.0 1265854.0 0.0 60220000.0 54.0 2.0 1000.0 17387341.0
18900.0 0.0 1.0 3.0 101594182.0 1360530.0 0.0 60220000.0 54.0 2.0 1000.0 17485288.0
19000.0 0.0 1.0 3.0 101402099.0 1467842.0 0.0 60220000.0 53.0 2.0 1000.0 17570059.0
19100.0 0.0 1.0 3.0 101215184.0 1569368.0 0.0 60220000.0 52.0 2.0 1000.0 17655448.0
19200.0 0.0 1.0 3.0 101029642.0 1669015.0 0.0 60220000.0 52.0 2.0 1000.0 17741343.0
19300.0 0.0 1.0 3.0 100846673.0 1766435.0 0.0 60220000.0 51.0 2.0 1000.0 17826892.0
19400.0 0.0 1.0 3.0 100665017.0 1861872.0 0.0 60220000.0 51.0 2.0 1000.0 17913111.0
19500.0 0.0 1.0 3.0 100484197.0 1957046.0 0.0 60220000.0 51.0 2.0 1000.0 17998757.0
19600.0 0.0 1.0 3.0 100303093.0 2051668.0 0.0 60220000.0 51.0 2.0 1000.0 18085239.0
19700.0 0.0 1.0 3.0 100121385.0 2146771.0 0.0 60220000.0 51.0 2.0 1000.0 18171844.0
19800.0 0.0 1.0 2.0 99948614.0 2258349.0 0.0 60220000.0 47.0 2.0 1000.0 18233037.0
19900.0 0.0 1.0 2.0 99784963.0 2364256.0 0.0 60220000.0 46.0 2.0 1000.0 18290781.0
