time rna_M monomer_betaGal protein_betaGal Lactose_external Lactose_internal Glucose_external Glucose_internal protein_Lactose_Permease dna_Lac_Operon Biomass Lactose_consumed
0.0 0.0 0.0 0.0 120440000.0 0.0 60220000.0 0.0 0.0 2.0 1000.0 0.0
100.0 0.0 0.0 0.0 120440000.0 0.0 30127186.0 30092814.0 0.0 2.0 1000.0 0.0
200.0 1.0 0.0 2.0 120436583.0 3319.0 84200.0 60135800.0 11.0 2.0 1000.0 98.0
300.0 1.0 3.0 4.0 120357848.0 59100.0 0.0 60220000.0 33.0 2.0 1000.0 23052.0
400.0 1.0 2.0 8.0 120166132.0 149170.0 0.0 60220000.0 72.0 2.0 1000.0 124698.0
500.0 1.0 2.0 11.0 119840989.0 277073.0 0.0 60220000.0 109.0 2.0 1000.0 321938.0
600.0 1.0 2.0 16.0 119380926.0 418266.0 0.0 60220000.0 148.0 2.0 1000.0 640808.0
700.0 0.0 0.0 18.0 118810976.0 535666.0 0.0 60220000.0 166.0 2.0 1000.0 1093358.0
800.0 0.0 0.0 18.0 118222326.0 651347.0 0.0 60220000.0 164.0 2.0 1000.0 1566327.0
900.0 0.0 0.0 18.0 117645514.0 745309.0 0.0 60220000.0 160.0 2.0 1000.0 2049177.0
1000.0 0.0 0.0 18.0 117076740.0 827200.0 0.0 60220000.0 159.0 2.0 1000.0 2536060.0
1100.0 0.0 0.0 17.0 116513209.0 918297.0 0.0 60220000.0 157.0 2.0 1000.0 3008494.0
1200.0 0.0 0.0 17.0 115953441.0 1009143.0 0.0 60220000.0 157.0 2.0 1000.0 3477416.0
1300.0 0.0 0.0 17.0 115401173.0 1088250.0 0.0 60220000.0 153.0 2.0 1000.0 3950577.0
1400.0 0.0 0.0 17.0 114856657.0 1158377.0 0.0 60220000.0 152.0 2.0 1000.0 4424966.0
1500.0 0.0 0.0 16.0 114321337.0 1238612.0 0.0 60220000.0 149.0 2.0 1000.0 4880051.0
1600.0 0.0 0.0 16.0 113794999.0 1314884.0 0.0 60220000.0 145.0 2.0 1000.0 5330117.0
1700.0 0.0 0.0 15.0 113284433.0 1381779.0 0.0 60220000.0 143.0 2.0 1000.0 5773788.0
1800.0 0.0 0.0 14.0 112776384.0 1490569.0 0.0 60220000.0 141.0 2.0 1000.0 6173047.0
1900.0 0.0 0.0 14.0 112282102.0 1586734.0 0.0 60220000.0 138.0 2.0 1000.0 6571164.0
2000.0 0.0 0.0 13.0 111792707.0 1703914.0 0.0 60220000.0 136.0 2.0 1000.0 6943379.0
2100.0 0.0 0.0 13.0 111308627.0 1815821.0 0.0 60220000.0 136.0 2.0 1000.0 7315552.0
2200.0 1.0 2.0 13.0 110824169.0 1927031.0 0.0 60220000.0 139.0 2.0 1000.0 7688800.0
2300.0 1.0 0.0 19.0 110274953.0 2017412.0 0.0 60220000.0 174.0 2.0 1000.0 8147635.0
2400.0 1.0 3.0 22.0 109614847.0 2086466.0 0.0 60220000.0 201.0 2.0 1000.0 8738687.0
2500.0 0.0 0.0 25.0 108866566.0 2136226.0 0.0 60220000.0 210.0 2.0 1000.0 9437208.0
2600.0 0.0 0.0 25.0 108129947.0 2150281.0 0.0 60220000.0 207.0 2.0 1000.0 10159772.0
2700.0 0.0 0.0 25.0 107397266.0 2161458.0 0.0 60220000.0 206.0 2.0 1000.0 10881276.0
2800.0 0.0 1.0 26.0 106666287.0 2160134.0 0.0 60220000.0 206.0 2.0 1000.0 11613579.0
2900.0 0.0 1.0 26.0 105943905.0 2131901.0 0.0 60220000.0 203.0 2.0 1000.0 12364194.0
3000.0 0.0 1.0 24.0 105233084.0 2112466.0 0.0 60220000.0 198.0 2.0 1000.0 13094450.0
3100.0 0.0 1.0 24.0 104545370.0 2110160.0 0.0 60220000.0 190.0 2.0 1000.0 13784470.0
3200.0 0.0 1.0 23.0 103871217.0 2111314.0 0.0 60220000.0 190.0 2.0 1000.0 14457469.0
3300.0 1.0 2.0 24.0 103191802.0 2118768.0 0.0 60220000.0 200.0 2.0 1000.0 15129430.0
3400.0 1.0 0.0 26.0 102467877.0 2119043.0 0.0 60220000.0 209.0 2.0 1000.0 15853080.0
3500.0 0.0 0.0 28.0 101693586.0 2094152.0 0.0 60220000.0 218.0 2.0 1000.0 16652262.0
3600.0 0.0 0.0 28.0 100926053.0 2055668.0 0.0 60220000.0 213.0 2.0 1000.0 17458279.0
3700.0 0.0 0.0 27.0 100174447.0 2013099.0 0.0 60220000.0 211.0 2.0 1000.0 18252454.0
3800.0 0.0 0.0 27.0 99436795.0 1974766.0 0.0 60220000.0 205.0 2.0 1000.0 19028439.0
3900.0 0.0 0.0 25.0 98720595.0 1937128.0 0.0 60220000.0 199.0 2.0 1000.0 19782277.0
4000.0 0.0 0.0 24.0 98016651.0 1950022.0 0.0 60220000.0 195.0 2.0 1000.0 20473327.0
4100.0 0.0 0.0 24.0 97329362.0 1946206.0 0.0 60220000.0 192.0 2.0 1000.0 21164432.0
4200.0 0.0 0.0 24.0 96655119.0 1930003.0 0.0 60220000.0 189.0 2.0 1000.0 21854878.0
4300.0 0.0 0.0 23.0 95988063.0 1931807.0 0.0 60220000.0 186.0 2.0 1000.0 22520130.0
4400.0 0.0 0.0 20.0 95334819.0 1992435.0 0.0 60220000.0 182.0 2.0 1000.0 23112746.0
4500.0 0.0 0.0 19.0 94696550.0 2054868.0 0.0 60220000.0 177.0 2.0 1000.0 23688582.0
4600.0 0.0 0.0 18.0 94075232.0 2155093.0 0.0 60220000.0 174.0 2.0 1000.0 24209675.0
4700.0 0.0 0.0 16.0 93466622.0 2261262.0 0.0 60220000.0 169.0 2.0 1000.0 24712116.0
4800.0 0.0 0.0 16.0 92874002.0 2390596.0 0.0 60220000.0 166.0 2.0 1000.0 25175402.0
4900.0 0.0 0.0 16.0 92297591.0 2501999.0 0.0 60220000.0 161.0 2.0 1000.0 25640410.0
5000.0 0.0 0.0 16.0 91727957.0 2607098.0 0.0 60220000.0 160.0 2.0 1000.0 26104945.0
5100.0 0.0 0.0 16.0 91166546.0 2703365.0 0.0 60220000.0 158.0 2.0 1000.0 26570089.0
5200.0 1.0 1.0 16.0 90604806.0 2799482.0 0.0 60220000.0 163.0 2.0 1000.0 27035712.0
5300.0 0.0 0.0 18.0 89987645.0 2912032.0 0.0 60220000.0 176.0 2.0 1000.0 27540323.0
5400.0 1.0 0.0 18.0 89350879.0 3027018.0 0.0 60220000.0 192.0 2.0 1000.0 28062103.0
5500.0 0.0 0.0 20.0 88647740.0 3156449.0 0.0 60220000.0 198.0 2.0 1000.0 28635811.0
5600.0 1.0 3.0 20.0 87939916.0 3284281.0 0.0 60220000.0 204.0 2.0 1000.0 29215803.0
5700.0 2.0 3.0 26.0 87159008.0 3415289.0 0.0 60220000.0 245.0 2.0 1000.0 29865703.0
5800.0 2.0 2.0 34.0 86163304.0 3534082.0 0.0 60220000.0 316.0 2.0 1000.0 30742614.0
5900.0 4.0 3.0 44.0 84925819.0 3632476.0 0.0 60220000.0 384.0 2.0 1000.0 31881705.0
6000.0 2.0 3.0 54.0 83359468.0 3729821.0 0.0 60220000.0 481.0 2.0 1000.0 33350711.0
6100.0 1.0 3.0 57.0 81575805.0 3883663.0 0.0 60220000.0 519.0 2.0 1000.0 34980532.0
6200.0 1.0 0.0 62.0 79708543.0 4012295.0 0.0 60220000.0 547.0 2.0 1000.0 36719162.0
6300.0 1.0 3.0 62.0 77744530.0 4167669.0 0.0 60220000.0 558.0 2.0 1000.0 38527801.0
6400.0 1.0 2.0 67.0 75720283.0 4292758.0 0.0 60220000.0 585.0 2.0 1000.0 40426959.0
6500.0 0.0 1.0 71.0 73638465.0 4335238.0 0.0 60220000.0 594.0 2.0 1000.0 42466297.0
6600.0 0.0 1.0 71.0 71554891.0 4328879.0 0.0 60220000.0 586.0 2.0 1000.0 44556230.0
6700.0 0.0 1.0 67.0 69492256.0 4353597.0 0.0 60220000.0 579.0 2.0 1000.0 46594147.0
6800.0 0.0 1.0 67.0 67461674.0 4412417.0 0.0 60220000.0 571.0 2.0 1000.0 48565909.0
6900.0 1.0 2.0 66.0 65460201.0 4456023.0 0.0 60220000.0 562.0 2.0 1000.0 50523776.0
7000.0 1.0 3.0 72.0 63452193.0 4432863.0 0.0 60220000.0 577.0 2.0 1000.0 52554944.0
7100.0 2.0 1.0 78.0 61338505.0 4358955.0 0.0 60220000.0 634.0 2.0 1000.0 54742540.0
7200.0 1.0 0.0 82.0 59056853.0 4291328.0 0.0 60220000.0 655.0 2.0 1000.0 57091819.0
7300.0 2.0 0.0 88.0 56662349.0 4200614.0 0.0 60220000.0 702.0 2.0 1000.0 59577037.0
7400.0 3.0 2.0 93.0 54092400.0 4145089.0 0.0 60220000.0 760.0 2.0 1000.0 62202511.0
7500.0 1.0 3.0 97.0 51298823.0 4146308.0 0.0 60220000.0 809.0 2.0 1000.0 64994869.0
7600.0 0.0 1.0 97.0 48424315.0 4148463.0 0.0 60220000.0 811.0 2.0 1000.0 67867222.0
7700.0 0.0 1.0 97.0 45594678.0 4128236.0 0.0 60220000.0 789.0 2.0 1000.0 70717086.0
7800.0 0.0 1.0 94.0 42840059.0 4100820.0 0.0 60220000.0 771.0 2.0 1000.0 73499121.0
7900.0 0.0 1.0 92.0 40138332.0 4066507.0 0.0 60220000.0 760.0 2.0 1000.0 76235161.0
8000.0 0.0 1.0 89.0 37480950.0 4059169.0 0.0 60220000.0 746.0 2.0 1000.0 78899881.0
8100.0 1.0 3.0 90.0 34797485.0 4102335.0 0.0 60220000.0 770.0 2.0 1000.0 81540180.0
8200.0 1.0 2.0 95.0 32036688.0 4182435.0 0.0 60220000.0 807.0 2.0 1000.0 84220877.0
8300.0 2.0 3.0 98.0 29150230.0 4243070.0 0.0 60220000.0 828.0 2.0 1000.0 87046700.0
8400.0 1.0 1.0 101.0 26206576.0 4235646.0 0.0 60220000.0 840.0 2.0 1000.0 89997778.0
8500.0 0.0 3.0 96.0 23240028.0 4272062.0 0.0 60220000.0 838.0 2.0 1000.0 92927910.0
8600.0 0.0 3.0 95.0 20317041.0 4389232.0 0.0 60220000.0 828.0 2.0 1000.0 95733727.0
8700.0 2.0 3.0 97.0 17373496.0 4540305.0 0.0 60220000.0 859.0 2.0 1000.0 98526199.0
8800.0 1.0 3.0 99.0 14308253.0 4713697.0 0.0 60220000.0 886.0 2.0 1000.0 101418050.0
8900.0 1.0 0.0 102.0 11189137.0 4874144.0 0.0 60220000.0 897.0 2.0 1000.0 104376719.0
9000.0 1.0 1.0 105.0 8008643.0 5019996.0 0.0 60220000.0 921.0 2.0 1000.0 107411361.0
9100.0 1.0 1.0 109.0 4810474.0 5064277.0 0.0 60220000.0 934.0 2.0 1000.0 110565249.0
9200.0 1.0 2.0 112.0 1593047.0 5012949.0 0.0 60220000.0 976.0 2.0 1000.0 113834004.0
9300.0 0.0 0.0 109.0 1515.0 3357301.0 0.0 60220000.0 961.0 2.0 1000.0 117081184.0
9400.0 0.0 0.0 108.0 252.0 294800.0 0.0 60220000.0 950.0 2.0 1000.0 120144948.0
9500.0 0.0 0.0 103.0 0.0 0.0 0.0 60220000.0 935.0 2.0 1000.0 120440000.0
9600.0 0.0 0.0 102.0 0.0 0.0 0.0 60220000.0 925.0 2.0 1000.0 120440000.0
9700.0 0.0 0.0 102.0 0.0 0.0 0.0 60220000.0 905.0 2.0 1000.0 120440000.0
9800.0 0.0 0.0 101.0 0.0 0.0 0.0 60220000.0 887.0 2.0 1000.0 120440000.0
9900.0 0.0 0.0 97.0 0.0 0.0 0.0 60220000.0 878.0 2.0 1000.0 120440000.0
10000.0 0.0 0.0 95.0 0.0 0.0 0.0 60220000.0 864.0 2.0 1000.0 120440000.0
10100.0 0.0 0.0 92.0 0.0 0.0 0.0 60220000.0 848.0 2.0 1000.0 120440000.0
10200.0 0.0 0.0 91.0 0.0 0.0 0.0 60220000.0 835.0 2.0 1000.0 120440000.0
10300.0 0.0 0.0 90.0 0.0 0.0 0.0 60220000.0 812.0 2.0 1000.0 120440000.0
10400.0 0.0 0.0 89.0 0.0 0.0 0.0 60220000.0 800.0 2.0 1000.0 120440000.0
10500.0 0.0 0.0 88.0 0.0 0.0 0.0 60220000.0 789.0 2.0 1000.0 120440000.0
10600.0 0.0 0.0 85.0 0.0 0.0 0.0 60220000.0 776.0 2.0 1000.0 120440000.0
10700.0 0.0 0.0 82.0 0.0 0.0 0.0 60220000.0 769.0 2.0 1000.0 120440000.0
10800.0 0.0 0.0 80.0 0.0 0.0 0.0 60220000.0 750.0 2.0 1000.0 120440000.0
10900.0 0.0 0.0 78.0 0.0 0.0 0.0 60220000.0 737.0 2.0 1000.0 120440000.0
11000.0 0.0 0.0 78.0 0.0 0.0 0.0 60220000.0 728.0 2.0 1000.0 120440000.0
11100.0 0.0 0.0 77.0 0.0 0.0 0.0 60220000.0 714.0 2.0 1000.0 120440000.0
11200.0 0.0 0.0 76.0 0.0 0.0 0.0 60220000.0 702.0 2.0 1000.0 120440000.0
11300.0 0.0 0.0 76.0 0.0 0.0 0.0 60220000.0 692.0 2.0 1000.0 120440000.0
11400.0 0.0 0.0 75.0 0.0 0.0 0.0 60220000.0 680.0 2.0 1000.0 120440000.0
11500.0 0.0 0.0 73.0 0.0 0.0 0.0 60220000.0 671.0 2.0 1000.0 120440000.0
11600.0 0.0 0.0 73.0 0.0 0.0 0.0 60220000.0 659.0 2.0 1000.0 120440000.0
11700.0 0.0 0.0 73.0 0.0 0.0 0.0 60220000.0 649.0 2.0 1000.0 120440000.0
11800.0 0.0 0.0 72.0 0.0 0.0 0.0 60220000.0 636.0 2.0 1000.0 120440000.0
11900.0 0.0 0.0 70.0 0.0 0.0 0.0 60220000.0 619.0 2.0 1000.0 120440000.0
12000.0 0.0 0.0 69.0 0.0 0.0 0.0 60220000.0 600.0 2.0 1000.0 120440000.0
12100.0 0.0 0.0 69.0 0.0 0.0 0.0 60220000.0 593.0 2.0 1000.0 120440000.0
12200.0 0.0 0.0 66.0 0.0 0.0 0.0 60220000.0 582.0 2.0 1000.0 120440000.0
12300.0 0.0 0.0 66.0 0.0 0.0 0.0 60220000.0 574.0 2.0 1000.0 120440000.0
12400.0 0.0 0.0 65.0 0.0 0.0 0.0 60220000.0 563.0 2.0 1000.0 120440000.0
12500.0 0.0 0.0 64.0 0.0 0.0 0.0 60220000.0 548.0 2.0 1000.0 120440000.0
12600.0 0.0 0.0 62.0 0.0 0.0 0.0 60220000.0 536.0 2.0 1000.0 120440000.0
12700.0 0.0 0.0 62.0 0.0 0.0 0.0 60220000.0 528.0 2.0 1000.0 120440000.0
12800.0 0.0 0.0 60.0 0.0 0.0 0.0 60220000.0 519.0 2.0 1000.0 120440000.0
12900.0 0.0 0.0 59.0 0.0 0.0 0.0 60220000.0 513.0 2.0 1000.0 120440000.0
13000.0 0.0 0.0 56.0 0.0 0.0 0.0 60220000.0 506.0 2.0 1000.0 120440000.0
13100.0 0.0 0.0 56.0 0.0 0.0 0.0 60220000.0 501.0 2.0 1000.0 120440000.0
13200.0 0.0 0.0 55.0 0.0 0.0 0.0 60220000.0 490.0 2.0 1000.0 120440000.0
13300.0 0.0 0.0 54.0 0.0 0.0 0.0 60220000.0 481.0 2.0 1000.0 120440000.0
13400.0 0.0 0.0 53.0 0.0 0.0 0.0 60220000.0 476.0 2.0 1000.0 120440000.0
13500.0 0.0 0.0 52.0 0.0 0.0 0.0 60220000.0 466.0 2.0 1000.0 120440000.0
13600.0 0.0 0.0 52.0 0.0 0.0 0.0 60220000.0 460.0 2.0 1000.0 120440000.0
13700.0 0.0 0.0 51.0 0.0 0.0 0.0 60220000.0 456.0 2.0 1000.0 120440000.0
13800.0 0.0 0.0 49.0 0.0 0.0 0.0 60220000.0 451.0 2.0 1000.0 120440000.0
13900.0 0.0 0.0 48.0 0.0 0.0 0.0 60220000.0 443.0 2.0 1000.0 120440000.0
14000.0 0.0 0.0 47.0 0.0 0.0 0.0 60220000.0 435.0 2.0 1000.0 120440000.0
14100.0 0.0 0.0 45.0 0.0 0.0 0.0 60220000.0 425.0 2.0 1000.0 120440000.0
14200.0 0.0 0.0 45.0 0.0 0.0 0.0 60220000.0 421.0 2.0 1000.0 120440000.0
14300.0 0.0 0.0 44.0 0.0 0.0 0.0 60220000.0 414.0 2.0 1000.0 120440000.0
14400.0 0.0 0.0 42.0 0.0 0.0 0.0 60220000.0 406.0 2.0 1000.0 120440000.0
14500.0 0.0 0.0 41.0 0.0 0.0 0.0 60220000.0 399.0 2.0 1000.0 120440000.0
14600.0 0.0 0.0 41.0 0.0 0.0 0.0 60220000.0 395.0 2.0 1000.0 120440000.0
14700.0 0.0 0.0 40.0 0.0 0.0 0.0 60220000.0 389.0 2.0 1000.0 120440000.0
14800.0 0.0 0.0 39.0 0.0 0.0 0.0 60220000.0 378.0 2.0 1000.0 120440000.0
14900.0 0.0 0.0 39.0 0.0 0.0 0.0 60220000.0 372.0 2.0 1000.0 120440000.0
15000.0 0.0 0.0 36.0 0.0 0.0 0.0 60220000.0 372.0 2.0 1000.0 120440000.0
15100.0 0.0 0.0 36.0 0.0 0.0 0.0 60220000.0 358.0 2.0 1000.0 120440000.0
15200.0 0.0 0.0 36.0 0.0 0.0 0.0 60220000.0 354.0 2.0 1000.0 120440000.0
15300.0 0.0 0.0 36.0 0.0 0.0 0.0 60220000.0 348.0 2.0 1000.0 120440000.0
15400.0 0.0 0.0 35.0 0.0 0.0 0.0 60220000.0 345.0 2.0 1000.0 120440000.0
15500.0 0.0 0.0 35.0 0.0 0.0 0.0 60220000.0 334.0 2.0 1000.0 120440000.0
15600.0 0.0 0.0 35.0 0.0 0.0 0.0 60220000.0 329.0 2.0 1000.0 120440000.0
15700.0 0.0 0.0 34.0 0.0 0.0 0.0 60220000.0 325.0 2.0 1000.0 120440000.0
15800.0 0.0 0.0 34.0 0.0 0.0 0.0 60220000.0 323.0 2.0 1000.0 120440000.0
15900.0 0.0 0.0 34.0 0.0 0.0 0.0 60220000.0 321.0 2.0 1000.0 120440000.0
16000.0 0.0 0.0 33.0 0.0 0.0 0.0 60220000.0 316.0 2.0 1000.0 120440000.0
16100.0 0.0 0.0 32.0 0.0 0.0 0.0 60220000.0 314.0 2.0 1000.0 120440000.0
16200.0 0.0 0.0 30.0 0.0 0.0 0.0 60220000.0 306.0 2.0 1000.0 120440000.0
16300.0 0.0 0.0 30.0 0.0 0.0 0.0 60220000.0 302.0 2.0 1000.0 120440000.0
16400.0 0.0 0.0 30.0 0.0 0.0 0.0 60220000.0 296.0 2.0 1000.0 120440000.0
16500.0 0.0 0.0 30.0 0.0 0.0 0.0 60220000.0 293.0 2.0 1000.0 120440000.0
16600.0 0.0 0.0 30.0 0.0 0.0 0.0 60220000.0 292.0 2.0 1000.0 120440000.0
16700.0 0.0 0.0 30.0 0.0 0.0 0.0 60220000.0 284.0 2.0 1000.0 120440000.0
16800.0 0.0 0.0 30.0 0.0 0.0 0.0 60220000.0 282.0 2.0 1000.0 120440000.0
16900.0 0.0 0.0 30.0 0.0 0.0 0.0 60220000.0 278.0 2.0 1000.0 120440000.0
17000.0 0.0 0.0 30.0 0.0 0.0 0.0 60220000.0 275.0 2.0 1000.0 120440000.0
17100.0 0.0 0.0 30.0 0.0 0.0 0.0 60220000.0 269.0 2.0 1000.0 120440000.0
17200.0 0.0 0.0 30.0 0.0 0.0 0.0 60220000.0 261.0 2.0 1000.0 120440000.0
17300.0 0.0 0.0 30.0 0.0 0.0 0.0 60220000.0 256.0 2.0 1000.0 120440000.0
17400.0 0.0 0.0 28.0 0.0 0.0 0.0 60220000.0 249.0 2.0 1000.0 120440000.0
17500.0 0.0 0.0 26.0 0.0 0.0 0.0 60220000.0 244.0 2.0 1000.0 120440000.0
17600.0 1.0 0.0 27.0 0.0 0.0 0.0 60220000.0 251.0 2.0 1000.0 120440000.0
17700.0 1.0 1.0 30.0 0.0 0.0 0.0 60220000.0 265.0 2.0 1000.0 120440000.0
17800.0 0.0 0.0 32.0 0.0 0.0 0.0 60220000.0 267.0 2.0 1000.0 120440000.0
17900.0 0.0 0.0 32.0 0.0 0.0 0.0 60220000.0 266.0 2.0 1000.0 120440000.0
18000.0 0.0 0.0 32.0 0.0 0.0 0.0 60220000.0 265.0 2.0 1000.0 120440000.0
18100.0 0.0 0.0 32.0 0.0 0.0 0.0 60220000.0 260.0 2.0 1000.0 120440000.0
18200.0 0.0 0.0 30.0 0.0 0.0 0.0 60220000.0 254.0 2.0 1000.0 120440000.0
18300.0 0.0 0.0 30.0 0.0 0.0 0.0 60220000.0 252.0 2.0 1000.0 120440000.0
18400.0 0.0 0.0 28.0 0.0 0.0 0.0 60220000.0 247.0 2.0 1000.0 120440000.0
18500.0 0.0 0.0 28.0 0.0 0.0 0.0 60220000.0 239.0 2.0 1000.0 120440000.0
18600.0 0.0 0.0 28.0 0.0 0.0 0.0 60220000.0 233.0 2.0 1000.0 120440000.0
18700.0 0.0 0.0 28.0 0.0 0.0 0.0 60220000.0 229.0 2.0 1000.0 120440000.0
18800.0 0.0 0.0 28.0 0.0 0.0 0.0 60220000.0 225.0 2.0 1000.0 120440000.0
18900.0 0.0 0.0 28.0 0.0 0.0 0.0 60220000.0 223.0 2.0 1000.0 120440000.0
19000.0 0.0 0.0 27.0 0.0 0.0 0.0 60220000.0 217.0 2.0 1000.0 120440000.0
19100.0 0.0 0.0 26.0 0.0 0.0 0.0 60220000.0 217.0 2.0 1000.0 120440000.0
19200.0 0.0 0.0 26.0 0.0 0.0 0.0 60220000.0 213.0 2.0 1000.0 120440000.0
19300.0 0.0 0.0 25.0 0.0 0.0 0.0 60220000.0 211.0 2.0 1000.0 120440000.0
19400.0 0.0 0.0 25.0 0.0 0.0 0.0 60220000.0 207.0 2.0 1000.0 120440000.0
19500.0 1.0 0.0 24.0 0.0 0.0 0.0 60220000.0 206.0 2.0 1000.0 120440000.0
19600.0 0.0 1.0 25.0 0.0 0.0 0.0 60220000.0 212.0 2.0 1000.0 120440000.0
19700.0 0.0 1.0 24.0 0.0 0.0 0.0 60220000.0 207.0 2.0 1000.0 120440000.0
19800.0 0.0 1.0 24.0 0.0 0.0 0.0 60220000.0 204.0 2.0 1000.0 120440000.0
19900.0 0.0 1.0 24.0 0.0 0.0 0.0 60220000.0 200.0 2.0 1000.0 120440000.0
