time rna_M monomer_betaGal protein_betaGal Lactose_external Lactose_internal Glucose_external Glucose_internal protein_Lactose_Permease dna_Lac_Operon Biomass Lactose_consumed
0.0 0.0 0.0 0.0 120440000.0 0.0 60220000.0 0.0 0.0 2.0 1000.0 0.0
100.0 0.0 0.0 0.0 120440000.0 0.0 30132048.0 30087952.0 0.0 2.0 1000.0 0.0
200.0 0.0 0.0 0.0 120440000.0 0.0 87758.0 60132242.0 0.0 2.0 1000.0 0.0
300.0 0.0 0.0 0.0 120440000.0 0.0 0.0 60220000.0 0.0 2.0 1000.0 0.0
400.0 0.0 0.0 0.0 120440000.0 0.0 0.0 60220000.0 0.0 2.0 1000.0 0.0
500.0 0.0 0.0 0.0 120440000.0 0.0 0.0 60220000.0 0.0 2.0 1000.0 0.0
600.0 0.0 0.0 0.0 120440000.0 0.0 0.0 60220000.0 0.0 2.0 1000.0 0.0
700.0 0.0 0.0 0.0 120440000.0 0.0 0.0 60220000.0 0.0 2.0 1000.0 0.0
800.0 0.0 0.0 0.0 120440000.0 0.0 0.0 60220000.0 0.0 2.0 1000.0 0.0
900.0 0.0 0.0 0.0 120440000.0 0.0 0.0 60220000.0 0.0 2.0 1000.0 0.0
1000.0 1.0 1.0 2.0 120417821.0 20336.0 0.0 60220000.0 19.0 2.0 1000.0 1843.0
1100.0 1.0 3.0 6.0 120310855.0 77113.0 0.0 60220000.0 42.0 2.0 1000.0 52032.0
1200.0 0.0 0.0 7.0 120135624.0 136116.0 0.0 60220000.0 50.0 2.0 1000.0 168260.0
1300.0 0.0 0.0 7.0 119956035.0 178862.0 0.0 60220000.0 50.0 2.0 1000.0 305103.0
1400.0 0.0 0.0 6.0 119778002.0 228069.0 0.0 60220000.0 50.0 2.0 1000.0 433929.0
1500.0 0.0 0.0 6.0 119600949.0 270802.0 0.0 60220000.0 49.0 2.0 1000.0 568249.0
1600.0 0.0 0.0 6.0 119428656.0 303123.0 0.0 60220000.0 48.0 2.0 1000.0 708221.0
1700.0 0.0 0.0 6.0 119263958.0 326060.0 0.0 60220000.0 46.0 2.0 1000.0 849982.0
1800.0 0.0 0.0 5.0 119103176.0 355853.0 0.0 60220000.0 45.0 2.0 1000.0 980971.0
1900.0 1.0 3.0 6.0 118904354.0 424529.0 0.0 60220000.0 67.0 2.0 1000.0 1111117.0
2000.0 2.0 3.0 11.0 118588255.0 514609.0 0.0 60220000.0 116.0 2.0 1000.0 1337136.0
2100.0 1.0 0.0 18.0 118076372.0 637282.0 0.0 60220000.0 168.0 2.0 1000.0 1726346.0
2200.0 1.0 3.0 23.0 117421744.0 745235.0 0.0 60220000.0 199.0 2.0 1000.0 2273021.0
2300.0 0.0 1.0 26.0 116651359.0 826015.0 0.0 60220000.0 220.0 2.0 1000.0 2962626.0
2400.0 0.0 1.0 25.0 115869970.0 905265.0 0.0 60220000.0 217.0 2.0 1000.0 3664765.0
2500.0 0.0 1.0 25.0 115104024.0 982753.0 0.0 60220000.0 214.0 2.0 1000.0 4353223.0
2600.0 0.0 1.0 25.0 114343925.0 1049103.0 0.0 60220000.0 210.0 2.0 1000.0 5046972.0
2700.0 0.0 1.0 25.0 113601873.0 1094782.0 0.0 60220000.0 208.0 2.0 1000.0 5743345.0
2800.0 0.0 1.0 25.0 112878674.0 1121564.0 0.0 60220000.0 201.0 2.0 1000.0 6439762.0
2900.0 0.0 1.0 25.0 112162446.0 1138718.0 0.0 60220000.0 201.0 2.0 1000.0 7138836.0
3000.0 0.0 1.0 25.0 111450170.0 1153385.0 0.0 60220000.0 199.0 2.0 1000.0 7836445.0
3100.0 0.0 1.0 25.0 110742160.0 1163044.0 0.0 60220000.0 199.0 2.0 1000.0 8534796.0
3200.0 0.0 1.0 25.0 110038979.0 1166656.0 0.0 60220000.0 196.0 2.0 1000.0 9234365.0
3300.0 0.0 1.0 25.0 109348798.0 1156680.0 0.0 60220000.0 192.0 2.0 1000.0 9934522.0
3400.0 0.0 1.0 23.0 108671066.0 1166077.0 0.0 60220000.0 189.0 2.0 1000.0 10602857.0
3500.0 0.0 1.0 22.0 107998777.0 1210157.0 0.0 60220000.0 188.0 2.0 1000.0 11231066.0
3600.0 0.0 1.0 22.0 107336306.0 1254196.0 0.0 60220000.0 185.0 2.0 1000.0 11849498.0
3700.0 0.0 1.0 22.0 106680552.0 1291153.0 0.0 60220000.0 183.0 2.0 1000.0 12468295.0
3800.0 0.0 1.0 22.0 106032061.0 1319419.0 0.0 60220000.0 182.0 2.0 1000.0 13088520.0
3900.0 0.0 1.0 21.0 105387685.0 1365831.0 0.0 60220000.0 180.0 2.0 1000.0 13686484.0
4000.0 0.0 1.0 21.0 104756578.0 1402823.0 0.0 60220000.0 173.0 2.0 1000.0 14280599.0
4100.0 0.0 1.0 20.0 104147436.0 1423423.0 0.0 60220000.0 171.0 2.0 1000.0 14869141.0
4200.0 0.0 1.0 20.0 103538966.0 1463967.0 0.0 60220000.0 171.0 2.0 1000.0 15437067.0
4300.0 0.0 1.0 19.0 102930907.0 1525271.0 0.0 60220000.0 170.0 2.0 1000.0 15983822.0
4400.0 0.0 1.0 19.0 102332592.0 1582405.0 0.0 60220000.0 167.0 2.0 1000.0 16525003.0
4500.0 0.0 1.0 19.0 101745899.0 1625915.0 0.0 60220000.0 164.0 2.0 1000.0 17068186.0
4600.0 0.0 1.0 19.0 101165669.0 1664359.0 0.0 60220000.0 163.0 2.0 1000.0 17609972.0
4700.0 0.0 1.0 18.0 100592220.0 1702322.0 0.0 60220000.0 160.0 2.0 1000.0 18145458.0
4800.0 0.0 1.0 17.0 100028472.0 1763551.0 0.0 60220000.0 155.0 2.0 1000.0 18647977.0
4900.0 0.0 1.0 17.0 99480013.0 1824864.0 0.0 60220000.0 153.0 2.0 1000.0 19135123.0
5000.0 0.0 1.0 17.0 98936413.0 1880570.0 0.0 60220000.0 152.0 2.0 1000.0 19623017.0
5100.0 1.0 3.0 19.0 98397862.0 1918702.0 0.0 60220000.0 159.0 2.0 1000.0 20123436.0
5200.0 1.0 1.0 19.0 97823348.0 1947288.0 0.0 60220000.0 164.0 2.0 1000.0 20669364.0
5300.0 0.0 1.0 19.0 97232890.0 1972291.0 0.0 60220000.0 166.0 2.0 1000.0 21234819.0
5400.0 0.0 1.0 19.0 96645736.0 2011689.0 0.0 60220000.0 164.0 2.0 1000.0 21782575.0
5500.0 0.0 1.0 19.0 96066517.0 2043098.0 0.0 60220000.0 161.0 2.0 1000.0 22330385.0
5600.0 0.0 1.0 19.0 95494322.0 2067699.0 0.0 60220000.0 161.0 2.0 1000.0 22877979.0
5700.0 0.0 1.0 18.0 94927727.0 2099418.0 0.0 60220000.0 159.0 2.0 1000.0 23412855.0
5800.0 0.0 1.0 18.0 94367305.0 2140231.0 0.0 60220000.0 155.0 2.0 1000.0 23932464.0
5900.0 0.0 1.0 18.0 93820253.0 2167568.0 0.0 60220000.0 154.0 2.0 1000.0 24452179.0
6000.0 0.0 1.0 15.0 93274269.0 2238095.0 0.0 60220000.0 153.0 2.0 1000.0 24927636.0
6100.0 1.0 3.0 17.0 92736461.0 2331210.0 0.0 60220000.0 157.0 2.0 1000.0 25372329.0
6200.0 1.0 2.0 22.0 92114694.0 2378022.0 0.0 60220000.0 188.0 2.0 1000.0 25947284.0
6300.0 0.0 3.0 23.0 91408478.0 2418968.0 0.0 60220000.0 205.0 2.0 1000.0 26612554.0
6400.0 0.0 3.0 22.0 90684214.0 2500479.0 0.0 60220000.0 203.0 2.0 1000.0 27255307.0
6500.0 0.0 3.0 22.0 89971887.0 2574871.0 0.0 60220000.0 200.0 2.0 1000.0 27893242.0
6600.0 3.0 1.0 26.0 89205198.0 2646316.0 0.0 60220000.0 247.0 2.0 1000.0 28588486.0
6700.0 1.0 1.0 33.0 88208502.0 2783388.0 0.0 60220000.0 305.0 2.0 1000.0 29448110.0
6800.0 0.0 3.0 32.0 87116150.0 2939870.0 0.0 60220000.0 307.0 2.0 1000.0 30383980.0
6900.0 0.0 3.0 32.0 86036744.0 3085283.0 0.0 60220000.0 301.0 2.0 1000.0 31317973.0
7000.0 0.0 3.0 32.0 84983391.0 3205463.0 0.0 60220000.0 296.0 2.0 1000.0 32251146.0
7100.0 0.0 3.0 31.0 83940958.0 3325968.0 0.0 60220000.0 292.0 2.0 1000.0 33173074.0
7200.0 0.0 3.0 30.0 82908818.0 3455474.0 0.0 60220000.0 290.0 2.0 1000.0 34075708.0
7300.0 1.0 0.0 31.0 81894066.0 3590358.0 0.0 60220000.0 285.0 2.0 1000.0 34955576.0
7400.0 1.0 1.0 33.0 80826998.0 3737065.0 0.0 60220000.0 314.0 2.0 1000.0 35875937.0
7500.0 2.0 0.0 40.0 79603891.0 3906863.0 0.0 60220000.0 383.0 2.0 1000.0 36929246.0
7600.0 2.0 0.0 50.0 78119114.0 4087358.0 0.0 60220000.0 457.0 2.0 1000.0 38233528.0
7700.0 3.0 3.0 54.0 76342941.0 4344024.0 0.0 60220000.0 549.0 2.0 1000.0 39753035.0
7800.0 2.0 0.0 62.0 74299573.0 4667549.0 0.0 60220000.0 603.0 2.0 1000.0 41472878.0
7900.0 1.0 2.0 68.0 72103915.0 4938044.0 0.0 60220000.0 633.0 2.0 1000.0 43398041.0
8000.0 0.0 3.0 69.0 69847146.0 5143537.0 0.0 60220000.0 633.0 2.0 1000.0 45449317.0
8100.0 0.0 3.0 68.0 67632995.0 5324963.0 0.0 60220000.0 621.0 2.0 1000.0 47482042.0
8200.0 0.0 3.0 67.0 65464863.0 5501492.0 0.0 60220000.0 611.0 2.0 1000.0 49473645.0
8300.0 1.0 0.0 70.0 63291827.0 5654424.0 0.0 60220000.0 624.0 2.0 1000.0 51493749.0
8400.0 0.0 3.0 70.0 61036124.0 5836270.0 0.0 60220000.0 644.0 2.0 1000.0 53567606.0
8500.0 0.0 1.0 70.0 58780840.0 6057821.0 0.0 60220000.0 640.0 2.0 1000.0 55601339.0
8600.0 1.0 0.0 72.0 56516753.0 6226945.0 0.0 60220000.0 652.0 2.0 1000.0 57696302.0
8700.0 1.0 3.0 72.0 54207175.0 6403751.0 0.0 60220000.0 656.0 2.0 1000.0 59829074.0
8800.0 0.0 1.0 74.0 51809837.0 6606392.0 0.0 60220000.0 687.0 2.0 1000.0 62023771.0
8900.0 0.0 1.0 73.0 49416661.0 6825208.0 0.0 60220000.0 677.0 2.0 1000.0 64198131.0
9000.0 0.0 1.0 73.0 47059771.0 7017448.0 0.0 60220000.0 663.0 2.0 1000.0 66362781.0
9100.0 0.0 1.0 69.0 44740266.0 7215443.0 0.0 60220000.0 656.0 2.0 1000.0 68484291.0
9200.0 0.0 1.0 67.0 42460519.0 7503233.0 0.0 60220000.0 642.0 2.0 1000.0 70476248.0
9300.0 0.0 1.0 67.0 40226017.0 7748832.0 0.0 60220000.0 632.0 2.0 1000.0 72465151.0
9400.0 0.0 1.0 67.0 38025279.0 7962578.0 0.0 60220000.0 619.0 2.0 1000.0 74452143.0
9500.0 0.0 1.0 64.0 35875806.0 8143977.0 0.0 60220000.0 607.0 2.0 1000.0 76420217.0
9600.0 1.0 3.0 65.0 33735104.0 8394506.0 0.0 60220000.0 618.0 2.0 1000.0 78310390.0
9700.0 2.0 2.0 69.0 31462247.0 8678038.0 0.0 60220000.0 677.0 2.0 1000.0 80299715.0
9800.0 1.0 1.0 77.0 29036130.0 8904706.0 0.0 60220000.0 704.0 2.0 1000.0 82499164.0
9900.0 1.0 2.0 80.0 26560514.0 9066974.0 0.0 60220000.0 715.0 2.0 1000.0 84812512.0
10000.0 1.0 3.0 85.0 24035805.0 9122740.0 0.0 60220000.0 731.0 2.0 1000.0 87281455.0
10100.0 1.0 2.0 87.0 21446704.0 9126922.0 0.0 60220000.0 751.0 2.0 1000.0 89866374.0
10200.0 0.0 3.0 90.0 18803674.0 9123296.0 0.0 60220000.0 756.0 2.0 1000.0 92513030.0
10300.0 0.0 0.0 91.0 16145802.0 9082335.0 0.0 60220000.0 756.0 2.0 1000.0 95211863.0
10400.0 1.0 0.0 92.0 13502792.0 9017581.0 0.0 60220000.0 764.0 2.0 1000.0 97919627.0
10500.0 1.0 3.0 89.0 10852110.0 8994175.0 0.0 60220000.0 766.0 2.0 1000.0 100593715.0
10600.0 1.0 1.0 92.0 8155907.0 9015095.0 0.0 60220000.0 793.0 2.0 1000.0 103268998.0
10700.0 0.0 2.0 92.0 5408746.0 8992027.0 0.0 60220000.0 801.0 2.0 1000.0 106039227.0
10800.0 0.0 2.0 89.0 2723393.0 9011636.0 0.0 60220000.0 785.0 2.0 1000.0 108704971.0
10900.0 0.0 2.0 88.0 323036.0 8795001.0 0.0 60220000.0 775.0 2.0 1000.0 111321963.0
11000.0 0.0 2.0 88.0 2307.0 6504176.0 0.0 60220000.0 760.0 2.0 1000.0 113933517.0
11100.0 0.0 2.0 88.0 1670.0 3906353.0 0.0 60220000.0 742.0 2.0 1000.0 116531977.0
11200.0 1.0 1.0 90.0 723.0 1327544.0 0.0 60220000.0 759.0 2.0 1000.0 119111733.0
11300.0 1.0 3.0 91.0 0.0 0.0 0.0 60220000.0 770.0 2.0 1000.0 120440000.0
11400.0 1.0 2.0 96.0 0.0 0.0 0.0 60220000.0 787.0 2.0 1000.0 120440000.0
11500.0 1.0 2.0 98.0 0.0 0.0 0.0 60220000.0 813.0 2.0 1000.0 120440000.0
11600.0 1.0 0.0 103.0 0.0 0.0 0.0 60220000.0 823.0 2.0 1000.0 120440000.0
11700.0 0.0 1.0 101.0 0.0 0.0 0.0 60220000.0 830.0 2.0 1000.0 120440000.0
11800.0 0.0 1.0 98.0 0.0 0.0 0.0 60220000.0 808.0 2.0 1000.0 120440000.0
11900.0 0.0 1.0 97.0 0.0 0.0 0.0 60220000.0 797.0 2.0 1000.0 120440000.0
12000.0 0.0 1.0 95.0 0.0 0.0 0.0 60220000.0 787.0 2.0 1000.0 120440000.0
12100.0 0.0 1.0 93.0 0.0 0.0 0.0 60220000.0 778.0 2.0 1000.0 120440000.0
12200.0 0.0 1.0 89.0 0.0 0.0 0.0 60220000.0 768.0 2.0 1000.0 120440000.0
12300.0 0.0 1.0 88.0 0.0 0.0 0.0 60220000.0 762.0 2.0 1000.0 120440000.0
12400.0 0.0 1.0 88.0 0.0 0.0 0.0 60220000.0 747.0 2.0 1000.0 120440000.0
12500.0 0.0 1.0 83.0 0.0 0.0 0.0 60220000.0 733.0 2.0 1000.0 120440000.0
12600.0 0.0 1.0 82.0 0.0 0.0 0.0 60220000.0 726.0 2.0 1000.0 120440000.0
12700.0 0.0 1.0 80.0 0.0 0.0 0.0 60220000.0 713.0 2.0 1000.0 120440000.0
12800.0 0.0 1.0 80.0 0.0 0.0 0.0 60220000.0 702.0 2.0 1000.0 120440000.0
12900.0 0.0 1.0 79.0 0.0 0.0 0.0 60220000.0 690.0 2.0 1000.0 120440000.0
13000.0 0.0 1.0 77.0 0.0 0.0 0.0 60220000.0 672.0 2.0 1000.0 120440000.0
13100.0 0.0 1.0 76.0 0.0 0.0 0.0 60220000.0 661.0 2.0 1000.0 120440000.0
13200.0 0.0 1.0 74.0 0.0 0.0 0.0 60220000.0 652.0 2.0 1000.0 120440000.0
13300.0 0.0 1.0 73.0 0.0 0.0 0.0 60220000.0 644.0 2.0 1000.0 120440000.0
13400.0 0.0 1.0 71.0 0.0 0.0 0.0 60220000.0 634.0 2.0 1000.0 120440000.0
13500.0 0.0 1.0 68.0 0.0 0.0 0.0 60220000.0 623.0 2.0 1000.0 120440000.0
13600.0 0.0 1.0 66.0 0.0 0.0 0.0 60220000.0 615.0 2.0 1000.0 120440000.0
13700.0 0.0 1.0 65.0 0.0 0.0 0.0 60220000.0 603.0 2.0 1000.0 120440000.0
13800.0 1.0 2.0 65.0 0.0 0.0 0.0 60220000.0 608.0 2.0 1000.0 120440000.0
13900.0 0.0 0.0 70.0 0.0 0.0 0.0 60220000.0 625.0 2.0 1000.0 120440000.0
14000.0 0.0 0.0 69.0 0.0 0.0 0.0 60220000.0 619.0 2.0 1000.0 120440000.0
14100.0 0.0 0.0 66.0 0.0 0.0 0.0 60220000.0 606.0 2.0 1000.0 120440000.0
14200.0 0.0 0.0 65.0 0.0 0.0 0.0 60220000.0 600.0 2.0 1000.0 120440000.0
14300.0 0.0 0.0 63.0 0.0 0.0 0.0 60220000.0 596.0 2.0 1000.0 120440000.0
14400.0 0.0 0.0 61.0 0.0 0.0 0.0 60220000.0 589.0 2.0 1000.0 120440000.0
14500.0 0.0 0.0 59.0 0.0 0.0 0.0 60220000.0 581.0 2.0 1000.0 120440000.0
14600.0 0.0 0.0 59.0 0.0 0.0 0.0 60220000.0 572.0 2.0 1000.0 120440000.0
14700.0 0.0 0.0 58.0 0.0 0.0 0.0 60220000.0 567.0 2.0 1000.0 120440000.0
14800.0 0.0 0.0 57.0 0.0 0.0 0.0 60220000.0 562.0 2.0 1000.0 120440000.0
14900.0 0.0 0.0 55.0 0.0 0.0 0.0 60220000.0 553.0 2.0 1000.0 120440000.0
15000.0 0.0 0.0 54.0 0.0 0.0 0.0 60220000.0 538.0 2.0 1000.0 120440000.0
15100.0 0.0 0.0 54.0 0.0 0.0 0.0 60220000.0 530.0 2.0 1000.0 120440000.0
15200.0 0.0 0.0 54.0 0.0 0.0 0.0 60220000.0 514.0 2.0 1000.0 120440000.0
15300.0 0.0 0.0 53.0 0.0 0.0 0.0 60220000.0 509.0 2.0 1000.0 120440000.0
15400.0 0.0 0.0 51.0 0.0 0.0 0.0 60220000.0 507.0 2.0 1000.0 120440000.0
15500.0 0.0 0.0 49.0 0.0 0.0 0.0 60220000.0 500.0 2.0 1000.0 120440000.0
15600.0 0.0 0.0 48.0 0.0 0.0 0.0 60220000.0 494.0 2.0 1000.0 120440000.0
15700.0 0.0 0.0 48.0 0.0 0.0 0.0 60220000.0 485.0 2.0 1000.0 120440000.0
15800.0 0.0 0.0 47.0 0.0 0.0 0.0 60220000.0 482.0 2.0 1000.0 120440000.0
15900.0 0.0 0.0 45.0 0.0 0.0 0.0 60220000.0 477.0 2.0 1000.0 120440000.0
16000.0 0.0 0.0 42.0 0.0 0.0 0.0 60220000.0 473.0 2.0 1000.0 120440000.0
16100.0 0.0 0.0 42.0 0.0 0.0 0.0 60220000.0 468.0 2.0 1000.0 120440000.0
16200.0 0.0 0.0 41.0 0.0 0.0 0.0 60220000.0 460.0 2.0 1000.0 120440000.0
16300.0 0.0 0.0 40.0 0.0 0.0 0.0 60220000.0 453.0 2.0 1000.0 120440000.0
16400.0 0.0 0.0 39.0 0.0 0.0 0.0 60220000.0 446.0 2.0 1000.0 120440000.0
16500.0 0.0 0.0 38.0 0.0 0.0 0.0 60220000.0 440.0 2.0 1000.0 120440000.0
16600.0 0.0 0.0 38.0 0.0 0.0 0.0 60220000.0 430.0 2.0 1000.0 120440000.0
16700.0 0.0 0.0 38.0 0.0 0.0 0.0 60220000.0 427.0 2.0 1000.0 120440000.0
16800.0 0.0 0.0 38.0 0.0 0.0 0.0 60220000.0 422.0 2.0 1000.0 120440000.0
16900.0 0.0 0.0 38.0 0.0 0.0 0.0 60220000.0 415.0 2.0 1000.0 120440000.0
17000.0 0.0 0.0 37.0 0.0 0.0 0.0 60220000.0 412.0 2.0 1000.0 120440000.0
17100.0 0.0 0.0 36.0 0.0 0.0 0.0 60220000.0 404.0 2.0 1000.0 120440000.0
17200.0 0.0 0.0 35.0 0.0 0.0 0.0 60220000.0 396.0 2.0 1000.0 120440000.0
17300.0 0.0 0.0 33.0 0.0 0.0 0.0 60220000.0 390.0 2.0 1000.0 120440000.0
17400.0 0.0 0.0 32.0 0.0 0.0 0.0 60220000.0 377.0 2.0 1000.0 120440000.0
17500.0 0.0 0.0 32.0 0.0 0.0 0.0 60220000.0 370.0 2.0 1000.0 120440000.0
17600.0 0.0 0.0 32.0 0.0 0.0 0.0 60220000.0 358.0 2.0 1000.0 120440000.0
17700.0 0.0 0.0 32.0 0.0 0.0 0.0 60220000.0 348.0 2.0 1000.0 120440000.0
17800.0 0.0 0.0 28.0 0.0 0.0 0.0 60220000.0 339.0 2.0 1000.0 120440000.0
17900.0 0.0 0.0 27.0 0.0 0.0 0.0 60220000.0 332.0 2.0 1000.0 120440000.0
18000.0 0.0 0.0 26.0 0.0 0.0 0.0 60220000.0 327.0 2.0 1000.0 120440000.0
18100.0 0.0 0.0 26.0 0.0 0.0 0.0 60220000.0 324.0 2.0 1000.0 120440000.0
18200.0 0.0 0.0 25.0 0.0 0.0 0.0 60220000.0 321.0 2.0 1000.0 120440000.0
18300.0 0.0 0.0 25.0 0.0 0.0 0.0 60220000.0 319.0 2.0 1000.0 120440000.0
18400.0 0.0 0.0 25.0 0.0 0.0 0.0 60220000.0 311.0 2.0 1000.0 120440000.0
18500.0 0.0 0.0 25.0 0.0 0.0 0.0 60220000.0 308.0 2.0 1000.0 120440000.0
18600.0 0.0 0.0 25.0 0.0 0.0 0.0 60220000.0 301.0 2.0 1000.0 120440000.0
18700.0 0.0 0.0 23.0 0.0 0.0 0.0 60220000.0 298.0 2.0 1000.0 120440000.0
18800.0 0.0 0.0 23.0 0.0 0.0 0.0 60220000.0 289.0 2.0 1000.0 120440000.0
18900.0 0.0 0.0 23.0 0.0 0.0 0.0 60220000.0 285.0 2.0 1000.0 120440000.0
19000.0 0.0 0.0 22.0 0.0 0.0 0.0 60220000.0 282.0 2.0 1000.0 120440000.0
19100.0 0.0 0.0 22.0 0.0 0.0 0.0 60220000.0 277.0 2.0 1000.0 120440000.0
19200.0 0.0 0.0 22.0 0.0 0.0 0.0 60220000.0 274.0 2.0 1000.0 120440000.0
19300.0 0.0 0.0 21.0 0.0 0.0 0.0 60220000.0 267.0 2.0 1000.0 120440000.0
19400.0 0.0 0.0 21.0 0.0 0.0 0.0 60220000.0 262.0 2.0 1000.0 120440000.0
19500.0 0.0 0.0 21.0 0.0 0.0 0.0 60220000.0 260.0 2.0 1000.0 120440000.0
19600.0 0.0 0.0 19.0 0.0 0.0 0.0 60220000.0 258.0 2.0 1000.0 120440000.0
19700.0 0.0 0.0 19.0 0.0 0.0 0.0 60220000.0 257.0 2.0 1000.0 120440000.0
19800.0 0.0 0.0 19.0 0.0 0.0 0.0 60220000.0 252.0 2.0 1000.0 120440000.0
19900.0 0.0 0.0 19.0 0.0 0.0 0.0 60220000.0 250.0 2.0 1000.0 120440000.0
