time rna_M monomer_betaGal protein_betaGal Lactose_external Lactose_internal Glucose_external Glucose_internal protein_Lactose_Permease dna_Lac_Operon Biomass Lactose_consumed
0.0 0.0 0.0 0.0 120440000.0 0.0 60220000.0 0.0 0.0 2.0 1000.0 0.0
100.0 0.0 0.0 0.0 120440000.0 0.0 30124084.0 30095916.0 0.0 2.0 1000.0 0.0
200.0 0.0 0.0 0.0 120440000.0 0.0 81652.0 60138348.0 0.0 2.0 1000.0 0.0
300.0 0.0 0.0 0.0 120440000.0 0.0 0.0 60220000.0 0.0 2.0 1000.0 0.0
400.0 0.0 0.0 0.0 120440000.0 0.0 0.0 60220000.0 0.0 2.0 1000.0 0.0
500.0 0.0 0.0 0.0 120440000.0 0.0 0.0 60220000.0 0.0 2.0 1000.0 0.0
600.0 0.0 0.0 0.0 120440000.0 0.0 0.0 60220000.0 0.0 2.0 1000.0 0.0
700.0 0.0 0.0 0.0 120440000.0 0.0 0.0 60220000.0 0.0 2.0 1000.0 0.0
800.0 0.0 0.0 0.0 120440000.0 0.0 0.0 60220000.0 0.0 2.0 1000.0 0.0
900.0 0.0 0.0 0.0 120440000.0 0.0 0.0 60220000.0 0.0 2.0 1000.0 0.0
1000.0 0.0 0.0 0.0 120440000.0 0.0 0.0 60220000.0 0.0 2.0 1000.0 0.0
1100.0 0.0 0.0 0.0 120440000.0 0.0 0.0 60220000.0 0.0 2.0 1000.0 0.0
1200.0 0.0 0.0 0.0 120440000.0 0.0 0.0 60220000.0 0.0 2.0 1000.0 0.0
1300.0 0.0 0.0 0.0 120440000.0 0.0 0.0 60220000.0 0.0 2.0 1000.0 0.0
1400.0 0.0 0.0 0.0 120440000.0 0.0 0.0 60220000.0 0.0 2.0 1000.0 0.0
1500.0 0.0 0.0 0.0 120440000.0 0.0 0.0 60220000.0 0.0 2.0 1000.0 0.0
1600.0 0.0 0.0 0.0 120440000.0 0.0 0.0 60220000.0 0.0 2.0 1000.0 0.0
1700.0 0.0 0.0 0.0 120440000.0 0.0 0.0 60220000.0 0.0 2.0 1000.0 0.0
1800.0 0.0 0.0 0.0 120440000.0 0.0 0.0 60220000.0 0.0 2.0 1000.0 0.0
1900.0 0.0 0.0 0.0 120440000.0 0.0 0.0 60220000.0 0.0 2.0 1000.0 0.0
2000.0 0.0 0.0 0.0 120440000.0 0.0 0.0 60220000.0 0.0 2.0 1000.0 0.0
2100.0 0.0 0.0 0.0 120440000.0 0.0 0.0 60220000.0 0.0 2.0 1000.0 0.0
2200.0 0.0 0.0 0.0 120440000.0 0.0 0.0 60220000.0 0.0 2.0 1000.0 0.0
2300.0 1.0 1.0 2.0 120383594.0 48625.0 0.0 60220000.0 28.0 2.0 1000.0 7781.0
2400.0 1.0 0.0 7.0 120216689.0 146541.0 0.0 60220000.0 60.0 2.0 1000.0 76770.0
2500.0 1.0 1.0 12.0 119922959.0 245209.0 0.0 60220000.0 95.0 2.0 1000.0 271832.0
2600.0 0.0 1.0 11.0 119579637.0 329072.0 0.0 60220000.0 96.0 2.0 1000.0 531291.0
2700.0 0.0 1.0 11.0 119238867.0 401995.0 0.0 60220000.0 95.0 2.0 1000.0 799138.0
2800.0 0.0 1.0 11.0 118900189.0 464830.0 0.0 60220000.0 94.0 2.0 1000.0 1074981.0
2900.0 0.0 1.0 11.0 118567959.0 515382.0 0.0 60220000.0 92.0 2.0 1000.0 1356659.0
3000.0 0.0 1.0 11.0 118240780.0 557760.0 0.0 60220000.0 91.0 2.0 1000.0 1641460.0
3100.0 0.0 3.0 11.0 117904569.0 605514.0 0.0 60220000.0 99.0 2.0 1000.0 1929917.0
3200.0 0.0 3.0 11.0 117553600.0 664527.0 0.0 60220000.0 98.0 2.0 1000.0 2221873.0
3300.0 0.0 3.0 11.0 117207412.0 716875.0 0.0 60220000.0 97.0 2.0 1000.0 2515713.0
3400.0 0.0 3.0 11.0 116863926.0 762525.0 0.0 60220000.0 95.0 2.0 1000.0 2813549.0
3500.0 0.0 3.0 11.0 116525910.0 803339.0 0.0 60220000.0 94.0 2.0 1000.0 3110751.0
3600.0 0.0 3.0 11.0 116192800.0 836593.0 0.0 60220000.0 93.0 2.0 1000.0 3410607.0
3700.0 0.0 3.0 11.0 115864310.0 864539.0 0.0 60220000.0 92.0 2.0 1000.0 3711151.0
3800.0 0.0 3.0 11.0 115544227.0 883155.0 0.0 60220000.0 89.0 2.0 1000.0 4012618.0
3900.0 0.0 3.0 11.0 115228607.0 896946.0 0.0 60220000.0 86.0 2.0 1000.0 4314447.0
4000.0 0.0 3.0 10.0 114924033.0 915724.0 0.0 60220000.0 85.0 2.0 1000.0 4600243.0
4100.0 0.0 3.0 10.0 114623665.0 940438.0 0.0 60220000.0 83.0 2.0 1000.0 4875897.0
4200.0 0.0 3.0 10.0 114328159.0 960125.0 0.0 60220000.0 82.0 2.0 1000.0 5151716.0
4300.0 0.0 3.0 10.0 114036330.0 975866.0 0.0 60220000.0 82.0 2.0 1000.0 5427804.0
4400.0 0.0 3.0 11.0 113715197.0 998807.0 0.0 60220000.0 92.0 2.0 1000.0 5725996.0
4500.0 0.0 3.0 11.0 113388207.0 1020311.0 0.0 60220000.0 91.0 2.0 1000.0 6031482.0
4600.0 0.0 3.0 11.0 113067613.0 1035743.0 0.0 60220000.0 90.0 2.0 1000.0 6336644.0
4700.0 0.0 3.0 11.0 112761666.0 1036080.0 0.0 60220000.0 85.0 2.0 1000.0 6642254.0
4800.0 0.0 3.0 11.0 112459402.0 1033602.0 0.0 60220000.0 84.0 2.0 1000.0 6946996.0
4900.0 0.0 3.0 10.0 112159652.0 1055599.0 0.0 60220000.0 84.0 2.0 1000.0 7224749.0
5000.0 0.0 3.0 10.0 111864488.0 1073586.0 0.0 60220000.0 82.0 2.0 1000.0 7501926.0
5100.0 0.0 3.0 10.0 111577031.0 1083064.0 0.0 60220000.0 80.0 2.0 1000.0 7779905.0
5200.0 0.0 3.0 10.0 111294284.0 1086927.0 0.0 60220000.0 78.0 2.0 1000.0 8058789.0
5300.0 0.0 3.0 10.0 111019889.0 1082691.0 0.0 60220000.0 77.0 2.0 1000.0 8337420.0
5400.0 0.0 3.0 9.0 110747150.0 1095346.0 0.0 60220000.0 76.0 2.0 1000.0 8597504.0
5500.0 0.0 3.0 9.0 110476918.0 1114860.0 0.0 60220000.0 75.0 2.0 1000.0 8848222.0
5600.0 0.0 3.0 9.0 110210431.0 1130318.0 0.0 60220000.0 75.0 2.0 1000.0 9099251.0
5700.0 0.0 3.0 9.0 109945971.0 1143310.0 0.0 60220000.0 73.0 2.0 1000.0 9350719.0
5800.0 0.0 3.0 8.0 109690469.0 1168977.0 0.0 60220000.0 70.0 2.0 1000.0 9580554.0
5900.0 0.0 3.0 8.0 109444968.0 1190979.0 0.0 60220000.0 69.0 2.0 1000.0 9804053.0
6000.0 0.0 3.0 8.0 109202428.0 1208614.0 0.0 60220000.0 68.0 2.0 1000.0 10028958.0
6100.0 0.0 3.0 8.0 108960136.0 1226755.0 0.0 60220000.0 68.0 2.0 1000.0 10253109.0
6200.0 0.0 3.0 8.0 108721263.0 1240674.0 0.0 60220000.0 67.0 2.0 1000.0 10478063.0
6300.0 0.0 3.0 8.0 108486114.0 1250840.0 0.0 60220000.0 66.0 2.0 1000.0 10703046.0
6400.0 0.0 3.0 7.0 108251633.0 1280208.0 0.0 60220000.0 65.0 2.0 1000.0 10908159.0
6500.0 0.0 3.0 7.0 108026089.0 1307777.0 0.0 60220000.0 63.0 2.0 1000.0 11106134.0
6600.0 0.0 3.0 6.0 107801787.0 1349017.0 0.0 60220000.0 63.0 2.0 1000.0 11289196.0
6700.0 0.0 3.0 6.0 107577858.0 1403013.0 0.0 60220000.0 62.0 2.0 1000.0 11459129.0
6800.0 0.0 3.0 6.0 107360509.0 1449879.0 0.0 60220000.0 60.0 2.0 1000.0 11629612.0
6900.0 0.0 3.0 6.0 107147236.0 1493263.0 0.0 60220000.0 59.0 2.0 1000.0 11799501.0
7000.0 0.0 3.0 6.0 106943991.0 1525476.0 0.0 60220000.0 56.0 2.0 1000.0 11970533.0
7100.0 0.0 3.0 6.0 106744863.0 1554254.0 0.0 60220000.0 56.0 2.0 1000.0 12140883.0
7200.0 0.0 3.0 6.0 106545558.0 1582299.0 0.0 60220000.0 56.0 2.0 1000.0 12312143.0
7300.0 0.0 3.0 6.0 106345303.0 1611198.0 0.0 60220000.0 56.0 2.0 1000.0 12483499.0
7400.0 0.0 3.0 6.0 106147401.0 1637690.0 0.0 60220000.0 55.0 2.0 1000.0 12654909.0
7500.0 0.0 3.0 6.0 105952921.0 1661449.0 0.0 60220000.0 55.0 2.0 1000.0 12825630.0
7600.0 0.0 3.0 6.0 105756428.0 1687017.0 0.0 60220000.0 55.0 2.0 1000.0 12996555.0
7700.0 0.0 3.0 6.0 105560676.0 1711583.0 0.0 60220000.0 54.0 2.0 1000.0 13167741.0
7800.0 0.0 3.0 6.0 105372760.0 1727810.0 0.0 60220000.0 52.0 2.0 1000.0 13339430.0
7900.0 0.0 3.0 6.0 105191484.0 1736985.0 0.0 60220000.0 51.0 2.0 1000.0 13511531.0
8000.0 0.0 3.0 6.0 105010551.0 1745906.0 0.0 60220000.0 51.0 2.0 1000.0 13683543.0
8100.0 0.0 3.0 6.0 104831175.0 1753562.0 0.0 60220000.0 50.0 2.0 1000.0 13855263.0
8200.0 0.0 3.0 6.0 104656706.0 1756134.0 0.0 60220000.0 48.0 2.0 1000.0 14027160.0
8300.0 0.0 0.0 7.0 104476481.0 1750037.0 0.0 60220000.0 54.0 2.0 1000.0 14213482.0
8400.0 0.0 0.0 7.0 104285256.0 1740330.0 0.0 60220000.0 53.0 2.0 1000.0 14414414.0
8500.0 0.0 0.0 7.0 104096505.0 1728761.0 0.0 60220000.0 53.0 2.0 1000.0 14614734.0
8600.0 0.0 0.0 7.0 103912288.0 1712863.0 0.0 60220000.0 52.0 2.0 1000.0 14814849.0
8700.0 0.0 0.0 7.0 103726825.0 1698436.0 0.0 60220000.0 52.0 2.0 1000.0 15014739.0
8800.0 0.0 0.0 7.0 103543376.0 1682136.0 0.0 60220000.0 51.0 2.0 1000.0 15214488.0
8900.0 0.0 0.0 7.0 103362041.0 1663984.0 0.0 60220000.0 51.0 2.0 1000.0 15413975.0
9000.0 1.0 0.0 7.0 103180650.0 1646592.0 0.0 60220000.0 52.0 2.0 1000.0 15612758.0
9100.0 1.0 2.0 9.0 102947835.0 1649585.0 0.0 60220000.0 79.0 2.0 1000.0 15842580.0
9200.0 0.0 3.0 9.0 102664256.0 1676625.0 0.0 60220000.0 79.0 2.0 1000.0 16099119.0
9300.0 0.0 3.0 8.0 102386000.0 1702236.0 0.0 60220000.0 78.0 2.0 1000.0 16351764.0
9400.0 0.0 3.0 8.0 102113783.0 1746875.0 0.0 60220000.0 76.0 2.0 1000.0 16579342.0
9500.0 1.0 0.0 12.0 101820310.0 1779362.0 0.0 60220000.0 97.0 2.0 1000.0 16840328.0
9600.0 0.0 0.0 12.0 101476170.0 1780877.0 0.0 60220000.0 95.0 2.0 1000.0 17182953.0
9700.0 0.0 2.0 11.0 101141110.0 1785128.0 0.0 60220000.0 93.0 2.0 1000.0 17513762.0
9800.0 0.0 2.0 11.0 100814879.0 1796304.0 0.0 60220000.0 91.0 2.0 1000.0 17828817.0
9900.0 0.0 2.0 11.0 100496198.0 1799634.0 0.0 60220000.0 87.0 2.0 1000.0 18144168.0
10000.0 0.0 2.0 11.0 100193102.0 1786832.0 0.0 60220000.0 85.0 2.0 1000.0 18460066.0
10100.0 1.0 2.0 11.0 99883762.0 1805599.0 0.0 60220000.0 98.0 2.0 1000.0 18750639.0
10200.0 1.0 1.0 14.0 99497593.0 1817911.0 0.0 60220000.0 119.0 2.0 1000.0 19124496.0
10300.0 0.0 0.0 17.0 99045020.0 1810441.0 0.0 60220000.0 131.0 2.0 1000.0 19584539.0
10400.0 0.0 0.0 17.0 98582104.0 1786725.0 0.0 60220000.0 129.0 2.0 1000.0 20071171.0
10500.0 0.0 0.0 17.0 98129226.0 1752288.0 0.0 60220000.0 127.0 2.0 1000.0 20558486.0
10600.0 0.0 0.0 17.0 97680893.0 1714313.0 0.0 60220000.0 124.0 2.0 1000.0 21044794.0
10700.0 0.0 0.0 18.0 97230510.0 1665636.0 0.0 60220000.0 128.0 2.0 1000.0 21543854.0
10800.0 0.0 0.0 18.0 96788847.0 1594050.0 0.0 60220000.0 122.0 2.0 1000.0 22057103.0
10900.0 0.0 0.0 18.0 96357853.0 1513607.0 0.0 60220000.0 121.0 2.0 1000.0 22568540.0
11000.0 0.0 0.0 18.0 95929886.0 1430016.0 0.0 60220000.0 120.0 2.0 1000.0 23080098.0
11100.0 0.0 1.0 18.0 95496540.0 1353119.0 0.0 60220000.0 124.0 2.0 1000.0 23590341.0
11200.0 0.0 1.0 19.0 95051380.0 1287663.0 0.0 60220000.0 130.0 2.0 1000.0 24100957.0
11300.0 0.0 1.0 19.0 94590601.0 1214780.0 0.0 60220000.0 128.0 2.0 1000.0 24634619.0
11400.0 0.0 1.0 19.0 94141863.0 1131542.0 0.0 60220000.0 125.0 2.0 1000.0 25166595.0
11500.0 0.0 1.0 19.0 93700158.0 1045012.0 0.0 60220000.0 123.0 2.0 1000.0 25694830.0
11600.0 0.0 1.0 19.0 93261868.0 957363.0 0.0 60220000.0 123.0 2.0 1000.0 26220769.0
11700.0 0.0 1.0 19.0 92825658.0 871119.0 0.0 60220000.0 121.0 2.0 1000.0 26743223.0
11800.0 0.0 1.0 19.0 92394680.0 785764.0 0.0 60220000.0 121.0 2.0 1000.0 27259556.0
11900.0 1.0 0.0 22.0 91945858.0 705481.0 0.0 60220000.0 140.0 2.0 1000.0 27788661.0
12000.0 0.0 3.0 22.0 91446941.0 618149.0 0.0 60220000.0 138.0 2.0 1000.0 28374910.0
12100.0 0.0 3.0 22.0 90957209.0 533098.0 0.0 60220000.0 136.0 2.0 1000.0 28949693.0
12200.0 0.0 3.0 22.0 90475791.0 450857.0 0.0 60220000.0 134.0 2.0 1000.0 29513352.0
12300.0 0.0 3.0 21.0 90000342.0 390576.0 0.0 60220000.0 133.0 2.0 1000.0 30049082.0
12400.0 0.0 3.0 21.0 89530036.0 348476.0 0.0 60220000.0 131.0 2.0 1000.0 30561488.0
12500.0 0.0 3.0 21.0 89064654.0 312189.0 0.0 60220000.0 129.0 2.0 1000.0 31063157.0
12600.0 0.0 3.0 19.0 88605516.0 311312.0 0.0 60220000.0 128.0 2.0 1000.0 31523172.0
12700.0 0.0 3.0 19.0 88149430.0 317805.0 0.0 60220000.0 126.0 2.0 1000.0 31972765.0
12800.0 0.0 3.0 18.0 87699539.0 325952.0 0.0 60220000.0 126.0 2.0 1000.0 32414509.0
12900.0 0.0 3.0 18.0 87257900.0 336365.0 0.0 60220000.0 123.0 2.0 1000.0 32845735.0
13000.0 0.0 3.0 18.0 86822280.0 340217.0 0.0 60220000.0 121.0 2.0 1000.0 33277503.0
13100.0 0.0 0.0 19.0 86396868.0 322216.0 0.0 60220000.0 119.0 2.0 1000.0 33720916.0
13200.0 0.0 0.0 19.0 85977428.0 293995.0 0.0 60220000.0 117.0 2.0 1000.0 34168577.0
13300.0 0.0 0.0 19.0 85562025.0 269916.0 0.0 60220000.0 116.0 2.0 1000.0 34608059.0
13400.0 0.0 0.0 19.0 85151823.0 249523.0 0.0 60220000.0 114.0 2.0 1000.0 35038654.0
13500.0 0.0 0.0 19.0 84748979.0 230682.0 0.0 60220000.0 111.0 2.0 1000.0 35460339.0
13600.0 0.0 0.0 19.0 84357285.0 210266.0 0.0 60220000.0 108.0 2.0 1000.0 35872449.0
13700.0 0.0 0.0 18.0 83971763.0 203187.0 0.0 60220000.0 108.0 2.0 1000.0 36265050.0
13800.0 0.0 0.0 18.0 83589177.0 204123.0 0.0 60220000.0 107.0 2.0 1000.0 36646700.0
13900.0 0.0 0.0 18.0 83209297.0 202564.0 0.0 60220000.0 106.0 2.0 1000.0 37028139.0
14000.0 0.0 0.0 17.0 82833131.0 207455.0 0.0 60220000.0 105.0 2.0 1000.0 37399414.0
14100.0 0.0 0.0 17.0 82462581.0 214293.0 0.0 60220000.0 103.0 2.0 1000.0 37763126.0
14200.0 0.0 0.0 17.0 82097866.0 212674.0 0.0 60220000.0 98.0 2.0 1000.0 38129460.0
14300.0 0.0 0.0 17.0 81753794.0 195873.0 0.0 60220000.0 96.0 2.0 1000.0 38490333.0
14400.0 0.0 0.0 17.0 81413170.0 182721.0 0.0 60220000.0 95.0 2.0 1000.0 38844109.0
14500.0 0.0 0.0 17.0 81074180.0 175670.0 0.0 60220000.0 95.0 2.0 1000.0 39190150.0
14600.0 0.0 0.0 17.0 80738786.0 168478.0 0.0 60220000.0 93.0 2.0 1000.0 39532736.0
14700.0 0.0 0.0 17.0 80407928.0 161487.0 0.0 60220000.0 92.0 2.0 1000.0 39870585.0
14800.0 0.0 0.0 17.0 80082771.0 154472.0 0.0 60220000.0 91.0 2.0 1000.0 40202757.0
14900.0 0.0 0.0 17.0 79767440.0 144651.0 0.0 60220000.0 88.0 2.0 1000.0 40527909.0
15000.0 0.0 0.0 17.0 79457819.0 135711.0 0.0 60220000.0 86.0 2.0 1000.0 40846470.0
15100.0 0.0 0.0 17.0 79153127.0 129506.0 0.0 60220000.0 84.0 2.0 1000.0 41157367.0
15200.0 0.0 0.0 17.0 78854180.0 122842.0 0.0 60220000.0 82.0 2.0 1000.0 41462978.0
15300.0 0.0 0.0 17.0 78562963.0 115552.0 0.0 60220000.0 81.0 2.0 1000.0 41761485.0
15400.0 0.0 0.0 17.0 78276891.0 109844.0 0.0 60220000.0 78.0 2.0 1000.0 42053265.0
15500.0 0.0 0.0 17.0 78002315.0 101590.0 0.0 60220000.0 76.0 2.0 1000.0 42336095.0
15600.0 0.0 0.0 17.0 77731113.0 96885.0 0.0 60220000.0 75.0 2.0 1000.0 42612002.0
15700.0 0.0 0.0 16.0 77462606.0 103323.0 0.0 60220000.0 75.0 2.0 1000.0 42874071.0
15800.0 0.0 0.0 16.0 77201736.0 101420.0 0.0 60220000.0 73.0 2.0 1000.0 43136844.0
15900.0 0.0 0.0 16.0 76941177.0 101071.0 0.0 60220000.0 73.0 2.0 1000.0 43397752.0
16000.0 0.0 0.0 16.0 76680314.0 100731.0 0.0 60220000.0 73.0 2.0 1000.0 43658955.0
16100.0 0.0 0.0 16.0 76424921.0 96754.0 0.0 60220000.0 70.0 2.0 1000.0 43918325.0
16200.0 0.0 0.0 16.0 76176484.0 91789.0 0.0 60220000.0 69.0 2.0 1000.0 44171727.0
16300.0 0.0 0.0 16.0 75930415.0 88949.0 0.0 60220000.0 69.0 2.0 1000.0 44420636.0
16400.0 0.0 0.0 16.0 75686549.0 87706.0 0.0 60220000.0 68.0 2.0 1000.0 44665745.0
16500.0 0.0 0.0 16.0 75446266.0 84759.0 0.0 60220000.0 66.0 2.0 1000.0 44908975.0
16600.0 0.0 0.0 15.0 75213294.0 86442.0 0.0 60220000.0 64.0 2.0 1000.0 45140264.0
16700.0 0.0 0.0 15.0 74984495.0 87236.0 0.0 60220000.0 64.0 2.0 1000.0 45368269.0
16800.0 0.0 0.0 15.0 74756693.0 86748.0 0.0 60220000.0 63.0 2.0 1000.0 45596559.0
16900.0 0.0 0.0 15.0 74531621.0 85552.0 0.0 60220000.0 63.0 2.0 1000.0 45822827.0
17000.0 0.0 0.0 15.0 74307596.0 84487.0 0.0 60220000.0 62.0 2.0 1000.0 46047917.0
17100.0 0.0 0.0 15.0 74087123.0 81804.0 0.0 60220000.0 61.0 2.0 1000.0 46271073.0
17200.0 0.0 0.0 15.0 73869732.0 80098.0 0.0 60220000.0 61.0 2.0 1000.0 46490170.0
17300.0 0.0 0.0 15.0 73651772.0 79798.0 0.0 60220000.0 61.0 2.0 1000.0 46708430.0
17400.0 0.0 0.0 15.0 73434461.0 78862.0 0.0 60220000.0 60.0 2.0 1000.0 46926677.0
17500.0 0.0 0.0 15.0 73221048.0 76450.0 0.0 60220000.0 59.0 2.0 1000.0 47142502.0
17600.0 0.0 0.0 15.0 73011761.0 73604.0 0.0 60220000.0 58.0 2.0 1000.0 47354635.0
17700.0 0.0 0.0 15.0 72804660.0 72541.0 0.0 60220000.0 58.0 2.0 1000.0 47562799.0
17800.0 0.0 0.0 15.0 72600351.0 70029.0 0.0 60220000.0 57.0 2.0 1000.0 47769620.0
17900.0 0.0 0.0 14.0 72400446.0 73787.0 0.0 60220000.0 55.0 2.0 1000.0 47965767.0
18000.0 0.0 0.0 14.0 72203808.0 73658.0 0.0 60220000.0 55.0 2.0 1000.0 48162534.0
18100.0 0.0 0.0 13.0 72007241.0 76590.0 0.0 60220000.0 55.0 2.0 1000.0 48356169.0
18200.0 0.0 0.0 13.0 71810583.0 82764.0 0.0 60220000.0 55.0 2.0 1000.0 48546653.0
18300.0 0.0 0.0 13.0 71617547.0 83229.0 0.0 60220000.0 54.0 2.0 1000.0 48739224.0
18400.0 0.0 0.0 13.0 71424760.0 82489.0 0.0 60220000.0 54.0 2.0 1000.0 48932751.0
18500.0 0.0 0.0 13.0 71234778.0 80035.0 0.0 60220000.0 52.0 2.0 1000.0 49125187.0
18600.0 0.0 0.0 13.0 71050822.0 76707.0 0.0 60220000.0 51.0 2.0 1000.0 49312471.0
18700.0 0.0 0.0 13.0 70868635.0 74514.0 0.0 60220000.0 51.0 2.0 1000.0 49496851.0
18800.0 0.0 0.0 13.0 70688033.0 72758.0 0.0 60220000.0 50.0 2.0 1000.0 49679209.0
18900.0 0.0 0.0 13.0 70512488.0 70020.0 0.0 60220000.0 49.0 2.0 1000.0 49857492.0
19000.0 0.0 0.0 13.0 70340240.0 67305.0 0.0 60220000.0 48.0 2.0 1000.0 50032455.0
19100.0 0.0 0.0 13.0 70169278.0 66573.0 0.0 60220000.0 48.0 2.0 1000.0 50204149.0
19200.0 0.0 0.0 13.0 69998272.0 66216.0 0.0 60220000.0 47.0 2.0 1000.0 50375512.0
19300.0 0.0 0.0 12.0 69831009.0 64434.0 0.0 60220000.0 47.0 2.0 1000.0 50544557.0
19400.0 0.0 0.0 12.0 69666475.0 68929.0 0.0 60220000.0 45.0 2.0 1000.0 50704596.0
19500.0 0.0 0.0 12.0 69509211.0 66351.0 0.0 60220000.0 44.0 2.0 1000.0 50864438.0
19600.0 0.0 0.0 12.0 69352702.0 64763.0 0.0 60220000.0 44.0 2.0 1000.0 51022535.0
19700.0 0.0 0.0 12.0 69195287.0 64932.0 0.0 60220000.0 44.0 2.0 1000.0 51179781.0
19800.0 0.0 0.0 12.0 69040365.0 63469.0 0.0 60220000.0 41.0 2.0 1000.0 51336166.0
19900.0 0.0 0.0 11.0 68894323.0 60370.0 0.0 60220000.0 41.0 2.0 1000.0 51485307.0
