time rna_M monomer_betaGal protein_betaGal Lactose_external Lactose_internal Glucose_external Glucose_internal protein_Lactose_Permease dna_Lac_Operon Biomass Lactose_consumed
0.0 0.0 0.0 0.0 120440000.0 0.0 60220000.0 0.0 0.0 2.0 1000.0 0.0
100.0 0.0 0.0 0.0 120440000.0 0.0 30130369.0 30089631.0 0.0 2.0 1000.0 0.0
200.0 0.0 0.0 0.0 120440000.0 0.0 84298.0 60135702.0 0.0 2.0 1000.0 0.0
300.0 0.0 0.0 0.0 120440000.0 0.0 0.0 60220000.0 0.0 2.0 1000.0 0.0
400.0 1.0 0.0 2.0 120417935.0 20551.0 0.0 60220000.0 21.0 2.0 1000.0 1514.0
500.0 1.0 3.0 5.0 120279940.0 107840.0 0.0 60220000.0 51.0 2.0 1000.0 52220.0
600.0 1.0 0.0 10.0 120035566.0 206938.0 0.0 60220000.0 84.0 2.0 1000.0 197496.0
700.0 1.0 0.0 15.0 119691027.0 286729.0 0.0 60220000.0 115.0 2.0 1000.0 462244.0
800.0 0.0 0.0 16.0 119247658.0 362258.0 0.0 60220000.0 128.0 2.0 1000.0 830084.0
900.0 0.0 0.0 16.0 118794042.0 421227.0 0.0 60220000.0 126.0 2.0 1000.0 1224731.0
1000.0 0.0 0.0 16.0 118348999.0 461952.0 0.0 60220000.0 122.0 2.0 1000.0 1629049.0
1100.0 0.0 0.0 16.0 117914071.0 489577.0 0.0 60220000.0 121.0 2.0 1000.0 2036352.0
1200.0 0.0 0.0 16.0 117485311.0 508232.0 0.0 60220000.0 120.0 2.0 1000.0 2446457.0
1300.0 0.0 0.0 16.0 117056481.0 525017.0 0.0 60220000.0 120.0 2.0 1000.0 2858502.0
1400.0 0.0 0.0 15.0 116633683.0 537033.0 0.0 60220000.0 117.0 2.0 1000.0 3269284.0
1500.0 0.0 0.0 15.0 116221065.0 559610.0 0.0 60220000.0 114.0 2.0 1000.0 3659325.0
1600.0 0.0 0.0 15.0 115818082.0 570686.0 0.0 60220000.0 111.0 2.0 1000.0 4051232.0
1700.0 0.0 0.0 13.0 115426860.0 595800.0 0.0 60220000.0 108.0 2.0 1000.0 4417340.0
1800.0 0.0 0.0 12.0 115042404.0 657091.0 0.0 60220000.0 107.0 2.0 1000.0 4740505.0
1900.0 0.0 0.0 12.0 114664112.0 714869.0 0.0 60220000.0 105.0 2.0 1000.0 5061019.0
2000.0 0.0 0.0 12.0 114295790.0 760280.0 0.0 60220000.0 102.0 2.0 1000.0 5383930.0
2100.0 0.0 0.0 12.0 113933379.0 798190.0 0.0 60220000.0 101.0 2.0 1000.0 5708431.0
2200.0 0.0 0.0 12.0 113573077.0 832208.0 0.0 60220000.0 101.0 2.0 1000.0 6034715.0
2300.0 0.0 0.0 12.0 113212437.0 865637.0 0.0 60220000.0 101.0 2.0 1000.0 6361926.0
2400.0 0.0 0.0 12.0 112856667.0 892716.0 0.0 60220000.0 99.0 2.0 1000.0 6690617.0
2500.0 0.0 0.0 12.0 112513962.0 905083.0 0.0 60220000.0 94.0 2.0 1000.0 7020955.0
2600.0 0.0 0.0 12.0 112179949.0 909229.0 0.0 60220000.0 93.0 2.0 1000.0 7350822.0
2700.0 0.0 0.0 12.0 111847584.0 911123.0 0.0 60220000.0 93.0 2.0 1000.0 7681293.0
2800.0 0.0 0.0 11.0 111518955.0 924549.0 0.0 60220000.0 92.0 2.0 1000.0 7996496.0
2900.0 0.0 0.0 11.0 111192606.0 947700.0 0.0 60220000.0 92.0 2.0 1000.0 8299694.0
3000.0 0.0 0.0 10.0 110866653.0 992879.0 0.0 60220000.0 91.0 2.0 1000.0 8580468.0
3100.0 0.0 0.0 10.0 110544284.0 1038370.0 0.0 60220000.0 90.0 2.0 1000.0 8857346.0
3200.0 0.0 0.0 10.0 110223810.0 1081422.0 0.0 60220000.0 89.0 2.0 1000.0 9134768.0
3300.0 0.0 0.0 10.0 109907391.0 1119142.0 0.0 60220000.0 88.0 2.0 1000.0 9413467.0
3400.0 0.0 0.0 10.0 109594876.0 1152530.0 0.0 60220000.0 88.0 2.0 1000.0 9692594.0
3500.0 0.0 0.0 10.0 109288307.0 1178997.0 0.0 60220000.0 84.0 2.0 1000.0 9972696.0
3600.0 0.0 0.0 9.0 108989463.0 1212721.0 0.0 60220000.0 83.0 2.0 1000.0 10237816.0
3700.0 0.0 0.0 9.0 108693959.0 1255017.0 0.0 60220000.0 83.0 2.0 1000.0 10491024.0
3800.0 0.0 0.0 9.0 108402556.0 1293134.0 0.0 60220000.0 81.0 2.0 1000.0 10744310.0
3900.0 0.0 0.0 9.0 108115480.0 1326482.0 0.0 60220000.0 80.0 2.0 1000.0 10998038.0
4000.0 0.0 0.0 9.0 107832569.0 1354930.0 0.0 60220000.0 78.0 2.0 1000.0 11252501.0
4100.0 0.0 0.0 9.0 107555584.0 1377292.0 0.0 60220000.0 77.0 2.0 1000.0 11507124.0
4200.0 0.0 0.0 9.0 107280564.0 1398100.0 0.0 60220000.0 77.0 2.0 1000.0 11761336.0
4300.0 0.0 0.0 9.0 107005569.0 1419030.0 0.0 60220000.0 77.0 2.0 1000.0 12015401.0
4400.0 0.0 0.0 8.0 106734969.0 1447531.0 0.0 60220000.0 76.0 2.0 1000.0 12257500.0
4500.0 0.0 0.0 7.0 106467488.0 1509560.0 0.0 60220000.0 74.0 2.0 1000.0 12462952.0
4600.0 0.0 0.0 7.0 106211261.0 1566891.0 0.0 60220000.0 70.0 2.0 1000.0 12661848.0
4700.0 0.0 0.0 7.0 105966029.0 1612281.0 0.0 60220000.0 68.0 2.0 1000.0 12861690.0
4800.0 0.0 0.0 7.0 105723891.0 1654639.0 0.0 60220000.0 68.0 2.0 1000.0 13061470.0
4900.0 0.0 0.0 7.0 105487372.0 1691288.0 0.0 60220000.0 66.0 2.0 1000.0 13261340.0
5000.0 0.0 0.0 7.0 105254160.0 1724143.0 0.0 60220000.0 65.0 2.0 1000.0 13461697.0
5100.0 1.0 1.0 9.0 105010402.0 1758965.0 0.0 60220000.0 75.0 2.0 1000.0 13670633.0
5200.0 1.0 0.0 14.0 104688184.0 1762051.0 0.0 60220000.0 109.0 2.0 1000.0 13989765.0
5300.0 0.0 0.0 14.0 104283845.0 1765698.0 0.0 60220000.0 114.0 2.0 1000.0 14390457.0
5400.0 0.0 0.0 14.0 103880323.0 1767323.0 0.0 60220000.0 113.0 2.0 1000.0 14792354.0
5500.0 0.0 0.0 12.0 103487302.0 1793226.0 0.0 60220000.0 108.0 2.0 1000.0 15159472.0
5600.0 0.0 0.0 12.0 103106720.0 1829225.0 0.0 60220000.0 107.0 2.0 1000.0 15504055.0
5700.0 0.0 0.0 12.0 102734456.0 1858246.0 0.0 60220000.0 103.0 2.0 1000.0 15847298.0
5800.0 0.0 0.0 11.0 102372564.0 1882504.0 0.0 60220000.0 100.0 2.0 1000.0 16184932.0
5900.0 0.0 0.0 11.0 102020359.0 1919213.0 0.0 60220000.0 98.0 2.0 1000.0 16500428.0
6000.0 0.0 0.0 10.0 101677753.0 1958151.0 0.0 60220000.0 94.0 2.0 1000.0 16804096.0
6100.0 0.0 0.0 10.0 101346703.0 2001722.0 0.0 60220000.0 93.0 2.0 1000.0 17091575.0
6200.0 0.0 0.0 10.0 101019649.0 2040838.0 0.0 60220000.0 92.0 2.0 1000.0 17379513.0
6300.0 0.0 0.0 10.0 100698925.0 2072941.0 0.0 60220000.0 89.0 2.0 1000.0 17668134.0
6400.0 0.0 0.0 10.0 100389489.0 2093650.0 0.0 60220000.0 86.0 2.0 1000.0 17956861.0
6500.0 0.0 0.0 9.0 100092038.0 2105477.0 0.0 60220000.0 82.0 2.0 1000.0 18242485.0
6600.0 0.0 0.0 9.0 99803239.0 2134927.0 0.0 60220000.0 81.0 2.0 1000.0 18501834.0
6700.0 0.0 0.0 9.0 99524025.0 2154098.0 0.0 60220000.0 78.0 2.0 1000.0 18761877.0
6800.0 0.0 0.0 9.0 99247072.0 2171090.0 0.0 60220000.0 78.0 2.0 1000.0 19021838.0
6900.0 0.0 0.0 8.0 98973278.0 2200464.0 0.0 60220000.0 76.0 2.0 1000.0 19266258.0
7000.0 0.0 0.0 8.0 98704653.0 2237012.0 0.0 60220000.0 75.0 2.0 1000.0 19498335.0
7100.0 0.0 0.0 8.0 98443619.0 2267030.0 0.0 60220000.0 73.0 2.0 1000.0 19729351.0
7200.0 0.0 0.0 8.0 98188633.0 2290879.0 0.0 60220000.0 71.0 2.0 1000.0 19960488.0
7300.0 0.0 0.0 8.0 97936033.0 2311861.0 0.0 60220000.0 71.0 2.0 1000.0 20192106.0
7400.0 0.0 0.0 8.0 97686541.0 2329687.0 0.0 60220000.0 69.0 2.0 1000.0 20423772.0
7500.0 0.0 0.0 7.0 97445660.0 2359614.0 0.0 60220000.0 68.0 2.0 1000.0 20634726.0
7600.0 0.0 0.0 7.0 97204278.0 2398322.0 0.0 60220000.0 68.0 2.0 1000.0 20837400.0
7700.0 0.0 0.0 7.0 96962953.0 2437512.0 0.0 60220000.0 68.0 2.0 1000.0 21039535.0
7800.0 0.0 0.0 7.0 96721638.0 2475909.0 0.0 60220000.0 68.0 2.0 1000.0 21242453.0
7900.0 0.0 0.0 7.0 96482381.0 2512035.0 0.0 60220000.0 67.0 2.0 1000.0 21445584.0
8000.0 0.0 0.0 8.0 96237515.0 2551847.0 0.0 60220000.0 77.0 2.0 1000.0 21650638.0
8100.0 0.0 0.0 8.0 95967419.0 2590561.0 0.0 60220000.0 76.0 2.0 1000.0 21882020.0
8200.0 0.0 0.0 8.0 95702401.0 2622491.0 0.0 60220000.0 73.0 2.0 1000.0 22115108.0
8300.0 0.0 0.0 8.0 95444974.0 2647741.0 0.0 60220000.0 71.0 2.0 1000.0 22347285.0
8400.0 0.0 0.0 8.0 95193530.0 2666365.0 0.0 60220000.0 71.0 2.0 1000.0 22580105.0
8500.0 0.0 0.0 8.0 94942644.0 2685042.0 0.0 60220000.0 69.0 2.0 1000.0 22812314.0
8600.0 1.0 0.0 10.0 94683418.0 2715008.0 0.0 60220000.0 82.0 2.0 1000.0 23041574.0
8700.0 1.0 1.0 14.0 94355766.0 2701811.0 0.0 60220000.0 111.0 2.0 1000.0 23382423.0
8800.0 1.0 0.0 19.0 93907374.0 2684640.0 0.0 60220000.0 140.0 2.0 1000.0 23847986.0
8900.0 0.0 2.0 19.0 93413166.0 2625569.0 0.0 60220000.0 137.0 2.0 1000.0 24401265.0
9000.0 0.0 2.0 18.0 92927375.0 2588349.0 0.0 60220000.0 137.0 2.0 1000.0 24924276.0
9100.0 0.0 2.0 17.0 92442397.0 2571501.0 0.0 60220000.0 136.0 2.0 1000.0 25426102.0
9200.0 0.0 2.0 17.0 91963224.0 2556509.0 0.0 60220000.0 134.0 2.0 1000.0 25920267.0
9300.0 0.0 2.0 17.0 91489115.0 2537968.0 0.0 60220000.0 132.0 2.0 1000.0 26412917.0
9400.0 0.0 2.0 17.0 91025484.0 2509790.0 0.0 60220000.0 130.0 2.0 1000.0 26904726.0
9500.0 1.0 0.0 19.0 90553644.0 2470088.0 0.0 60220000.0 140.0 2.0 1000.0 27416268.0
9600.0 1.0 3.0 21.0 89991314.0 2453924.0 0.0 60220000.0 177.0 2.0 1000.0 27994762.0
9700.0 1.0 0.0 27.0 89302617.0 2452663.0 0.0 60220000.0 208.0 2.0 1000.0 28684720.0
9800.0 2.0 3.0 32.0 88492419.0 2412810.0 0.0 60220000.0 262.0 2.0 1000.0 29534771.0
9900.0 2.0 2.0 43.0 87449806.0 2354476.0 0.0 60220000.0 323.0 2.0 1000.0 30635718.0
10000.0 1.0 1.0 49.0 86248724.0 2212512.0 0.0 60220000.0 349.0 2.0 1000.0 31978764.0
10100.0 0.0 3.0 49.0 84997879.0 2032846.0 0.0 60220000.0 351.0 2.0 1000.0 33409275.0
10200.0 1.0 2.0 51.0 83744001.0 1878764.0 0.0 60220000.0 362.0 2.0 1000.0 34817235.0
10300.0 1.0 2.0 54.0 82414731.0 1690254.0 0.0 60220000.0 387.0 2.0 1000.0 36335015.0
10400.0 1.0 0.0 58.0 80988514.0 1527946.0 0.0 60220000.0 419.0 2.0 1000.0 37923540.0
10500.0 1.0 0.0 59.0 79482672.0 1410024.0 0.0 60220000.0 432.0 2.0 1000.0 39547304.0
10600.0 0.0 2.0 59.0 77936417.0 1274096.0 0.0 60220000.0 435.0 2.0 1000.0 41229487.0
10700.0 0.0 2.0 56.0 76393800.0 1201373.0 0.0 60220000.0 431.0 2.0 1000.0 42844827.0
10800.0 0.0 2.0 55.0 74867132.0 1180436.0 0.0 60220000.0 427.0 2.0 1000.0 44392432.0
10900.0 0.0 2.0 55.0 73355582.0 1153017.0 0.0 60220000.0 424.0 2.0 1000.0 45931401.0
11000.0 0.0 2.0 54.0 71852525.0 1141938.0 0.0 60220000.0 422.0 2.0 1000.0 47445537.0
11100.0 0.0 2.0 54.0 70364397.0 1118158.0 0.0 60220000.0 415.0 2.0 1000.0 48957445.0
11200.0 0.0 2.0 53.0 68900249.0 1084507.0 0.0 60220000.0 408.0 2.0 1000.0 50455244.0
11300.0 0.0 2.0 53.0 67457405.0 1052346.0 0.0 60220000.0 401.0 2.0 1000.0 51930249.0
11400.0 0.0 2.0 52.0 66044087.0 1002370.0 0.0 60220000.0 393.0 2.0 1000.0 53393543.0
11500.0 0.0 2.0 49.0 64660069.0 973123.0 0.0 60220000.0 387.0 2.0 1000.0 54806808.0
11600.0 0.0 2.0 49.0 63307087.0 972533.0 0.0 60220000.0 377.0 2.0 1000.0 56160380.0
11700.0 0.0 2.0 49.0 61977244.0 949297.0 0.0 60220000.0 371.0 2.0 1000.0 57513459.0
11800.0 0.0 2.0 48.0 60674872.0 927142.0 0.0 60220000.0 363.0 2.0 1000.0 58837986.0
11900.0 0.0 2.0 47.0 59391201.0 894247.0 0.0 60220000.0 357.0 2.0 1000.0 60154552.0
12000.0 0.0 2.0 46.0 58129954.0 872094.0 0.0 60220000.0 350.0 2.0 1000.0 61437952.0
12100.0 0.0 2.0 46.0 56896985.0 848636.0 0.0 60220000.0 341.0 2.0 1000.0 62694379.0
12200.0 0.0 2.0 45.0 55702436.0 812232.0 0.0 60220000.0 331.0 2.0 1000.0 63925332.0
12300.0 0.0 2.0 45.0 54536022.0 760499.0 0.0 60220000.0 326.0 2.0 1000.0 65143479.0
12400.0 0.0 2.0 45.0 53383826.0 702453.0 0.0 60220000.0 320.0 2.0 1000.0 66353721.0
12500.0 0.0 2.0 44.0 52252764.0 650415.0 0.0 60220000.0 316.0 2.0 1000.0 67536821.0
12600.0 0.0 2.0 44.0 51135904.0 605802.0 0.0 60220000.0 310.0 2.0 1000.0 68698294.0
12700.0 0.0 2.0 44.0 50043605.0 547490.0 0.0 60220000.0 305.0 2.0 1000.0 69848905.0
12800.0 0.0 2.0 42.0 48960725.0 511467.0 0.0 60220000.0 303.0 2.0 1000.0 70967808.0
12900.0 0.0 2.0 42.0 47887115.0 503441.0 0.0 60220000.0 300.0 2.0 1000.0 72049444.0
13000.0 0.0 2.0 42.0 46825184.0 488054.0 0.0 60220000.0 295.0 2.0 1000.0 73126762.0
13100.0 0.0 2.0 42.0 45782639.0 461320.0 0.0 60220000.0 289.0 2.0 1000.0 74196041.0
13200.0 0.0 2.0 42.0 44753394.0 429715.0 0.0 60220000.0 287.0 2.0 1000.0 75256891.0
13300.0 0.0 2.0 42.0 43732908.0 404404.0 0.0 60220000.0 285.0 2.0 1000.0 76302688.0
13400.0 0.0 2.0 41.0 42729863.0 378850.0 0.0 60220000.0 280.0 2.0 1000.0 77331287.0
13500.0 1.0 0.0 44.0 41738879.0 358169.0 0.0 60220000.0 287.0 2.0 1000.0 78342952.0
13600.0 1.0 2.0 49.0 40673948.0 312643.0 0.0 60220000.0 307.0 2.0 1000.0 79453409.0
13700.0 1.0 3.0 52.0 39517288.0 279351.0 0.0 60220000.0 338.0 2.0 1000.0 80643361.0
13800.0 0.0 1.0 53.0 38300809.0 277859.0 0.0 60220000.0 339.0 2.0 1000.0 81861332.0
13900.0 0.0 1.0 53.0 37108007.0 259338.0 0.0 60220000.0 331.0 2.0 1000.0 83072655.0
14000.0 0.0 1.0 52.0 35945144.0 241373.0 0.0 60220000.0 321.0 2.0 1000.0 84253483.0
14100.0 0.0 1.0 51.0 34806672.0 234072.0 0.0 60220000.0 317.0 2.0 1000.0 85399256.0
14200.0 0.0 1.0 50.0 33695588.0 226102.0 0.0 60220000.0 308.0 2.0 1000.0 86518310.0
14300.0 0.0 1.0 48.0 32612594.0 230574.0 0.0 60220000.0 302.0 2.0 1000.0 87596832.0
14400.0 0.0 1.0 47.0 31549963.0 236357.0 0.0 60220000.0 295.0 2.0 1000.0 88653680.0
14500.0 0.0 1.0 45.0 30516101.0 245079.0 0.0 60220000.0 287.0 2.0 1000.0 89678820.0
14600.0 0.0 1.0 45.0 29502824.0 250536.0 0.0 60220000.0 283.0 2.0 1000.0 90686640.0
14700.0 0.0 1.0 45.0 28509061.0 238595.0 0.0 60220000.0 276.0 2.0 1000.0 91692344.0
14800.0 0.0 1.0 45.0 27535623.0 222799.0 0.0 60220000.0 273.0 2.0 1000.0 92681578.0
14900.0 0.0 1.0 44.0 26575749.0 221990.0 0.0 60220000.0 267.0 2.0 1000.0 93642261.0
15000.0 0.0 1.0 44.0 25626293.0 217947.0 0.0 60220000.0 266.0 2.0 1000.0 94595760.0
15100.0 0.0 1.0 44.0 24691556.0 205960.0 0.0 60220000.0 259.0 2.0 1000.0 95542484.0
15200.0 0.0 1.0 42.0 23773150.0 214796.0 0.0 60220000.0 257.0 2.0 1000.0 96452054.0
15300.0 0.0 1.0 40.0 22859480.0 233418.0 0.0 60220000.0 257.0 2.0 1000.0 97347102.0
15400.0 0.0 1.0 39.0 21954467.0 250008.0 0.0 60220000.0 253.0 2.0 1000.0 98235525.0
15500.0 0.0 1.0 38.0 21065927.0 259114.0 0.0 60220000.0 247.0 2.0 1000.0 99114959.0
15600.0 0.0 1.0 37.0 20195206.0 269889.0 0.0 60220000.0 242.0 2.0 1000.0 99974905.0
15700.0 0.0 1.0 37.0 19343461.0 274493.0 0.0 60220000.0 239.0 2.0 1000.0 100822046.0
15800.0 0.0 1.0 37.0 18505655.0 266129.0 0.0 60220000.0 233.0 2.0 1000.0 101668216.0
15900.0 0.0 1.0 36.0 17686048.0 264634.0 0.0 60220000.0 228.0 2.0 1000.0 102489318.0
16000.0 0.0 1.0 36.0 16883784.0 252961.0 0.0 60220000.0 225.0 2.0 1000.0 103303255.0
16100.0 0.0 1.0 35.0 16096963.0 246962.0 0.0 60220000.0 219.0 2.0 1000.0 104096075.0
16200.0 0.0 3.0 35.0 15309766.0 241364.0 0.0 60220000.0 223.0 2.0 1000.0 104888870.0
16300.0 0.0 3.0 34.0 14523280.0 251007.0 0.0 60220000.0 220.0 2.0 1000.0 105665713.0
16400.0 0.0 2.0 35.0 13741781.0 267062.0 0.0 60220000.0 224.0 2.0 1000.0 106431157.0
16500.0 0.0 2.0 35.0 12954799.0 258033.0 0.0 60220000.0 220.0 2.0 1000.0 107227168.0
16600.0 0.0 2.0 34.0 12183750.0 255363.0 0.0 60220000.0 216.0 2.0 1000.0 108000887.0
16700.0 0.0 2.0 33.0 11422865.0 262920.0 0.0 60220000.0 214.0 2.0 1000.0 108754215.0
16800.0 0.0 2.0 32.0 10674872.0 272620.0 0.0 60220000.0 211.0 2.0 1000.0 109492508.0
16900.0 0.0 2.0 32.0 9934711.0 277781.0 0.0 60220000.0 207.0 2.0 1000.0 110227508.0
17000.0 0.0 2.0 32.0 9213519.0 264604.0 0.0 60220000.0 203.0 2.0 1000.0 110961877.0
17100.0 0.0 2.0 32.0 8503208.0 250833.0 0.0 60220000.0 201.0 2.0 1000.0 111685959.0
17200.0 0.0 2.0 31.0 7805737.0 246306.0 0.0 60220000.0 197.0 2.0 1000.0 112387957.0
17300.0 0.0 2.0 30.0 7126992.0 238029.0 0.0 60220000.0 191.0 2.0 1000.0 113074979.0
17400.0 0.0 2.0 29.0 6467776.0 247450.0 0.0 60220000.0 187.0 2.0 1000.0 113724774.0
17500.0 0.0 2.0 28.0 5829115.0 242295.0 0.0 60220000.0 180.0 2.0 1000.0 114368590.0
17600.0 0.0 2.0 28.0 5205857.0 242086.0 0.0 60220000.0 179.0 2.0 1000.0 114992057.0
17700.0 0.0 2.0 27.0 4589355.0 241541.0 0.0 60220000.0 177.0 2.0 1000.0 115609104.0
17800.0 0.0 2.0 27.0 3985227.0 243987.0 0.0 60220000.0 174.0 2.0 1000.0 116210786.0
17900.0 0.0 2.0 27.0 3392669.0 236962.0 0.0 60220000.0 172.0 2.0 1000.0 116810369.0
18000.0 0.0 2.0 27.0 2815431.0 222018.0 0.0 60220000.0 168.0 2.0 1000.0 117402551.0
18100.0 0.0 2.0 25.0 2251580.0 228195.0 0.0 60220000.0 167.0 2.0 1000.0 117960225.0
18200.0 0.0 2.0 22.0 1699328.0 258177.0 0.0 60220000.0 166.0 2.0 1000.0 118482495.0
18300.0 0.0 2.0 21.0 1167056.0 289607.0 0.0 60220000.0 164.0 2.0 1000.0 118983337.0
18400.0 0.0 2.0 20.0 673388.0 305206.0 0.0 60220000.0 161.0 2.0 1000.0 119461406.0
18500.0 0.0 2.0 20.0 255461.0 258228.0 0.0 60220000.0 157.0 2.0 1000.0 119926311.0
18600.0 0.0 2.0 20.0 31297.0 82233.0 0.0 60220000.0 152.0 2.0 1000.0 120326470.0
18700.0 0.0 2.0 20.0 1190.0 1492.0 0.0 60220000.0 149.0 2.0 1000.0 120437318.0
18800.0 0.0 2.0 20.0 39.0 34.0 0.0 60220000.0 147.0 2.0 1000.0 120439927.0
18900.0 0.0 2.0 20.0 1.0 1.0 0.0 60220000.0 144.0 2.0 1000.0 120439998.0
19000.0 0.0 2.0 19.0 0.0 0.0 0.0 60220000.0 140.0 2.0 1000.0 120440000.0
19100.0 0.0 2.0 19.0 0.0 0.0 0.0 60220000.0 137.0 2.0 1000.0 120440000.0
19200.0 0.0 2.0 19.0 0.0 0.0 0.0 60220000.0 137.0 2.0 1000.0 120440000.0
19300.0 0.0 2.0 19.0 0.0 0.0 0.0 60220000.0 133.0 2.0 1000.0 120440000.0
19400.0 0.0 2.0 18.0 0.0 0.0 0.0 60220000.0 129.0 2.0 1000.0 120440000.0
19500.0 0.0 2.0 18.0 0.0 0.0 0.0 60220000.0 129.0 2.0 1000.0 120440000.0
19600.0 0.0 2.0 18.0 0.0 0.0 0.0 60220000.0 127.0 2.0 1000.0 120440000.0
19700.0 0.0 2.0 17.0 0.0 0.0 0.0 60220000.0 126.0 2.0 1000.0 120440000.0
19800.0 0.0 2.0 17.0 0.0 0.0 0.0 60220000.0 124.0 2.0 1000.0 120440000.0
19900.0 0.0 2.0 16.0 0.0 0.0 0.0 60220000.0 123.0 2.0 1000.0 120440000.0
