time rna_M monomer_betaGal protein_betaGal Lactose_external Lactose_internal Glucose_external Glucose_internal protein_Lactose_Permease dna_Lac_Operon Biomass Lactose_consumed
0.0 0.0 0.0 0.0 120440000.0 0.0 60220000.0 0.0 0.0 2.0 1000.0 0.0
100.0 0.0 0.0 0.0 120440000.0 0.0 30117713.0 30102287.0 0.0 2.0 1000.0 0.0
200.0 0.0 0.0 0.0 120440000.0 0.0 77169.0 60142831.0 0.0 2.0 1000.0 0.0
300.0 0.0 0.0 0.0 120440000.0 0.0 0.0 60220000.0 0.0 2.0 1000.0 0.0
400.0 0.0 0.0 0.0 120440000.0 0.0 0.0 60220000.0 0.0 2.0 1000.0 0.0
500.0 0.0 0.0 0.0 120440000.0 0.0 0.0 60220000.0 0.0 2.0 1000.0 0.0
600.0 0.0 0.0 0.0 120440000.0 0.0 0.0 60220000.0 0.0 2.0 1000.0 0.0
700.0 0.0 0.0 0.0 120440000.0 0.0 0.0 60220000.0 0.0 2.0 1000.0 0.0
800.0 0.0 0.0 0.0 120440000.0 0.0 0.0 60220000.0 0.0 2.0 1000.0 0.0
900.0 0.0 0.0 0.0 120440000.0 0.0 0.0 60220000.0 0.0 2.0 1000.0 0.0
1000.0 0.0 0.0 0.0 120440000.0 0.0 0.0 60220000.0 0.0 2.0 1000.0 0.0
1100.0 0.0 0.0 0.0 120440000.0 0.0 0.0 60220000.0 0.0 2.0 1000.0 0.0
1200.0 0.0 0.0 0.0 120440000.0 0.0 0.0 60220000.0 0.0 2.0 1000.0 0.0
1300.0 1.0 2.0 3.0 120402447.0 32846.0 0.0 60220000.0 28.0 2.0 1000.0 4707.0
1400.0 1.0 0.0 6.0 120253515.0 121979.0 0.0 60220000.0 59.0 2.0 1000.0 64506.0
1500.0 0.0 2.0 6.0 120034336.0 221045.0 0.0 60220000.0 61.0 2.0 1000.0 184619.0
1600.0 0.0 2.0 6.0 119819183.0 300123.0 0.0 60220000.0 60.0 2.0 1000.0 320694.0
1700.0 0.0 2.0 6.0 119604624.0 370300.0 0.0 60220000.0 60.0 2.0 1000.0 465076.0
1800.0 0.0 2.0 6.0 119394688.0 431295.0 0.0 60220000.0 58.0 2.0 1000.0 614017.0
1900.0 0.0 2.0 6.0 119187746.0 486345.0 0.0 60220000.0 56.0 2.0 1000.0 765909.0
2000.0 0.0 2.0 6.0 118988036.0 531660.0 0.0 60220000.0 55.0 2.0 1000.0 920304.0
2100.0 0.0 2.0 6.0 118795216.0 568512.0 0.0 60220000.0 54.0 2.0 1000.0 1076272.0
2200.0 0.0 2.0 6.0 118602431.0 604177.0 0.0 60220000.0 54.0 2.0 1000.0 1233392.0
2300.0 0.0 2.0 5.0 118411971.0 648967.0 0.0 60220000.0 53.0 2.0 1000.0 1379062.0
2400.0 0.0 2.0 5.0 118225287.0 701847.0 0.0 60220000.0 52.0 2.0 1000.0 1512866.0
2500.0 1.0 2.0 5.0 118039403.0 752677.0 0.0 60220000.0 52.0 2.0 1000.0 1647920.0
2600.0 0.0 3.0 7.0 117809014.0 817608.0 0.0 60220000.0 71.0 2.0 1000.0 1813378.0
2700.0 0.0 3.0 7.0 117559123.0 877286.0 0.0 60220000.0 69.0 2.0 1000.0 2003591.0
2800.0 0.0 3.0 7.0 117313383.0 931241.0 0.0 60220000.0 69.0 2.0 1000.0 2195376.0
2900.0 0.0 3.0 7.0 117068329.0 983520.0 0.0 60220000.0 67.0 2.0 1000.0 2388151.0
3000.0 0.0 3.0 7.0 116832109.0 1026332.0 0.0 60220000.0 66.0 2.0 1000.0 2581559.0
3100.0 0.0 3.0 7.0 116598890.0 1065112.0 0.0 60220000.0 65.0 2.0 1000.0 2775998.0
3200.0 0.0 3.0 6.0 116373584.0 1114004.0 0.0 60220000.0 63.0 2.0 1000.0 2952412.0
3300.0 0.0 3.0 6.0 116153290.0 1166226.0 0.0 60220000.0 61.0 2.0 1000.0 3120484.0
3400.0 0.0 3.0 6.0 115937674.0 1214198.0 0.0 60220000.0 60.0 2.0 1000.0 3288128.0
3500.0 0.0 3.0 6.0 115725060.0 1258895.0 0.0 60220000.0 59.0 2.0 1000.0 3456045.0
3600.0 0.0 3.0 6.0 115515412.0 1299539.0 0.0 60220000.0 58.0 2.0 1000.0 3625049.0
3700.0 0.0 3.0 6.0 115314998.0 1330329.0 0.0 60220000.0 56.0 2.0 1000.0 3794673.0
3800.0 0.0 3.0 6.0 115115795.0 1360014.0 0.0 60220000.0 56.0 2.0 1000.0 3964191.0
3900.0 0.0 3.0 6.0 114920749.0 1384873.0 0.0 60220000.0 54.0 2.0 1000.0 4134378.0
4000.0 0.0 3.0 6.0 114731966.0 1404084.0 0.0 60220000.0 53.0 2.0 1000.0 4303950.0
4100.0 0.0 3.0 6.0 114544313.0 1421677.0 0.0 60220000.0 52.0 2.0 1000.0 4474010.0
4200.0 0.0 3.0 5.0 114363642.0 1457255.0 0.0 60220000.0 49.0 2.0 1000.0 4619103.0
4300.0 0.0 3.0 5.0 114188705.0 1490425.0 0.0 60220000.0 49.0 2.0 1000.0 4760870.0
4400.0 0.0 3.0 5.0 114016810.0 1520847.0 0.0 60220000.0 48.0 2.0 1000.0 4902343.0
4500.0 0.0 3.0 5.0 113851959.0 1543499.0 0.0 60220000.0 45.0 2.0 1000.0 5044542.0
4600.0 0.0 3.0 5.0 113693390.0 1560063.0 0.0 60220000.0 44.0 2.0 1000.0 5186547.0
4700.0 0.0 3.0 5.0 113536932.0 1574008.0 0.0 60220000.0 44.0 2.0 1000.0 5329060.0
4800.0 1.0 3.0 5.0 113379476.0 1588911.0 0.0 60220000.0 48.0 2.0 1000.0 5471613.0
4900.0 1.0 1.0 10.0 113164247.0 1596330.0 0.0 60220000.0 69.0 2.0 1000.0 5679423.0
5000.0 0.0 3.0 11.0 112904549.0 1544406.0 0.0 60220000.0 73.0 2.0 1000.0 5991045.0
5100.0 0.0 3.0 11.0 112648720.0 1488127.0 0.0 60220000.0 71.0 2.0 1000.0 6303153.0
5200.0 0.0 3.0 11.0 112400555.0 1424515.0 0.0 60220000.0 68.0 2.0 1000.0 6614930.0
5300.0 0.0 3.0 9.0 112161797.0 1395815.0 0.0 60220000.0 66.0 2.0 1000.0 6882388.0
5400.0 0.0 3.0 9.0 111928846.0 1373277.0 0.0 60220000.0 64.0 2.0 1000.0 7137877.0
5500.0 0.0 3.0 9.0 111707267.0 1340668.0 0.0 60220000.0 61.0 2.0 1000.0 7392065.0
5600.0 0.0 3.0 9.0 111492593.0 1302135.0 0.0 60220000.0 60.0 2.0 1000.0 7645272.0
5700.0 0.0 3.0 8.0 111280772.0 1270289.0 0.0 60220000.0 59.0 2.0 1000.0 7888939.0
5800.0 0.0 3.0 7.0 111070359.0 1265862.0 0.0 60220000.0 59.0 2.0 1000.0 8103779.0
5900.0 0.0 3.0 7.0 110863715.0 1274936.0 0.0 60220000.0 58.0 2.0 1000.0 8301349.0
6000.0 0.0 3.0 7.0 110659162.0 1281828.0 0.0 60220000.0 56.0 2.0 1000.0 8499010.0
6100.0 0.0 3.0 7.0 110460155.0 1283754.0 0.0 60220000.0 55.0 2.0 1000.0 8696091.0
6200.0 0.0 3.0 7.0 110266622.0 1279837.0 0.0 60220000.0 54.0 2.0 1000.0 8893541.0
6300.0 0.0 3.0 7.0 110074474.0 1275235.0 0.0 60220000.0 54.0 2.0 1000.0 9090291.0
6400.0 0.0 3.0 7.0 109882992.0 1270099.0 0.0 60220000.0 54.0 2.0 1000.0 9286909.0
6500.0 0.0 3.0 7.0 109691700.0 1264801.0 0.0 60220000.0 53.0 2.0 1000.0 9483499.0
6600.0 0.0 3.0 7.0 109504629.0 1255393.0 0.0 60220000.0 52.0 2.0 1000.0 9679978.0
6700.0 0.0 3.0 7.0 109319467.0 1243736.0 0.0 60220000.0 52.0 2.0 1000.0 9876797.0
6800.0 0.0 3.0 7.0 109133880.0 1232627.0 0.0 60220000.0 52.0 2.0 1000.0 10073493.0
6900.0 0.0 3.0 7.0 108950000.0 1220841.0 0.0 60220000.0 50.0 2.0 1000.0 10269159.0
7000.0 0.0 3.0 7.0 108772050.0 1202366.0 0.0 60220000.0 50.0 2.0 1000.0 10465584.0
7100.0 0.0 3.0 7.0 108596183.0 1182213.0 0.0 60220000.0 49.0 2.0 1000.0 10661604.0
7200.0 0.0 3.0 7.0 108424436.0 1158821.0 0.0 60220000.0 48.0 2.0 1000.0 10856743.0
7300.0 0.0 3.0 7.0 108253074.0 1134825.0 0.0 60220000.0 48.0 2.0 1000.0 11052101.0
7400.0 0.0 3.0 7.0 108083004.0 1109960.0 0.0 60220000.0 47.0 2.0 1000.0 11247036.0
7500.0 0.0 3.0 7.0 107918793.0 1078686.0 0.0 60220000.0 45.0 2.0 1000.0 11442521.0
7600.0 0.0 3.0 7.0 107758675.0 1043896.0 0.0 60220000.0 45.0 2.0 1000.0 11637429.0
7700.0 0.0 3.0 7.0 107598773.0 1009596.0 0.0 60220000.0 45.0 2.0 1000.0 11831631.0
7800.0 0.0 3.0 7.0 107438373.0 976010.0 0.0 60220000.0 45.0 2.0 1000.0 12025617.0
7900.0 0.0 3.0 6.0 107277300.0 949653.0 0.0 60220000.0 45.0 2.0 1000.0 12213047.0
8000.0 0.0 3.0 6.0 107117614.0 944156.0 0.0 60220000.0 43.0 2.0 1000.0 12378230.0
8100.0 0.0 3.0 6.0 106964209.0 932209.0 0.0 60220000.0 42.0 2.0 1000.0 12543582.0
8200.0 0.0 3.0 6.0 106816936.0 914474.0 0.0 60220000.0 41.0 2.0 1000.0 12708590.0
8300.0 0.0 3.0 6.0 106670822.0 895484.0 0.0 60220000.0 41.0 2.0 1000.0 12873694.0
8400.0 0.0 3.0 6.0 106524086.0 878064.0 0.0 60220000.0 41.0 2.0 1000.0 13037850.0
8500.0 0.0 3.0 6.0 106381344.0 856795.0 0.0 60220000.0 39.0 2.0 1000.0 13201861.0
8600.0 0.0 3.0 6.0 106242119.0 832557.0 0.0 60220000.0 39.0 2.0 1000.0 13365324.0
8700.0 0.0 3.0 5.0 106102946.0 829410.0 0.0 60220000.0 39.0 2.0 1000.0 13507644.0
8800.0 0.0 3.0 4.0 105965896.0 838671.0 0.0 60220000.0 38.0 2.0 1000.0 13635433.0
8900.0 1.0 2.0 8.0 105805154.0 844664.0 0.0 60220000.0 56.0 2.0 1000.0 13790182.0
9000.0 0.0 1.0 12.0 105557698.0 814661.0 0.0 60220000.0 80.0 2.0 1000.0 14067641.0
9100.0 0.0 1.0 11.0 105277803.0 789858.0 0.0 60220000.0 78.0 2.0 1000.0 14372339.0
9200.0 0.0 1.0 11.0 104999424.0 770335.0 0.0 60220000.0 78.0 2.0 1000.0 14670241.0
9300.0 0.0 1.0 11.0 104725507.0 747579.0 0.0 60220000.0 77.0 2.0 1000.0 14966914.0
9400.0 0.0 1.0 11.0 104454273.0 722592.0 0.0 60220000.0 74.0 2.0 1000.0 15263135.0
9500.0 1.0 2.0 12.0 104187387.0 690859.0 0.0 60220000.0 82.0 2.0 1000.0 15561754.0
9600.0 0.0 2.0 11.0 103894926.0 673031.0 0.0 60220000.0 81.0 2.0 1000.0 15872043.0
9700.0 0.0 2.0 11.0 103606040.0 668782.0 0.0 60220000.0 80.0 2.0 1000.0 16165178.0
9800.0 0.0 2.0 11.0 103326214.0 656185.0 0.0 60220000.0 78.0 2.0 1000.0 16457601.0
9900.0 0.0 2.0 11.0 103052955.0 638303.0 0.0 60220000.0 75.0 2.0 1000.0 16748742.0
10000.0 0.0 2.0 11.0 102788724.0 611691.0 0.0 60220000.0 74.0 2.0 1000.0 17039585.0
10100.0 0.0 2.0 11.0 102531189.0 580333.0 0.0 60220000.0 72.0 2.0 1000.0 17328478.0
10200.0 0.0 2.0 11.0 102276641.0 548228.0 0.0 60220000.0 71.0 2.0 1000.0 17615131.0
10300.0 0.0 2.0 11.0 102025642.0 514070.0 0.0 60220000.0 70.0 2.0 1000.0 17900288.0
10400.0 0.0 2.0 11.0 101777319.0 480392.0 0.0 60220000.0 69.0 2.0 1000.0 18182289.0
10500.0 0.0 2.0 11.0 101530575.0 448559.0 0.0 60220000.0 69.0 2.0 1000.0 18460866.0
10600.0 0.0 2.0 11.0 101285234.0 416427.0 0.0 60220000.0 68.0 2.0 1000.0 18738339.0
10700.0 0.0 2.0 11.0 101045015.0 383688.0 0.0 60220000.0 67.0 2.0 1000.0 19011297.0
10800.0 0.0 2.0 11.0 100807274.0 353013.0 0.0 60220000.0 65.0 2.0 1000.0 19279713.0
10900.0 0.0 2.0 10.0 100577721.0 331718.0 0.0 60220000.0 64.0 2.0 1000.0 19530561.0
11000.0 0.0 2.0 10.0 100348887.0 321372.0 0.0 60220000.0 64.0 2.0 1000.0 19769741.0
11100.0 0.0 2.0 9.0 100121031.0 315350.0 0.0 60220000.0 64.0 2.0 1000.0 20003619.0
11200.0 0.0 2.0 9.0 99894474.0 328200.0 0.0 60220000.0 63.0 2.0 1000.0 20217326.0
11300.0 0.0 2.0 9.0 99671780.0 335124.0 0.0 60220000.0 62.0 2.0 1000.0 20433096.0
11400.0 0.0 2.0 9.0 99452941.0 337676.0 0.0 60220000.0 61.0 2.0 1000.0 20649383.0
11500.0 0.0 2.0 9.0 99239751.0 335236.0 0.0 60220000.0 59.0 2.0 1000.0 20865013.0
11600.0 0.0 2.0 9.0 99028978.0 329975.0 0.0 60220000.0 59.0 2.0 1000.0 21081047.0
11700.0 0.0 2.0 9.0 98819308.0 324577.0 0.0 60220000.0 58.0 2.0 1000.0 21296115.0
11800.0 0.0 2.0 9.0 98612486.0 318211.0 0.0 60220000.0 58.0 2.0 1000.0 21509303.0
11900.0 0.0 2.0 9.0 98406909.0 311081.0 0.0 60220000.0 57.0 2.0 1000.0 21722010.0
12000.0 0.0 2.0 9.0 98203728.0 302431.0 0.0 60220000.0 57.0 2.0 1000.0 21933841.0
12100.0 0.0 2.0 9.0 97999962.0 296142.0 0.0 60220000.0 57.0 2.0 1000.0 22143896.0
12200.0 0.0 2.0 8.0 97796925.0 302832.0 0.0 60220000.0 57.0 2.0 1000.0 22340243.0
12300.0 0.0 2.0 8.0 97593325.0 317460.0 0.0 60220000.0 57.0 2.0 1000.0 22529215.0
12400.0 0.0 2.0 6.0 97390307.0 344068.0 0.0 60220000.0 57.0 2.0 1000.0 22705625.0
12500.0 0.0 2.0 6.0 97186310.0 401657.0 0.0 60220000.0 57.0 2.0 1000.0 22852033.0
12600.0 0.0 2.0 6.0 96985781.0 451797.0 0.0 60220000.0 56.0 2.0 1000.0 23002422.0
12700.0 0.0 2.0 6.0 96788811.0 496166.0 0.0 60220000.0 54.0 2.0 1000.0 23155023.0
12800.0 0.0 2.0 6.0 96596703.0 533672.0 0.0 60220000.0 53.0 2.0 1000.0 23309625.0
12900.0 0.0 2.0 6.0 96407492.0 566405.0 0.0 60220000.0 53.0 2.0 1000.0 23466103.0
13000.0 0.0 2.0 6.0 96223095.0 593024.0 0.0 60220000.0 51.0 2.0 1000.0 23623881.0
13100.0 0.0 2.0 6.0 96041140.0 616761.0 0.0 60220000.0 51.0 2.0 1000.0 23782099.0
13200.0 0.0 2.0 6.0 95859398.0 639451.0 0.0 60220000.0 51.0 2.0 1000.0 23941151.0
13300.0 0.0 2.0 5.0 95680069.0 681487.0 0.0 60220000.0 50.0 2.0 1000.0 24078444.0
13400.0 0.0 2.0 5.0 95505795.0 721565.0 0.0 60220000.0 46.0 2.0 1000.0 24212640.0
13500.0 0.0 2.0 5.0 95342231.0 750267.0 0.0 60220000.0 44.0 2.0 1000.0 24347502.0
13600.0 0.0 2.0 5.0 95190118.0 766673.0 0.0 60220000.0 42.0 2.0 1000.0 24483209.0
13700.0 0.0 2.0 5.0 95040754.0 780813.0 0.0 60220000.0 42.0 2.0 1000.0 24618433.0
13800.0 0.0 2.0 5.0 94890596.0 795282.0 0.0 60220000.0 42.0 2.0 1000.0 24754122.0
13900.0 0.0 2.0 5.0 94745605.0 804815.0 0.0 60220000.0 39.0 2.0 1000.0 24889580.0
14000.0 0.0 2.0 5.0 94606288.0 808622.0 0.0 60220000.0 39.0 2.0 1000.0 25025090.0
14100.0 0.0 2.0 5.0 94467066.0 812268.0 0.0 60220000.0 39.0 2.0 1000.0 25160666.0
14200.0 0.0 2.0 4.0 94331103.0 817916.0 0.0 60220000.0 37.0 2.0 1000.0 25290981.0
14300.0 0.0 2.0 4.0 94198772.0 840667.0 0.0 60220000.0 37.0 2.0 1000.0 25400561.0
14400.0 0.0 2.0 4.0 94067224.0 863127.0 0.0 60220000.0 36.0 2.0 1000.0 25509649.0
14500.0 0.0 2.0 4.0 93938328.0 882461.0 0.0 60220000.0 36.0 2.0 1000.0 25619211.0
14600.0 0.0 2.0 4.0 93810267.0 900919.0 0.0 60220000.0 36.0 2.0 1000.0 25728814.0
14700.0 1.0 2.0 4.0 93682059.0 919139.0 0.0 60220000.0 38.0 2.0 1000.0 25838802.0
14800.0 0.0 3.0 4.0 93512820.0 978020.0 0.0 60220000.0 49.0 2.0 1000.0 25949160.0
14900.0 0.0 3.0 4.0 93337893.0 1042027.0 0.0 60220000.0 49.0 2.0 1000.0 26060080.0
15000.0 0.0 3.0 4.0 93163261.0 1105724.0 0.0 60220000.0 49.0 2.0 1000.0 26171015.0
15100.0 0.0 3.0 4.0 92992012.0 1164893.0 0.0 60220000.0 48.0 2.0 1000.0 26283095.0
15200.0 0.0 3.0 4.0 92821061.0 1223874.0 0.0 60220000.0 48.0 2.0 1000.0 26395065.0
15300.0 0.0 3.0 4.0 92650440.0 1282023.0 0.0 60220000.0 47.0 2.0 1000.0 26507537.0
15400.0 0.0 3.0 4.0 92485944.0 1333849.0 0.0 60220000.0 46.0 2.0 1000.0 26620207.0
15500.0 0.0 3.0 4.0 92322404.0 1384719.0 0.0 60220000.0 46.0 2.0 1000.0 26732877.0
15600.0 0.0 3.0 4.0 92158883.0 1434439.0 0.0 60220000.0 46.0 2.0 1000.0 26846678.0
15700.0 0.0 3.0 4.0 91998805.0 1480833.0 0.0 60220000.0 45.0 2.0 1000.0 26960362.0
15800.0 1.0 0.0 5.0 91836301.0 1526075.0 0.0 60220000.0 51.0 2.0 1000.0 27077624.0
15900.0 1.0 2.0 8.0 91599838.0 1568017.0 0.0 60220000.0 80.0 2.0 1000.0 27272145.0
16000.0 0.0 3.0 10.0 91276599.0 1613865.0 0.0 60220000.0 93.0 2.0 1000.0 27549536.0
16100.0 0.0 3.0 10.0 90948367.0 1655503.0 0.0 60220000.0 92.0 2.0 1000.0 27836130.0
16200.0 0.0 3.0 10.0 90628248.0 1690112.0 0.0 60220000.0 90.0 2.0 1000.0 28121640.0
16300.0 0.0 3.0 10.0 90309024.0 1723311.0 0.0 60220000.0 89.0 2.0 1000.0 28407665.0
16400.0 0.0 3.0 10.0 89997827.0 1748080.0 0.0 60220000.0 87.0 2.0 1000.0 28694093.0
16500.0 0.0 3.0 10.0 89698016.0 1762356.0 0.0 60220000.0 84.0 2.0 1000.0 28979628.0
16600.0 0.0 3.0 10.0 89398399.0 1775260.0 0.0 60220000.0 84.0 2.0 1000.0 29266341.0
16700.0 0.0 3.0 10.0 89100780.0 1786620.0 0.0 60220000.0 82.0 2.0 1000.0 29552600.0
16800.0 0.0 3.0 10.0 88808625.0 1792547.0 0.0 60220000.0 82.0 2.0 1000.0 29838828.0
16900.0 0.0 3.0 10.0 88522091.0 1792212.0 0.0 60220000.0 78.0 2.0 1000.0 30125697.0
17000.0 0.0 3.0 10.0 88249140.0 1778253.0 0.0 60220000.0 77.0 2.0 1000.0 30412607.0
17100.0 0.0 3.0 10.0 87979205.0 1762076.0 0.0 60220000.0 75.0 2.0 1000.0 30698719.0
17200.0 0.0 3.0 9.0 87714433.0 1745763.0 0.0 60220000.0 74.0 2.0 1000.0 30979804.0
17300.0 0.0 3.0 9.0 87453068.0 1750737.0 0.0 60220000.0 72.0 2.0 1000.0 31236195.0
17400.0 0.0 3.0 9.0 87201439.0 1745244.0 0.0 60220000.0 69.0 2.0 1000.0 31493317.0
17500.0 0.0 3.0 9.0 86957772.0 1732016.0 0.0 60220000.0 67.0 2.0 1000.0 31750212.0
17600.0 0.0 3.0 9.0 86719768.0 1712017.0 0.0 60220000.0 66.0 2.0 1000.0 32008215.0
17700.0 0.0 3.0 9.0 86483843.0 1691469.0 0.0 60220000.0 66.0 2.0 1000.0 32264688.0
17800.0 1.0 3.0 10.0 86247566.0 1666677.0 0.0 60220000.0 71.0 2.0 1000.0 32525757.0
17900.0 0.0 0.0 13.0 85954912.0 1623002.0 0.0 60220000.0 92.0 2.0 1000.0 32862086.0
18000.0 0.0 0.0 13.0 85630620.0 1575452.0 0.0 60220000.0 90.0 2.0 1000.0 33233928.0
18100.0 0.0 0.0 13.0 85313923.0 1523079.0 0.0 60220000.0 89.0 2.0 1000.0 33602998.0
18200.0 0.0 0.0 12.0 84999808.0 1473159.0 0.0 60220000.0 87.0 2.0 1000.0 33967033.0
18300.0 0.0 0.0 12.0 84693558.0 1438621.0 0.0 60220000.0 85.0 2.0 1000.0 34307821.0
18400.0 0.0 0.0 12.0 84393541.0 1398032.0 0.0 60220000.0 83.0 2.0 1000.0 34648427.0
18500.0 0.0 0.0 12.0 84102199.0 1350291.0 0.0 60220000.0 79.0 2.0 1000.0 34987510.0
18600.0 0.0 0.0 12.0 83821437.0 1292205.0 0.0 60220000.0 79.0 2.0 1000.0 35326358.0
18700.0 0.0 0.0 9.0 83540793.0 1299310.0 0.0 60220000.0 79.0 2.0 1000.0 35599897.0
18800.0 0.0 0.0 9.0 83261768.0 1325203.0 0.0 60220000.0 78.0 2.0 1000.0 35853029.0
18900.0 0.0 0.0 9.0 82991054.0 1342337.0 0.0 60220000.0 75.0 2.0 1000.0 36106609.0
19000.0 0.0 0.0 8.0 82724427.0 1380026.0 0.0 60220000.0 74.0 2.0 1000.0 36335547.0
19100.0 1.0 0.0 10.0 82448066.0 1424683.0 0.0 60220000.0 88.0 2.0 1000.0 36567251.0
19200.0 1.0 0.0 14.0 82089325.0 1462415.0 0.0 60220000.0 119.0 2.0 1000.0 36888260.0
19300.0 1.0 3.0 16.0 81619269.0 1502554.0 0.0 60220000.0 143.0 2.0 1000.0 37318177.0
19400.0 1.0 3.0 20.0 81067155.0 1527097.0 0.0 60220000.0 168.0 2.0 1000.0 37845748.0
19500.0 0.0 2.0 20.0 80459025.0 1545934.0 0.0 60220000.0 170.0 2.0 1000.0 38435041.0
19600.0 0.0 2.0 20.0 79862448.0 1572780.0 0.0 60220000.0 167.0 2.0 1000.0 39004772.0
19700.0 0.0 2.0 20.0 79271530.0 1592712.0 0.0 60220000.0 166.0 2.0 1000.0 39575758.0
19800.0 0.0 2.0 19.0 78685875.0 1627595.0 0.0 60220000.0 163.0 2.0 1000.0 40126530.0
19900.0 0.0 2.0 19.0 78112748.0 1659405.0 0.0 60220000.0 159.0 2.0 1000.0 40667847.0
