time rna_M monomer_betaGal protein_betaGal Lactose_external Lactose_internal Glucose_external Glucose_internal protein_Lactose_Permease dna_Lac_Operon Biomass Lactose_consumed
0.0 0.0 0.0 0.0 120440000.0 0.0 60220000.0 0.0 0.0 2.0 1000.0 0.0
100.0 1.0 2.0 1.0 120433653.0 6144.0 30129789.0 30090211.0 14.0 2.0 1000.0 203.0
200.0 0.0 2.0 1.0 120393072.0 40438.0 85070.0 60134930.0 18.0 2.0 1000.0 6490.0
300.0 0.0 2.0 1.0 120328455.0 91985.0 0.0 60220000.0 18.0 2.0 1000.0 19560.0
400.0 0.0 2.0 1.0 120263661.0 139393.0 0.0 60220000.0 18.0 2.0 1000.0 36946.0
500.0 0.0 2.0 1.0 120199017.0 184216.0 0.0 60220000.0 18.0 2.0 1000.0 56767.0
600.0 0.0 2.0 1.0 120134627.0 227434.0 0.0 60220000.0 18.0 2.0 1000.0 77939.0
700.0 0.0 2.0 1.0 120069611.0 270004.0 0.0 60220000.0 18.0 2.0 1000.0 100385.0
800.0 0.0 2.0 1.0 120005847.0 310486.0 0.0 60220000.0 18.0 2.0 1000.0 123667.0
900.0 0.0 2.0 1.0 119942002.0 350398.0 0.0 60220000.0 18.0 2.0 1000.0 147600.0
1000.0 0.0 2.0 1.0 119878354.0 389502.0 0.0 60220000.0 17.0 2.0 1000.0 172144.0
1100.0 0.0 2.0 1.0 119817381.0 425788.0 0.0 60220000.0 17.0 2.0 1000.0 196831.0
1200.0 0.0 2.0 1.0 119757038.0 460622.0 0.0 60220000.0 17.0 2.0 1000.0 222340.0
1300.0 0.0 2.0 1.0 119696505.0 495780.0 0.0 60220000.0 17.0 2.0 1000.0 247715.0
1400.0 0.0 2.0 1.0 119635752.0 530525.0 0.0 60220000.0 17.0 2.0 1000.0 273723.0
1500.0 0.0 2.0 1.0 119578073.0 562038.0 0.0 60220000.0 16.0 2.0 1000.0 299889.0
1600.0 0.0 2.0 1.0 119523991.0 590271.0 0.0 60220000.0 15.0 2.0 1000.0 325738.0
1700.0 0.0 2.0 1.0 119470209.0 617869.0 0.0 60220000.0 15.0 2.0 1000.0 351922.0
1800.0 0.0 2.0 1.0 119416621.0 644978.0 0.0 60220000.0 15.0 2.0 1000.0 378401.0
1900.0 0.0 2.0 1.0 119362945.0 671980.0 0.0 60220000.0 15.0 2.0 1000.0 405075.0
2000.0 0.0 2.0 1.0 119309356.0 698755.0 0.0 60220000.0 15.0 2.0 1000.0 431889.0
2100.0 0.0 2.0 1.0 119256512.0 724429.0 0.0 60220000.0 15.0 2.0 1000.0 459059.0
2200.0 0.0 2.0 1.0 119203083.0 750956.0 0.0 60220000.0 15.0 2.0 1000.0 485961.0
2300.0 0.0 2.0 1.0 119149275.0 777627.0 0.0 60220000.0 15.0 2.0 1000.0 513098.0
2400.0 0.0 2.0 1.0 119095503.0 804287.0 0.0 60220000.0 15.0 2.0 1000.0 540210.0
2500.0 0.0 2.0 1.0 119043005.0 829974.0 0.0 60220000.0 14.0 2.0 1000.0 567021.0
2600.0 0.0 2.0 1.0 118993036.0 852788.0 0.0 60220000.0 14.0 2.0 1000.0 594176.0
2700.0 0.0 2.0 1.0 118944606.0 873537.0 0.0 60220000.0 13.0 2.0 1000.0 621857.0
2800.0 0.0 2.0 1.0 118898289.0 892298.0 0.0 60220000.0 13.0 2.0 1000.0 649413.0
2900.0 0.0 2.0 1.0 118851904.0 911427.0 0.0 60220000.0 13.0 2.0 1000.0 676669.0
3000.0 0.0 2.0 1.0 118805534.0 930352.0 0.0 60220000.0 13.0 2.0 1000.0 704114.0
3100.0 0.0 2.0 1.0 118759592.0 948859.0 0.0 60220000.0 13.0 2.0 1000.0 731549.0
3200.0 0.0 2.0 1.0 118713197.0 967670.0 0.0 60220000.0 13.0 2.0 1000.0 759133.0
3300.0 0.0 2.0 1.0 118666816.0 986586.0 0.0 60220000.0 13.0 2.0 1000.0 786598.0
3400.0 0.0 2.0 1.0 118622855.0 1002814.0 0.0 60220000.0 12.0 2.0 1000.0 814331.0
3500.0 0.0 2.0 1.0 118581947.0 1016095.0 0.0 60220000.0 11.0 2.0 1000.0 841958.0
3600.0 0.0 2.0 1.0 118542823.0 1027478.0 0.0 60220000.0 11.0 2.0 1000.0 869699.0
3700.0 0.0 2.0 1.0 118503586.0 1038834.0 0.0 60220000.0 11.0 2.0 1000.0 897580.0
3800.0 0.0 2.0 1.0 118467552.0 1047126.0 0.0 60220000.0 10.0 2.0 1000.0 925322.0
3900.0 0.0 2.0 1.0 118434780.0 1052216.0 0.0 60220000.0 9.0 2.0 1000.0 953004.0
4000.0 0.0 2.0 1.0 118402582.0 1056567.0 0.0 60220000.0 9.0 2.0 1000.0 980851.0
4100.0 0.0 2.0 1.0 118370428.0 1060878.0 0.0 60220000.0 9.0 2.0 1000.0 1008694.0
4200.0 0.0 2.0 1.0 118338437.0 1065004.0 0.0 60220000.0 9.0 2.0 1000.0 1036559.0
4300.0 0.0 2.0 1.0 118306426.0 1068998.0 0.0 60220000.0 9.0 2.0 1000.0 1064576.0
4400.0 0.0 2.0 1.0 118274188.0 1073703.0 0.0 60220000.0 9.0 2.0 1000.0 1092109.0
4500.0 0.0 2.0 1.0 118241942.0 1078224.0 0.0 60220000.0 9.0 2.0 1000.0 1119834.0
4600.0 0.0 2.0 1.0 118209455.0 1082924.0 0.0 60220000.0 9.0 2.0 1000.0 1147621.0
4700.0 0.0 2.0 1.0 118179734.0 1084790.0 0.0 60220000.0 8.0 2.0 1000.0 1175476.0
4800.0 0.0 2.0 1.0 118150903.0 1085548.0 0.0 60220000.0 8.0 2.0 1000.0 1203549.0
4900.0 0.0 2.0 1.0 118122458.0 1086117.0 0.0 60220000.0 8.0 2.0 1000.0 1231425.0
5000.0 0.0 2.0 1.0 118094088.0 1086622.0 0.0 60220000.0 8.0 2.0 1000.0 1259290.0
5100.0 0.0 2.0 1.0 118065912.0 1086866.0 0.0 60220000.0 8.0 2.0 1000.0 1287222.0
5200.0 0.0 2.0 1.0 118037506.0 1087471.0 0.0 60220000.0 8.0 2.0 1000.0 1315023.0
5300.0 0.0 2.0 0.0 118009111.0 1096928.0 0.0 60220000.0 8.0 2.0 1000.0 1333961.0
5400.0 0.0 2.0 0.0 117983208.0 1122831.0 0.0 60220000.0 7.0 2.0 1000.0 1333961.0
5500.0 0.0 2.0 0.0 117958378.0 1147661.0 0.0 60220000.0 7.0 2.0 1000.0 1333961.0
5600.0 0.0 2.0 0.0 117933684.0 1172355.0 0.0 60220000.0 7.0 2.0 1000.0 1333961.0
5700.0 0.0 2.0 0.0 117908619.0 1197420.0 0.0 60220000.0 7.0 2.0 1000.0 1333961.0
5800.0 0.0 2.0 0.0 117883662.0 1222377.0 0.0 60220000.0 7.0 2.0 1000.0 1333961.0
5900.0 0.0 2.0 0.0 117858905.0 1247134.0 0.0 60220000.0 7.0 2.0 1000.0 1333961.0
6000.0 0.0 2.0 0.0 117833938.0 1272101.0 0.0 60220000.0 7.0 2.0 1000.0 1333961.0
6100.0 0.0 2.0 0.0 117809466.0 1296573.0 0.0 60220000.0 6.0 2.0 1000.0 1333961.0
6200.0 0.0 2.0 0.0 117788094.0 1317945.0 0.0 60220000.0 6.0 2.0 1000.0 1333961.0
6300.0 0.0 2.0 0.0 117768396.0 1337643.0 0.0 60220000.0 5.0 2.0 1000.0 1333961.0
6400.0 0.0 2.0 0.0 117750576.0 1355463.0 0.0 60220000.0 5.0 2.0 1000.0 1333961.0
6500.0 0.0 2.0 0.0 117732912.0 1373127.0 0.0 60220000.0 5.0 2.0 1000.0 1333961.0
6600.0 0.0 2.0 0.0 117714996.0 1391043.0 0.0 60220000.0 5.0 2.0 1000.0 1333961.0
6700.0 0.0 2.0 0.0 117697209.0 1408830.0 0.0 60220000.0 5.0 2.0 1000.0 1333961.0
6800.0 0.0 2.0 0.0 117679546.0 1426493.0 0.0 60220000.0 5.0 2.0 1000.0 1333961.0
6900.0 0.0 2.0 0.0 117661717.0 1444322.0 0.0 60220000.0 5.0 2.0 1000.0 1333961.0
7000.0 0.0 2.0 0.0 117643842.0 1462197.0 0.0 60220000.0 5.0 2.0 1000.0 1333961.0
7100.0 0.0 2.0 0.0 117627010.0 1479029.0 0.0 60220000.0 4.0 2.0 1000.0 1333961.0
7200.0 0.0 2.0 0.0 117612934.0 1493105.0 0.0 60220000.0 4.0 2.0 1000.0 1333961.0
7300.0 0.0 2.0 0.0 117598714.0 1507325.0 0.0 60220000.0 4.0 2.0 1000.0 1333961.0
7400.0 0.0 2.0 0.0 117584384.0 1521655.0 0.0 60220000.0 4.0 2.0 1000.0 1333961.0
7500.0 0.0 2.0 0.0 117569946.0 1536093.0 0.0 60220000.0 4.0 2.0 1000.0 1333961.0
7600.0 0.0 2.0 0.0 117559013.0 1547026.0 0.0 60220000.0 3.0 2.0 1000.0 1333961.0
7700.0 0.0 2.0 0.0 117548363.0 1557676.0 0.0 60220000.0 3.0 2.0 1000.0 1333961.0
7800.0 1.0 0.0 3.0 117532708.0 1561368.0 0.0 60220000.0 12.0 2.0 1000.0 1345924.0
7900.0 0.0 0.0 6.0 117442891.0 1512419.0 0.0 60220000.0 34.0 2.0 1000.0 1484690.0
8000.0 0.0 0.0 6.0 117321448.0 1463120.0 0.0 60220000.0 33.0 2.0 1000.0 1655432.0
8100.0 0.0 0.0 6.0 117203612.0 1410089.0 0.0 60220000.0 33.0 2.0 1000.0 1826299.0
8200.0 0.0 0.0 6.0 117086018.0 1357838.0 0.0 60220000.0 32.0 2.0 1000.0 1996144.0
8300.0 0.0 0.0 6.0 116972210.0 1302863.0 0.0 60220000.0 32.0 2.0 1000.0 2164927.0
8400.0 0.0 0.0 6.0 116859261.0 1247033.0 0.0 60220000.0 31.0 2.0 1000.0 2333706.0
8500.0 0.0 0.0 6.0 116748426.0 1189080.0 0.0 60220000.0 31.0 2.0 1000.0 2502494.0
8600.0 1.0 1.0 9.0 116619401.0 1126847.0 0.0 60220000.0 54.0 2.0 1000.0 2693752.0
8700.0 1.0 0.0 13.0 116369977.0 1074102.0 0.0 60220000.0 81.0 2.0 1000.0 2995921.0
8800.0 1.0 2.0 14.0 116040921.0 1010097.0 0.0 60220000.0 104.0 2.0 1000.0 3388982.0
8900.0 1.0 3.0 18.0 115614633.0 983385.0 0.0 60220000.0 138.0 2.0 1000.0 3841982.0
9000.0 0.0 2.0 17.0 115118550.0 995050.0 0.0 60220000.0 139.0 2.0 1000.0 4326400.0
9100.0 0.0 2.0 19.0 114606004.0 1006434.0 0.0 60220000.0 149.0 2.0 1000.0 4827562.0
9200.0 0.0 2.0 18.0 114081977.0 1011772.0 0.0 60220000.0 146.0 2.0 1000.0 5346251.0
9300.0 0.0 2.0 18.0 113562941.0 1032958.0 0.0 60220000.0 145.0 2.0 1000.0 5844101.0
9400.0 0.0 2.0 17.0 113050593.0 1048074.0 0.0 60220000.0 143.0 2.0 1000.0 6341333.0
9500.0 0.0 2.0 17.0 112541367.0 1084557.0 0.0 60220000.0 142.0 2.0 1000.0 6814076.0
9600.0 0.0 2.0 17.0 112039994.0 1112012.0 0.0 60220000.0 139.0 2.0 1000.0 7287994.0
9700.0 0.0 2.0 16.0 111545204.0 1160021.0 0.0 60220000.0 138.0 2.0 1000.0 7734775.0
9800.0 0.0 2.0 15.0 111054540.0 1221687.0 0.0 60220000.0 138.0 2.0 1000.0 8163773.0
9900.0 0.0 1.0 16.0 110552397.0 1284038.0 0.0 60220000.0 144.0 2.0 1000.0 8603565.0
10000.0 0.0 1.0 16.0 110049797.0 1334672.0 0.0 60220000.0 139.0 2.0 1000.0 9055531.0
10100.0 0.0 1.0 16.0 109555989.0 1377235.0 0.0 60220000.0 138.0 2.0 1000.0 9506776.0
10200.0 0.0 1.0 16.0 109064465.0 1416716.0 0.0 60220000.0 138.0 2.0 1000.0 9958819.0
10300.0 0.0 1.0 16.0 108583101.0 1444565.0 0.0 60220000.0 134.0 2.0 1000.0 10412334.0
10400.0 0.0 1.0 15.0 108108077.0 1486506.0 0.0 60220000.0 133.0 2.0 1000.0 10845417.0
10500.0 0.0 1.0 15.0 107636430.0 1532032.0 0.0 60220000.0 132.0 2.0 1000.0 11271538.0
10600.0 0.0 1.0 15.0 107166117.0 1575347.0 0.0 60220000.0 132.0 2.0 1000.0 11698536.0
10700.0 1.0 1.0 16.0 106699423.0 1614272.0 0.0 60220000.0 136.0 2.0 1000.0 12126305.0
10800.0 1.0 1.0 19.0 106148497.0 1677940.0 0.0 60220000.0 168.0 2.0 1000.0 12613563.0
10900.0 1.0 0.0 24.0 105485907.0 1737572.0 0.0 60220000.0 201.0 2.0 1000.0 13216521.0
11000.0 2.0 2.0 26.0 104719196.0 1809458.0 0.0 60220000.0 235.0 2.0 1000.0 13911346.0
11100.0 1.0 0.0 30.0 103762529.0 1926094.0 0.0 60220000.0 288.0 2.0 1000.0 14751377.0
11200.0 0.0 2.0 31.0 102728274.0 2070131.0 0.0 60220000.0 291.0 2.0 1000.0 15641595.0
11300.0 0.0 2.0 31.0 101709455.0 2193041.0 0.0 60220000.0 282.0 2.0 1000.0 16537504.0
11400.0 0.0 2.0 31.0 100708659.0 2296372.0 0.0 60220000.0 282.0 2.0 1000.0 17434969.0
11500.0 0.0 2.0 30.0 99716076.0 2412200.0 0.0 60220000.0 277.0 2.0 1000.0 18311724.0
11600.0 0.0 2.0 30.0 98744890.0 2514171.0 0.0 60220000.0 273.0 2.0 1000.0 19180939.0
11700.0 0.0 2.0 30.0 97779441.0 2606770.0 0.0 60220000.0 271.0 2.0 1000.0 20053789.0
11800.0 1.0 2.0 33.0 96760645.0 2711582.0 0.0 60220000.0 305.0 2.0 1000.0 20967773.0
11900.0 1.0 2.0 37.0 95628900.0 2837276.0 0.0 60220000.0 343.0 2.0 1000.0 21973824.0
12000.0 0.0 0.0 41.0 94383629.0 2938129.0 0.0 60220000.0 359.0 2.0 1000.0 23118242.0
12100.0 1.0 1.0 41.0 93121523.0 3005945.0 0.0 60220000.0 359.0 2.0 1000.0 24312532.0
12200.0 1.0 1.0 41.0 91834211.0 3070264.0 0.0 60220000.0 367.0 2.0 1000.0 25535525.0
12300.0 0.0 1.0 40.0 90516349.0 3212033.0 0.0 60220000.0 371.0 2.0 1000.0 26711618.0
12400.0 2.0 1.0 47.0 89152608.0 3336971.0 0.0 60220000.0 412.0 2.0 1000.0 27950421.0
12500.0 1.0 0.0 52.0 87619268.0 3391847.0 0.0 60220000.0 455.0 2.0 1000.0 29428885.0
12600.0 2.0 2.0 57.0 85966675.0 3477608.0 0.0 60220000.0 480.0 2.0 1000.0 30995717.0
12700.0 1.0 0.0 59.0 84206180.0 3542288.0 0.0 60220000.0 512.0 2.0 1000.0 32691532.0
12800.0 2.0 0.0 70.0 82331870.0 3545475.0 0.0 60220000.0 550.0 2.0 1000.0 34562655.0
12900.0 0.0 2.0 72.0 80348002.0 3435958.0 0.0 60220000.0 561.0 2.0 1000.0 36656040.0
13000.0 0.0 2.0 71.0 78389563.0 3306319.0 0.0 60220000.0 549.0 2.0 1000.0 38744118.0
13100.0 2.0 1.0 68.0 76454629.0 3234821.0 0.0 60220000.0 549.0 2.0 1000.0 40750550.0
13200.0 1.0 3.0 73.0 74422965.0 3177875.0 0.0 60220000.0 595.0 2.0 1000.0 42839160.0
13300.0 1.0 2.0 78.0 72296322.0 3090525.0 0.0 60220000.0 612.0 2.0 1000.0 45053153.0
13400.0 0.0 0.0 80.0 70119224.0 2954168.0 0.0 60220000.0 615.0 2.0 1000.0 47366608.0
13500.0 0.0 0.0 79.0 67957980.0 2783522.0 0.0 60220000.0 605.0 2.0 1000.0 49698498.0
13600.0 0.0 0.0 78.0 65836499.0 2610091.0 0.0 60220000.0 592.0 2.0 1000.0 51993410.0
13700.0 0.0 3.0 77.0 63734042.0 2459116.0 0.0 60220000.0 588.0 2.0 1000.0 54246842.0
13800.0 0.0 3.0 76.0 61662596.0 2320735.0 0.0 60220000.0 580.0 2.0 1000.0 56456669.0
13900.0 1.0 1.0 79.0 59599782.0 2153159.0 0.0 60220000.0 593.0 2.0 1000.0 58687059.0
14000.0 1.0 1.0 81.0 57455182.0 2004182.0 0.0 60220000.0 613.0 2.0 1000.0 60980636.0
14100.0 1.0 1.0 84.0 55226272.0 1850297.0 0.0 60220000.0 641.0 2.0 1000.0 63363431.0
14200.0 0.0 1.0 83.0 52962777.0 1730311.0 0.0 60220000.0 637.0 2.0 1000.0 65746912.0
14300.0 0.0 1.0 81.0 50730119.0 1609813.0 0.0 60220000.0 620.0 2.0 1000.0 68100068.0
14400.0 0.0 1.0 80.0 48547841.0 1489598.0 0.0 60220000.0 609.0 2.0 1000.0 70402561.0
14500.0 0.0 1.0 76.0 46414930.0 1409681.0 0.0 60220000.0 595.0 2.0 1000.0 72615389.0
14600.0 0.0 1.0 74.0 44327943.0 1365328.0 0.0 60220000.0 583.0 2.0 1000.0 74746729.0
14700.0 1.0 1.0 75.0 42257380.0 1326178.0 0.0 60220000.0 587.0 2.0 1000.0 76856442.0
14800.0 1.0 1.0 80.0 40134498.0 1265458.0 0.0 60220000.0 607.0 2.0 1000.0 79040044.0
14900.0 1.0 0.0 84.0 37932473.0 1178840.0 0.0 60220000.0 629.0 2.0 1000.0 81328687.0
15000.0 1.0 2.0 86.0 35671978.0 1060390.0 0.0 60220000.0 648.0 2.0 1000.0 83707632.0
15100.0 0.0 2.0 85.0 33384666.0 967334.0 0.0 60220000.0 638.0 2.0 1000.0 86088000.0
15200.0 0.0 2.0 84.0 31137618.0 892724.0 0.0 60220000.0 626.0 2.0 1000.0 88409658.0
15300.0 0.0 2.0 83.0 28941063.0 821577.0 0.0 60220000.0 611.0 2.0 1000.0 90677360.0
15400.0 0.0 2.0 83.0 26786997.0 728565.0 0.0 60220000.0 604.0 2.0 1000.0 92924438.0
15500.0 1.0 0.0 86.0 24651404.0 619538.0 0.0 60220000.0 607.0 2.0 1000.0 95169058.0
15600.0 0.0 1.0 83.0 22486721.0 562597.0 0.0 60220000.0 605.0 2.0 1000.0 97390682.0
15700.0 0.0 1.0 83.0 20364521.0 527554.0 0.0 60220000.0 594.0 2.0 1000.0 99547925.0
15800.0 0.0 1.0 79.0 18281067.0 506287.0 0.0 60220000.0 582.0 2.0 1000.0 101652646.0
15900.0 0.0 1.0 76.0 16238264.0 553837.0 0.0 60220000.0 573.0 2.0 1000.0 103647899.0
16000.0 0.0 1.0 76.0 14230655.0 575610.0 0.0 60220000.0 562.0 2.0 1000.0 105633735.0
16100.0 0.0 1.0 75.0 12264078.0 572688.0 0.0 60220000.0 549.0 2.0 1000.0 107603234.0
16200.0 0.0 1.0 74.0 10339077.0 556445.0 0.0 60220000.0 542.0 2.0 1000.0 109544478.0
16300.0 0.0 1.0 69.0 8440019.0 600235.0 0.0 60220000.0 538.0 2.0 1000.0 111399746.0
16400.0 0.0 1.0 68.0 6579471.0 658220.0 0.0 60220000.0 526.0 2.0 1000.0 113202309.0
16500.0 0.0 1.0 68.0 4767346.0 660285.0 0.0 60220000.0 517.0 2.0 1000.0 115012369.0
16600.0 0.0 1.0 65.0 3008793.0 645154.0 0.0 60220000.0 507.0 2.0 1000.0 116786053.0
16700.0 0.0 1.0 65.0 1342196.0 592554.0 0.0 60220000.0 498.0 2.0 1000.0 118505250.0
16800.0 0.0 1.0 62.0 62166.0 257441.0 0.0 60220000.0 490.0 2.0 1000.0 120120393.0
16900.0 0.0 1.0 61.0 0.0 4.0 0.0 60220000.0 486.0 2.0 1000.0 120439996.0
17000.0 0.0 1.0 61.0 0.0 0.0 0.0 60220000.0 473.0 2.0 1000.0 120440000.0
17100.0 0.0 1.0 60.0 0.0 0.0 0.0 60220000.0 461.0 2.0 1000.0 120440000.0
17200.0 0.0 1.0 60.0 0.0 0.0 0.0 60220000.0 449.0 2.0 1000.0 120440000.0
17300.0 0.0 1.0 59.0 0.0 0.0 0.0 60220000.0 443.0 2.0 1000.0 120440000.0
17400.0 0.0 1.0 57.0 0.0 0.0 0.0 60220000.0 438.0 2.0 1000.0 120440000.0
17500.0 0.0 1.0 57.0 0.0 0.0 0.0 60220000.0 433.0 2.0 1000.0 120440000.0
17600.0 0.0 1.0 54.0 0.0 0.0 0.0 60220000.0 428.0 2.0 1000.0 120440000.0
17700.0 0.0 1.0 54.0 0.0 0.0 0.0 60220000.0 422.0 2.0 1000.0 120440000.0
17800.0 0.0 1.0 51.0 0.0 0.0 0.0 60220000.0 414.0 2.0 1000.0 120440000.0
17900.0 0.0 1.0 51.0 0.0 0.0 0.0 60220000.0 413.0 2.0 1000.0 120440000.0
18000.0 0.0 1.0 49.0 0.0 0.0 0.0 60220000.0 404.0 2.0 1000.0 120440000.0
18100.0 0.0 1.0 49.0 0.0 0.0 0.0 60220000.0 396.0 2.0 1000.0 120440000.0
18200.0 0.0 1.0 48.0 0.0 0.0 0.0 60220000.0 387.0 2.0 1000.0 120440000.0
18300.0 0.0 1.0 46.0 0.0 0.0 0.0 60220000.0 384.0 2.0 1000.0 120440000.0
18400.0 0.0 1.0 46.0 0.0 0.0 0.0 60220000.0 382.0 2.0 1000.0 120440000.0
18500.0 0.0 1.0 44.0 0.0 0.0 0.0 60220000.0 375.0 2.0 1000.0 120440000.0
18600.0 0.0 1.0 44.0 0.0 0.0 0.0 60220000.0 370.0 2.0 1000.0 120440000.0
18700.0 0.0 1.0 43.0 0.0 0.0 0.0 60220000.0 365.0 2.0 1000.0 120440000.0
18800.0 0.0 1.0 42.0 0.0 0.0 0.0 60220000.0 356.0 2.0 1000.0 120440000.0
18900.0 0.0 1.0 41.0 0.0 0.0 0.0 60220000.0 349.0 2.0 1000.0 120440000.0
19000.0 0.0 1.0 39.0 0.0 0.0 0.0 60220000.0 344.0 2.0 1000.0 120440000.0
19100.0 0.0 1.0 38.0 0.0 0.0 0.0 60220000.0 342.0 2.0 1000.0 120440000.0
19200.0 0.0 1.0 36.0 0.0 0.0 0.0 60220000.0 339.0 2.0 1000.0 120440000.0
19300.0 0.0 1.0 36.0 0.0 0.0 0.0 60220000.0 328.0 2.0 1000.0 120440000.0
19400.0 0.0 1.0 35.0 0.0 0.0 0.0 60220000.0 324.0 2.0 1000.0 120440000.0
19500.0 0.0 1.0 34.0 0.0 0.0 0.0 60220000.0 312.0 2.0 1000.0 120440000.0
19600.0 0.0 1.0 33.0 0.0 0.0 0.0 60220000.0 306.0 2.0 1000.0 120440000.0
19700.0 0.0 1.0 32.0 0.0 0.0 0.0 60220000.0 297.0 2.0 1000.0 120440000.0
19800.0 0.0 1.0 32.0 0.0 0.0 0.0 60220000.0 290.0 2.0 1000.0 120440000.0
19900.0 0.0 1.0 32.0 0.0 0.0 0.0 60220000.0 281.0 2.0 1000.0 120440000.0
