time rna_M monomer_betaGal protein_betaGal Lactose_external Lactose_internal Glucose_external Glucose_internal protein_Lactose_Permease dna_Lac_Operon Biomass Lactose_consumed
0.0 0.0 0.0 0.0 120440000.0 0.0 60220000.0 0.0 0.0 2.0 1000.0 0.0
100.0 0.0 0.0 0.0 120440000.0 0.0 30124925.0 30095075.0 0.0 2.0 1000.0 0.0
200.0 0.0 0.0 0.0 120440000.0 0.0 79658.0 60140342.0 0.0 2.0 1000.0 0.0
300.0 1.0 2.0 3.0 120428559.0 10095.0 0.0 60220000.0 11.0 2.0 1000.0 1346.0
400.0 1.0 2.0 8.0 120330266.0 64034.0 0.0 60220000.0 44.0 2.0 1000.0 45700.0
500.0 0.0 0.0 10.0 120149916.0 99317.0 0.0 60220000.0 51.0 2.0 1000.0 190767.0
600.0 0.0 0.0 10.0 119970895.0 111162.0 0.0 60220000.0 50.0 2.0 1000.0 357943.0
700.0 0.0 0.0 10.0 119791508.0 118153.0 0.0 60220000.0 50.0 2.0 1000.0 530339.0
800.0 0.0 0.0 10.0 119612105.0 121206.0 0.0 60220000.0 50.0 2.0 1000.0 706689.0
900.0 0.0 0.0 10.0 119437516.0 119033.0 0.0 60220000.0 48.0 2.0 1000.0 883451.0
1000.0 0.0 0.0 10.0 119267985.0 114703.0 0.0 60220000.0 47.0 2.0 1000.0 1057312.0
1100.0 0.0 0.0 10.0 119102670.0 108959.0 0.0 60220000.0 46.0 2.0 1000.0 1228371.0
1200.0 0.0 0.0 9.0 118938435.0 117053.0 0.0 60220000.0 46.0 2.0 1000.0 1384512.0
1300.0 0.0 0.0 9.0 118773780.0 122474.0 0.0 60220000.0 46.0 2.0 1000.0 1543746.0
1400.0 0.0 0.0 9.0 118612582.0 123196.0 0.0 60220000.0 45.0 2.0 1000.0 1704222.0
1500.0 0.0 0.0 9.0 118453512.0 121779.0 0.0 60220000.0 44.0 2.0 1000.0 1864709.0
1600.0 0.0 0.0 9.0 118299283.0 117819.0 0.0 60220000.0 43.0 2.0 1000.0 2022898.0
1700.0 0.0 0.0 9.0 118145934.0 114076.0 0.0 60220000.0 43.0 2.0 1000.0 2179990.0
1800.0 0.0 0.0 8.0 117992443.0 119641.0 0.0 60220000.0 43.0 2.0 1000.0 2327916.0
1900.0 0.0 0.0 8.0 117844540.0 124903.0 0.0 60220000.0 40.0 2.0 1000.0 2470557.0
2000.0 0.0 0.0 7.0 117704771.0 129202.0 0.0 60220000.0 39.0 2.0 1000.0 2606027.0
2100.0 0.0 0.0 7.0 117567583.0 137200.0 0.0 60220000.0 37.0 2.0 1000.0 2735217.0
2200.0 0.0 0.0 7.0 117435639.0 137999.0 0.0 60220000.0 37.0 2.0 1000.0 2866362.0
2300.0 0.0 1.0 7.0 117294283.0 147809.0 0.0 60220000.0 40.0 2.0 1000.0 2997908.0
2400.0 0.0 1.0 7.0 117151417.0 154932.0 0.0 60220000.0 40.0 2.0 1000.0 3133651.0
2500.0 0.0 1.0 7.0 117008291.0 161230.0 0.0 60220000.0 40.0 2.0 1000.0 3270479.0
2600.0 0.0 1.0 7.0 116865222.0 165729.0 0.0 60220000.0 40.0 2.0 1000.0 3409049.0
2700.0 0.0 1.0 7.0 116721756.0 169155.0 0.0 60220000.0 40.0 2.0 1000.0 3549089.0
2800.0 0.0 1.0 7.0 116578912.0 171322.0 0.0 60220000.0 40.0 2.0 1000.0 3689766.0
2900.0 0.0 1.0 7.0 116438804.0 170615.0 0.0 60220000.0 39.0 2.0 1000.0 3830581.0
3000.0 1.0 0.0 9.0 116287295.0 175026.0 0.0 60220000.0 55.0 2.0 1000.0 3977679.0
3100.0 0.0 2.0 10.0 116071125.0 191432.0 0.0 60220000.0 61.0 2.0 1000.0 4177443.0
3200.0 0.0 2.0 10.0 115855238.0 197445.0 0.0 60220000.0 60.0 2.0 1000.0 4387317.0
3300.0 0.0 2.0 10.0 115640722.0 201226.0 0.0 60220000.0 60.0 2.0 1000.0 4598052.0
3400.0 0.0 2.0 9.0 115428198.0 205363.0 0.0 60220000.0 58.0 2.0 1000.0 4806439.0
3500.0 0.0 2.0 9.0 115221241.0 218814.0 0.0 60220000.0 58.0 2.0 1000.0 4999945.0
3600.0 0.0 2.0 9.0 115013858.0 229753.0 0.0 60220000.0 58.0 2.0 1000.0 5196389.0
3700.0 0.0 2.0 9.0 114809039.0 236556.0 0.0 60220000.0 57.0 2.0 1000.0 5394405.0
3800.0 0.0 2.0 9.0 114608243.0 237911.0 0.0 60220000.0 55.0 2.0 1000.0 5593846.0
3900.0 0.0 2.0 9.0 114415311.0 232147.0 0.0 60220000.0 53.0 2.0 1000.0 5792542.0
4000.0 0.0 2.0 9.0 114225343.0 224533.0 0.0 60220000.0 53.0 2.0 1000.0 5990124.0
4100.0 0.0 2.0 9.0 114035960.0 218683.0 0.0 60220000.0 53.0 2.0 1000.0 6185357.0
4200.0 0.0 2.0 9.0 113847358.0 213669.0 0.0 60220000.0 53.0 2.0 1000.0 6378973.0
4300.0 0.0 2.0 9.0 113657989.0 210267.0 0.0 60220000.0 53.0 2.0 1000.0 6571744.0
4400.0 0.0 2.0 9.0 113468564.0 206996.0 0.0 60220000.0 53.0 2.0 1000.0 6764440.0
4500.0 0.0 2.0 9.0 113280621.0 203928.0 0.0 60220000.0 52.0 2.0 1000.0 6955451.0
4600.0 0.0 2.0 9.0 113094905.0 199458.0 0.0 60220000.0 52.0 2.0 1000.0 7145637.0
4700.0 0.0 2.0 9.0 112911096.0 194023.0 0.0 60220000.0 51.0 2.0 1000.0 7334881.0
4800.0 1.0 0.0 11.0 112703807.0 199822.0 0.0 60220000.0 71.0 2.0 1000.0 7536371.0
4900.0 1.0 3.0 12.0 112386597.0 256195.0 0.0 60220000.0 102.0 2.0 1000.0 7797208.0
5000.0 0.0 1.0 16.0 111985294.0 337157.0 0.0 60220000.0 120.0 2.0 1000.0 8117549.0
5100.0 0.0 1.0 16.0 111564031.0 370380.0 0.0 60220000.0 116.0 2.0 1000.0 8505589.0
5200.0 0.0 1.0 16.0 111156419.0 384769.0 0.0 60220000.0 112.0 2.0 1000.0 8898812.0
5300.0 0.0 1.0 15.0 110760157.0 388198.0 0.0 60220000.0 108.0 2.0 1000.0 9291645.0
5400.0 0.0 1.0 15.0 110376778.0 400449.0 0.0 60220000.0 107.0 2.0 1000.0 9662773.0
5500.0 0.0 1.0 15.0 109995846.0 408767.0 0.0 60220000.0 106.0 2.0 1000.0 10035387.0
5600.0 0.0 1.0 15.0 109617772.0 413914.0 0.0 60220000.0 106.0 2.0 1000.0 10408314.0
5700.0 0.0 1.0 15.0 109240806.0 416690.0 0.0 60220000.0 105.0 2.0 1000.0 10782504.0
5800.0 0.0 1.0 15.0 108866159.0 415963.0 0.0 60220000.0 102.0 2.0 1000.0 11157878.0
5900.0 0.0 1.0 15.0 108502366.0 405769.0 0.0 60220000.0 102.0 2.0 1000.0 11531865.0
6000.0 0.0 1.0 15.0 108147839.0 388560.0 0.0 60220000.0 99.0 2.0 1000.0 11903601.0
6100.0 0.0 1.0 15.0 107797868.0 370336.0 0.0 60220000.0 98.0 2.0 1000.0 12271796.0
6200.0 0.0 1.0 14.0 107450848.0 359600.0 0.0 60220000.0 95.0 2.0 1000.0 12629552.0
6300.0 0.0 1.0 14.0 107115072.0 356495.0 0.0 60220000.0 94.0 2.0 1000.0 12968433.0
6400.0 0.0 1.0 14.0 106782897.0 348900.0 0.0 60220000.0 92.0 2.0 1000.0 13308203.0
6500.0 0.0 1.0 14.0 106459253.0 334552.0 0.0 60220000.0 90.0 2.0 1000.0 13646195.0
6600.0 1.0 3.0 17.0 106114809.0 322699.0 0.0 60220000.0 110.0 2.0 1000.0 14002492.0
6700.0 0.0 2.0 19.0 105697715.0 299834.0 0.0 60220000.0 119.0 2.0 1000.0 14442451.0
6800.0 0.0 2.0 19.0 105277642.0 277830.0 0.0 60220000.0 114.0 2.0 1000.0 14884528.0
6900.0 0.0 2.0 19.0 104874717.0 249315.0 0.0 60220000.0 112.0 2.0 1000.0 15315968.0
7000.0 0.0 2.0 19.0 104474233.0 229170.0 0.0 60220000.0 111.0 2.0 1000.0 15736597.0
7100.0 0.0 2.0 18.0 104081832.0 223652.0 0.0 60220000.0 108.0 2.0 1000.0 16134516.0
7200.0 0.0 2.0 17.0 103700455.0 216076.0 0.0 60220000.0 107.0 2.0 1000.0 16523469.0
7300.0 0.0 2.0 17.0 103326656.0 221059.0 0.0 60220000.0 103.0 2.0 1000.0 16892285.0
7400.0 1.0 0.0 18.0 102958792.0 219166.0 0.0 60220000.0 104.0 2.0 1000.0 17262042.0
7500.0 0.0 0.0 21.0 102522562.0 225548.0 0.0 60220000.0 128.0 2.0 1000.0 17691890.0
7600.0 0.0 0.0 21.0 102069431.0 220257.0 0.0 60220000.0 124.0 2.0 1000.0 18150312.0
7700.0 0.0 0.0 21.0 101631399.0 206241.0 0.0 60220000.0 120.0 2.0 1000.0 18602360.0
7800.0 0.0 0.0 21.0 101207706.0 189136.0 0.0 60220000.0 117.0 2.0 1000.0 19043158.0
7900.0 0.0 0.0 20.0 100794544.0 180426.0 0.0 60220000.0 114.0 2.0 1000.0 19465030.0
8000.0 0.0 0.0 20.0 100394100.0 173621.0 0.0 60220000.0 111.0 2.0 1000.0 19872279.0
8100.0 0.0 0.0 20.0 100001169.0 165928.0 0.0 60220000.0 110.0 2.0 1000.0 20272903.0
8200.0 0.0 0.0 20.0 99611225.0 159892.0 0.0 60220000.0 109.0 2.0 1000.0 20668883.0
8300.0 0.0 0.0 20.0 99226659.0 153346.0 0.0 60220000.0 106.0 2.0 1000.0 21059995.0
8400.0 0.0 0.0 20.0 98849436.0 146637.0 0.0 60220000.0 105.0 2.0 1000.0 21443927.0
8500.0 0.0 0.0 20.0 98474995.0 142380.0 0.0 60220000.0 105.0 2.0 1000.0 21822625.0
8600.0 0.0 0.0 19.0 98099021.0 152584.0 0.0 60220000.0 103.0 2.0 1000.0 22188395.0
8700.0 0.0 0.0 19.0 97730317.0 153480.0 0.0 60220000.0 103.0 2.0 1000.0 22556203.0
8800.0 0.0 0.0 18.0 97365007.0 153594.0 0.0 60220000.0 101.0 2.0 1000.0 22921399.0
8900.0 0.0 0.0 18.0 97008721.0 159048.0 0.0 60220000.0 97.0 2.0 1000.0 23272231.0
9000.0 0.0 0.0 17.0 96663569.0 156784.0 0.0 60220000.0 95.0 2.0 1000.0 23619647.0
9100.0 0.0 0.0 17.0 96331256.0 157523.0 0.0 60220000.0 92.0 2.0 1000.0 23951221.0
9200.0 0.0 0.0 17.0 96002239.0 155737.0 0.0 60220000.0 92.0 2.0 1000.0 24282024.0
9300.0 0.0 0.0 17.0 95677155.0 151789.0 0.0 60220000.0 90.0 2.0 1000.0 24611056.0
9400.0 0.0 0.0 17.0 95356302.0 146486.0 0.0 60220000.0 88.0 2.0 1000.0 24937212.0
9500.0 0.0 0.0 16.0 95045995.0 149556.0 0.0 60220000.0 86.0 2.0 1000.0 25244449.0
9600.0 0.0 0.0 16.0 94741758.0 147917.0 0.0 60220000.0 85.0 2.0 1000.0 25550325.0
9700.0 0.0 0.0 16.0 94438286.0 145959.0 0.0 60220000.0 85.0 2.0 1000.0 25855755.0
9800.0 0.0 0.0 16.0 94134048.0 145998.0 0.0 60220000.0 85.0 2.0 1000.0 26159954.0
9900.0 0.0 0.0 16.0 93830426.0 145571.0 0.0 60220000.0 85.0 2.0 1000.0 26464003.0
10000.0 0.0 0.0 16.0 93528647.0 143268.0 0.0 60220000.0 83.0 2.0 1000.0 26768085.0
10100.0 0.0 0.0 15.0 93231827.0 145564.0 0.0 60220000.0 83.0 2.0 1000.0 27062609.0
10200.0 0.0 0.0 15.0 92934962.0 154391.0 0.0 60220000.0 82.0 2.0 1000.0 27350647.0
10300.0 0.0 0.0 15.0 92642184.0 155397.0 0.0 60220000.0 81.0 2.0 1000.0 27642419.0
10400.0 0.0 0.0 15.0 92353281.0 153101.0 0.0 60220000.0 80.0 2.0 1000.0 27933618.0
10500.0 0.0 0.0 15.0 92067492.0 150053.0 0.0 60220000.0 80.0 2.0 1000.0 28222455.0
10600.0 0.0 0.0 15.0 91782666.0 147856.0 0.0 60220000.0 79.0 2.0 1000.0 28509478.0
10700.0 0.0 0.0 15.0 91501689.0 143184.0 0.0 60220000.0 79.0 2.0 1000.0 28795127.0
10800.0 0.0 0.0 15.0 91219728.0 142251.0 0.0 60220000.0 78.0 2.0 1000.0 29078021.0
10900.0 0.0 0.0 14.0 90947715.0 145035.0 0.0 60220000.0 75.0 2.0 1000.0 29347250.0
11000.0 0.0 0.0 14.0 90680629.0 146555.0 0.0 60220000.0 75.0 2.0 1000.0 29612816.0
11100.0 0.0 0.0 13.0 90416998.0 144499.0 0.0 60220000.0 73.0 2.0 1000.0 29878503.0
11200.0 0.0 0.0 13.0 90155887.0 155646.0 0.0 60220000.0 73.0 2.0 1000.0 30128467.0
11300.0 0.0 0.0 13.0 89898402.0 159134.0 0.0 60220000.0 72.0 2.0 1000.0 30382464.0
11400.0 0.0 0.0 13.0 89644117.0 158023.0 0.0 60220000.0 70.0 2.0 1000.0 30637860.0
11500.0 0.0 0.0 13.0 89399036.0 151113.0 0.0 60220000.0 67.0 2.0 1000.0 30889851.0
11600.0 0.0 0.0 13.0 89160100.0 142925.0 0.0 60220000.0 67.0 2.0 1000.0 31136975.0
11700.0 0.0 0.0 13.0 88921400.0 137759.0 0.0 60220000.0 67.0 2.0 1000.0 31380841.0
11800.0 0.0 0.0 13.0 88685787.0 132718.0 0.0 60220000.0 65.0 2.0 1000.0 31621495.0
11900.0 0.0 0.0 12.0 88455500.0 139052.0 0.0 60220000.0 64.0 2.0 1000.0 31845448.0
12000.0 0.0 0.0 12.0 88229623.0 139928.0 0.0 60220000.0 63.0 2.0 1000.0 32070449.0
12100.0 0.0 0.0 12.0 88005164.0 139135.0 0.0 60220000.0 63.0 2.0 1000.0 32295701.0
12200.0 0.0 0.0 12.0 87782739.0 137241.0 0.0 60220000.0 62.0 2.0 1000.0 32520020.0
12300.0 0.0 0.0 12.0 87563392.0 133958.0 0.0 60220000.0 60.0 2.0 1000.0 32742650.0
12400.0 0.0 0.0 11.0 87355501.0 127489.0 0.0 60220000.0 57.0 2.0 1000.0 32957010.0
12500.0 0.0 0.0 11.0 87158591.0 125581.0 0.0 60220000.0 54.0 2.0 1000.0 33155828.0
12600.0 0.0 0.0 11.0 86966301.0 121640.0 0.0 60220000.0 54.0 2.0 1000.0 33352059.0
12700.0 0.0 0.0 11.0 86772983.0 120449.0 0.0 60220000.0 54.0 2.0 1000.0 33546568.0
12800.0 0.0 0.0 11.0 86587357.0 114588.0 0.0 60220000.0 52.0 2.0 1000.0 33738055.0
12900.0 0.0 0.0 11.0 86402150.0 111175.0 0.0 60220000.0 52.0 2.0 1000.0 33926675.0
13000.0 0.0 0.0 11.0 86215400.0 110862.0 0.0 60220000.0 52.0 2.0 1000.0 34113738.0
13100.0 0.0 0.0 10.0 86031019.0 109055.0 0.0 60220000.0 52.0 2.0 1000.0 34299926.0
13200.0 0.0 0.0 10.0 85846940.0 119500.0 0.0 60220000.0 51.0 2.0 1000.0 34473560.0
13300.0 0.0 0.0 10.0 85664107.0 124670.0 0.0 60220000.0 50.0 2.0 1000.0 34651223.0
13400.0 0.0 0.0 10.0 85490996.0 119873.0 0.0 60220000.0 47.0 2.0 1000.0 34829131.0
13500.0 0.0 0.0 10.0 85326299.0 111178.0 0.0 60220000.0 46.0 2.0 1000.0 35002523.0
13600.0 0.0 0.0 10.0 85161981.0 106562.0 0.0 60220000.0 46.0 2.0 1000.0 35171457.0
13700.0 0.0 0.0 10.0 84998932.0 103225.0 0.0 60220000.0 45.0 2.0 1000.0 35337843.0
13800.0 0.0 0.0 10.0 84838460.0 100268.0 0.0 60220000.0 45.0 2.0 1000.0 35501272.0
13900.0 0.0 0.0 10.0 84677650.0 98909.0 0.0 60220000.0 45.0 2.0 1000.0 35663441.0
14000.0 0.0 0.0 10.0 84519975.0 96576.0 0.0 60220000.0 44.0 2.0 1000.0 35823449.0
14100.0 0.0 0.0 10.0 84364289.0 92964.0 0.0 60220000.0 43.0 2.0 1000.0 35982747.0
14200.0 0.0 0.0 10.0 84211198.0 90372.0 0.0 60220000.0 43.0 2.0 1000.0 36138430.0
14300.0 0.0 0.0 10.0 84059238.0 87430.0 0.0 60220000.0 42.0 2.0 1000.0 36293332.0
14400.0 0.0 0.0 10.0 83915369.0 81561.0 0.0 60220000.0 40.0 2.0 1000.0 36443070.0
14500.0 0.0 0.0 10.0 83777207.0 74594.0 0.0 60220000.0 37.0 2.0 1000.0 36588199.0
14600.0 0.0 0.0 10.0 83652440.0 63724.0 0.0 60220000.0 34.0 2.0 1000.0 36723836.0
14700.0 0.0 0.0 8.0 83531870.0 70735.0 0.0 60220000.0 34.0 2.0 1000.0 36837395.0
14800.0 0.0 0.0 8.0 83411545.0 78124.0 0.0 60220000.0 34.0 2.0 1000.0 36950331.0
14900.0 0.0 0.0 8.0 83289948.0 82489.0 0.0 60220000.0 34.0 2.0 1000.0 37067563.0
15000.0 0.0 0.0 8.0 83168568.0 84847.0 0.0 60220000.0 34.0 2.0 1000.0 37186585.0
15100.0 0.0 0.0 8.0 83048104.0 84934.0 0.0 60220000.0 33.0 2.0 1000.0 37306962.0
15200.0 0.0 0.0 8.0 82932702.0 81297.0 0.0 60220000.0 32.0 2.0 1000.0 37426001.0
15300.0 0.0 0.0 8.0 82818310.0 78427.0 0.0 60220000.0 32.0 2.0 1000.0 37543263.0
15400.0 0.0 0.0 8.0 82711561.0 72127.0 0.0 60220000.0 29.0 2.0 1000.0 37656312.0
15500.0 0.0 0.0 8.0 82610859.0 64755.0 0.0 60220000.0 27.0 2.0 1000.0 37764386.0
15600.0 0.0 0.0 8.0 82514545.0 59631.0 0.0 60220000.0 27.0 2.0 1000.0 37865824.0
15700.0 0.0 0.0 8.0 82420913.0 55686.0 0.0 60220000.0 26.0 2.0 1000.0 37963401.0
15800.0 0.0 0.0 8.0 82328209.0 53834.0 0.0 60220000.0 26.0 2.0 1000.0 38057957.0
15900.0 0.0 0.0 8.0 82235593.0 53365.0 0.0 60220000.0 26.0 2.0 1000.0 38151042.0
16000.0 0.0 0.0 8.0 82142654.0 53239.0 0.0 60220000.0 26.0 2.0 1000.0 38244107.0
16100.0 0.0 0.0 8.0 82049884.0 53262.0 0.0 60220000.0 26.0 2.0 1000.0 38336854.0
16200.0 0.0 0.0 8.0 81957852.0 52759.0 0.0 60220000.0 25.0 2.0 1000.0 38429389.0
16300.0 0.0 0.0 8.0 81868328.0 51086.0 0.0 60220000.0 25.0 2.0 1000.0 38520586.0
16400.0 0.0 0.0 8.0 81778634.0 50174.0 0.0 60220000.0 25.0 2.0 1000.0 38611192.0
16500.0 0.0 0.0 8.0 81689627.0 50043.0 0.0 60220000.0 25.0 2.0 1000.0 38700330.0
16600.0 0.0 0.0 8.0 81600141.0 50101.0 0.0 60220000.0 25.0 2.0 1000.0 38789758.0
16700.0 0.0 0.0 8.0 81510409.0 50209.0 0.0 60220000.0 25.0 2.0 1000.0 38879382.0
16800.0 0.0 0.0 8.0 81420311.0 50451.0 0.0 60220000.0 25.0 2.0 1000.0 38969238.0
16900.0 0.0 0.0 7.0 81334557.0 53035.0 0.0 60220000.0 24.0 2.0 1000.0 39052408.0
17000.0 0.0 0.0 7.0 81248770.0 56219.0 0.0 60220000.0 24.0 2.0 1000.0 39135011.0
17100.0 0.0 0.0 7.0 81163084.0 57012.0 0.0 60220000.0 24.0 2.0 1000.0 39219904.0
17200.0 0.0 0.0 7.0 81077697.0 57140.0 0.0 60220000.0 24.0 2.0 1000.0 39305163.0
17300.0 0.0 0.0 6.0 80995803.0 57833.0 0.0 60220000.0 23.0 2.0 1000.0 39386364.0
17400.0 0.0 0.0 6.0 80913736.0 63758.0 0.0 60220000.0 23.0 2.0 1000.0 39462506.0
17500.0 0.0 0.0 6.0 80831741.0 67322.0 0.0 60220000.0 22.0 2.0 1000.0 39540937.0
17600.0 0.0 0.0 6.0 80753093.0 66863.0 0.0 60220000.0 22.0 2.0 1000.0 39620044.0
17700.0 0.0 0.0 6.0 80674511.0 66080.0 0.0 60220000.0 22.0 2.0 1000.0 39699409.0
17800.0 0.0 0.0 6.0 80596324.0 65538.0 0.0 60220000.0 22.0 2.0 1000.0 39778138.0
17900.0 0.0 0.0 5.0 80518570.0 72662.0 0.0 60220000.0 21.0 2.0 1000.0 39848768.0
18000.0 0.0 0.0 5.0 80443095.0 77295.0 0.0 60220000.0 21.0 2.0 1000.0 39919610.0
18100.0 0.0 0.0 5.0 80369477.0 78488.0 0.0 60220000.0 20.0 2.0 1000.0 39992035.0
18200.0 0.0 0.0 5.0 80298421.0 77586.0 0.0 60220000.0 20.0 2.0 1000.0 40063993.0
18300.0 0.0 0.0 3.0 80229897.0 96194.0 0.0 60220000.0 19.0 2.0 1000.0 40113909.0
18400.0 0.0 0.0 3.0 80162331.0 113455.0 0.0 60220000.0 19.0 2.0 1000.0 40164214.0
18500.0 0.0 0.0 3.0 80097041.0 125991.0 0.0 60220000.0 17.0 2.0 1000.0 40216968.0
18600.0 0.0 0.0 3.0 80036553.0 132101.0 0.0 60220000.0 17.0 2.0 1000.0 40271346.0
18700.0 0.0 0.0 3.0 79977061.0 136124.0 0.0 60220000.0 16.0 2.0 1000.0 40326815.0
18800.0 0.0 0.0 3.0 79920034.0 137524.0 0.0 60220000.0 16.0 2.0 1000.0 40382442.0
18900.0 0.0 0.0 3.0 79863116.0 138432.0 0.0 60220000.0 16.0 2.0 1000.0 40438452.0
19000.0 0.0 0.0 3.0 79807970.0 137926.0 0.0 60220000.0 15.0 2.0 1000.0 40494104.0
19100.0 0.0 0.0 3.0 79754828.0 135559.0 0.0 60220000.0 15.0 2.0 1000.0 40549613.0
19200.0 0.0 0.0 3.0 79701192.0 133545.0 0.0 60220000.0 15.0 2.0 1000.0 40605263.0
19300.0 0.0 0.0 3.0 79647443.0 132138.0 0.0 60220000.0 15.0 2.0 1000.0 40660419.0
19400.0 0.0 0.0 3.0 79593906.0 130671.0 0.0 60220000.0 15.0 2.0 1000.0 40715423.0
19500.0 0.0 0.0 3.0 79540014.0 129926.0 0.0 60220000.0 15.0 2.0 1000.0 40770060.0
19600.0 0.0 0.0 3.0 79486309.0 129199.0 0.0 60220000.0 15.0 2.0 1000.0 40824492.0
19700.0 0.0 0.0 3.0 79434030.0 127118.0 0.0 60220000.0 14.0 2.0 1000.0 40878852.0
19800.0 0.0 0.0 3.0 79384039.0 123621.0 0.0 60220000.0 14.0 2.0 1000.0 40932340.0
19900.0 0.0 0.0 3.0 79333586.0 120482.0 0.0 60220000.0 14.0 2.0 1000.0 40985932.0
