time rna_M monomer_betaGal protein_betaGal Lactose_external Lactose_internal Glucose_external Glucose_internal protein_Lactose_Permease dna_Lac_Operon Biomass Lactose_consumed
0.0 0.0 0.0 0.0 120440000.0 0.0 60220000.0 0.0 0.0 2.0 1000.0 0.0
100.0 0.0 0.0 0.0 120440000.0 0.0 30132501.0 30087499.0 0.0 2.0 1000.0 0.0
200.0 0.0 0.0 0.0 120440000.0 0.0 83820.0 60136180.0 0.0 2.0 1000.0 0.0
300.0 0.0 0.0 0.0 120440000.0 0.0 0.0 60220000.0 0.0 2.0 1000.0 0.0
400.0 0.0 0.0 0.0 120440000.0 0.0 0.0 60220000.0 0.0 2.0 1000.0 0.0
500.0 0.0 0.0 0.0 120440000.0 0.0 0.0 60220000.0 0.0 2.0 1000.0 0.0
600.0 0.0 0.0 0.0 120440000.0 0.0 0.0 60220000.0 0.0 2.0 1000.0 0.0
700.0 0.0 0.0 0.0 120440000.0 0.0 0.0 60220000.0 0.0 2.0 1000.0 0.0
800.0 0.0 0.0 0.0 120440000.0 0.0 0.0 60220000.0 0.0 2.0 1000.0 0.0
900.0 0.0 0.0 0.0 120440000.0 0.0 0.0 60220000.0 0.0 2.0 1000.0 0.0
1000.0 0.0 0.0 0.0 120440000.0 0.0 0.0 60220000.0 0.0 2.0 1000.0 0.0
1100.0 0.0 0.0 0.0 120440000.0 0.0 0.0 60220000.0 0.0 2.0 1000.0 0.0
1200.0 0.0 0.0 0.0 120440000.0 0.0 0.0 60220000.0 0.0 2.0 1000.0 0.0
1300.0 0.0 0.0 0.0 120440000.0 0.0 0.0 60220000.0 0.0 2.0 1000.0 0.0
1400.0 0.0 0.0 0.0 120440000.0 0.0 0.0 60220000.0 0.0 2.0 1000.0 0.0
1500.0 0.0 0.0 0.0 120440000.0 0.0 0.0 60220000.0 0.0 2.0 1000.0 0.0
1600.0 0.0 0.0 0.0 120440000.0 0.0 0.0 60220000.0 0.0 2.0 1000.0 0.0
1700.0 0.0 0.0 0.0 120440000.0 0.0 0.0 60220000.0 0.0 2.0 1000.0 0.0
1800.0 0.0 0.0 0.0 120440000.0 0.0 0.0 60220000.0 0.0 2.0 1000.0 0.0
1900.0 0.0 0.0 0.0 120440000.0 0.0 0.0 60220000.0 0.0 2.0 1000.0 0.0
2000.0 0.0 0.0 0.0 120440000.0 0.0 0.0 60220000.0 0.0 2.0 1000.0 0.0
2100.0 0.0 0.0 0.0 120440000.0 0.0 0.0 60220000.0 0.0 2.0 1000.0 0.0
2200.0 0.0 0.0 0.0 120440000.0 0.0 0.0 60220000.0 0.0 2.0 1000.0 0.0
2300.0 0.0 0.0 0.0 120440000.0 0.0 0.0 60220000.0 0.0 2.0 1000.0 0.0
2400.0 0.0 0.0 0.0 120440000.0 0.0 0.0 60220000.0 0.0 2.0 1000.0 0.0
2500.0 0.0 0.0 0.0 120440000.0 0.0 0.0 60220000.0 0.0 2.0 1000.0 0.0
2600.0 0.0 0.0 0.0 120440000.0 0.0 0.0 60220000.0 0.0 2.0 1000.0 0.0
2700.0 0.0 0.0 0.0 120440000.0 0.0 0.0 60220000.0 0.0 2.0 1000.0 0.0
2800.0 0.0 0.0 0.0 120440000.0 0.0 0.0 60220000.0 0.0 2.0 1000.0 0.0
2900.0 0.0 0.0 0.0 120440000.0 0.0 0.0 60220000.0 0.0 2.0 1000.0 0.0
3000.0 0.0 0.0 0.0 120440000.0 0.0 0.0 60220000.0 0.0 2.0 1000.0 0.0
3100.0 0.0 0.0 0.0 120440000.0 0.0 0.0 60220000.0 0.0 2.0 1000.0 0.0
3200.0 0.0 0.0 0.0 120440000.0 0.0 0.0 60220000.0 0.0 2.0 1000.0 0.0
3300.0 0.0 0.0 0.0 120440000.0 0.0 0.0 60220000.0 0.0 2.0 1000.0 0.0
3400.0 0.0 0.0 0.0 120440000.0 0.0 0.0 60220000.0 0.0 2.0 1000.0 0.0
3500.0 0.0 0.0 0.0 120440000.0 0.0 0.0 60220000.0 0.0 2.0 1000.0 0.0
3600.0 0.0 0.0 0.0 120440000.0 0.0 0.0 60220000.0 0.0 2.0 1000.0 0.0
3700.0 0.0 0.0 0.0 120440000.0 0.0 0.0 60220000.0 0.0 2.0 1000.0 0.0
3800.0 0.0 0.0 0.0 120440000.0 0.0 0.0 60220000.0 0.0 2.0 1000.0 0.0
3900.0 0.0 0.0 0.0 120440000.0 0.0 0.0 60220000.0 0.0 2.0 1000.0 0.0
4000.0 0.0 0.0 0.0 120440000.0 0.0 0.0 60220000.0 0.0 2.0 1000.0 0.0
4100.0 0.0 0.0 0.0 120440000.0 0.0 0.0 60220000.0 0.0 2.0 1000.0 0.0
4200.0 0.0 0.0 0.0 120440000.0 0.0 0.0 60220000.0 0.0 2.0 1000.0 0.0
4300.0 0.0 0.0 0.0 120440000.0 0.0 0.0 60220000.0 0.0 2.0 1000.0 0.0
4400.0 0.0 0.0 0.0 120440000.0 0.0 0.0 60220000.0 0.0 2.0 1000.0 0.0
4500.0 0.0 0.0 0.0 120440000.0 0.0 0.0 60220000.0 0.0 2.0 1000.0 0.0
4600.0 0.0 0.0 0.0 120440000.0 0.0 0.0 60220000.0 0.0 2.0 1000.0 0.0
4700.0 0.0 0.0 0.0 120440000.0 0.0 0.0 60220000.0 0.0 2.0 1000.0 0.0
4800.0 0.0 0.0 0.0 120440000.0 0.0 0.0 60220000.0 0.0 2.0 1000.0 0.0
4900.0 0.0 0.0 0.0 120440000.0 0.0 0.0 60220000.0 0.0 2.0 1000.0 0.0
5000.0 0.0 0.0 0.0 120440000.0 0.0 0.0 60220000.0 0.0 2.0 1000.0 0.0
5100.0 0.0 0.0 0.0 120440000.0 0.0 0.0 60220000.0 0.0 2.0 1000.0 0.0
5200.0 0.0 0.0 0.0 120440000.0 0.0 0.0 60220000.0 0.0 2.0 1000.0 0.0
5300.0 0.0 0.0 0.0 120440000.0 0.0 0.0 60220000.0 0.0 2.0 1000.0 0.0
5400.0 0.0 0.0 0.0 120440000.0 0.0 0.0 60220000.0 0.0 2.0 1000.0 0.0
5500.0 0.0 0.0 0.0 120440000.0 0.0 0.0 60220000.0 0.0 2.0 1000.0 0.0
5600.0 0.0 0.0 0.0 120440000.0 0.0 0.0 60220000.0 0.0 2.0 1000.0 0.0
5700.0 0.0 0.0 0.0 120440000.0 0.0 0.0 60220000.0 0.0 2.0 1000.0 0.0
5800.0 0.0 0.0 0.0 120440000.0 0.0 0.0 60220000.0 0.0 2.0 1000.0 0.0
5900.0 0.0 0.0 0.0 120440000.0 0.0 0.0 60220000.0 0.0 2.0 1000.0 0.0
6000.0 0.0 0.0 0.0 120440000.0 0.0 0.0 60220000.0 0.0 2.0 1000.0 0.0
6100.0 0.0 0.0 0.0 120440000.0 0.0 0.0 60220000.0 0.0 2.0 1000.0 0.0
6200.0 1.0 1.0 1.0 120434102.0 5763.0 0.0 60220000.0 9.0 2.0 1000.0 135.0
6300.0 0.0 0.0 3.0 120370812.0 48618.0 0.0 60220000.0 19.0 2.0 1000.0 20570.0
6400.0 0.0 0.0 3.0 120302684.0 78121.0 0.0 60220000.0 19.0 2.0 1000.0 59195.0
6500.0 0.0 0.0 3.0 120234666.0 99766.0 0.0 60220000.0 19.0 2.0 1000.0 105568.0
6600.0 0.0 0.0 3.0 120166727.0 117088.0 0.0 60220000.0 19.0 2.0 1000.0 156185.0
6700.0 0.0 0.0 3.0 120099045.0 131393.0 0.0 60220000.0 19.0 2.0 1000.0 209562.0
6800.0 0.0 0.0 3.0 120034953.0 139768.0 0.0 60220000.0 17.0 2.0 1000.0 265279.0
6900.0 0.0 0.0 3.0 119976415.0 141855.0 0.0 60220000.0 16.0 2.0 1000.0 321730.0
7000.0 0.0 0.0 3.0 119919123.0 142247.0 0.0 60220000.0 16.0 2.0 1000.0 378630.0
7100.0 1.0 3.0 5.0 119854951.0 142799.0 0.0 60220000.0 27.0 2.0 1000.0 442250.0
7200.0 0.0 3.0 5.0 119758223.0 144760.0 0.0 60220000.0 27.0 2.0 1000.0 537017.0
7300.0 0.0 3.0 5.0 119672121.0 136916.0 0.0 60220000.0 22.0 2.0 1000.0 630963.0
7400.0 0.0 3.0 5.0 119593621.0 124282.0 0.0 60220000.0 22.0 2.0 1000.0 722097.0
7500.0 0.0 3.0 5.0 119514844.0 115562.0 0.0 60220000.0 22.0 2.0 1000.0 809594.0
7600.0 0.0 3.0 5.0 119436497.0 108540.0 0.0 60220000.0 22.0 2.0 1000.0 894963.0
7700.0 0.0 3.0 5.0 119357708.0 103717.0 0.0 60220000.0 22.0 2.0 1000.0 978575.0
7800.0 0.0 3.0 4.0 119278938.0 108440.0 0.0 60220000.0 22.0 2.0 1000.0 1052622.0
7900.0 0.0 3.0 4.0 119200159.0 118410.0 0.0 60220000.0 22.0 2.0 1000.0 1121431.0
8000.0 0.0 3.0 4.0 119121144.0 126430.0 0.0 60220000.0 22.0 2.0 1000.0 1192426.0
8100.0 0.0 3.0 4.0 119042362.0 132595.0 0.0 60220000.0 22.0 2.0 1000.0 1265043.0
8200.0 0.0 3.0 4.0 118963793.0 137342.0 0.0 60220000.0 22.0 2.0 1000.0 1338865.0
8300.0 0.0 3.0 4.0 118884974.0 141196.0 0.0 60220000.0 22.0 2.0 1000.0 1413830.0
8400.0 0.0 3.0 4.0 118806556.0 143928.0 0.0 60220000.0 21.0 2.0 1000.0 1489516.0
8500.0 0.0 3.0 3.0 118732506.0 150027.0 0.0 60220000.0 20.0 2.0 1000.0 1557467.0
8600.0 0.0 3.0 3.0 118660863.0 162816.0 0.0 60220000.0 20.0 2.0 1000.0 1616321.0
8700.0 0.0 3.0 3.0 118592133.0 171641.0 0.0 60220000.0 19.0 2.0 1000.0 1676226.0
8800.0 0.0 3.0 3.0 118524707.0 177991.0 0.0 60220000.0 18.0 2.0 1000.0 1737302.0
8900.0 0.0 3.0 3.0 118459922.0 181917.0 0.0 60220000.0 18.0 2.0 1000.0 1798161.0
9000.0 0.0 3.0 3.0 118395758.0 184242.0 0.0 60220000.0 18.0 2.0 1000.0 1860000.0
9100.0 0.0 3.0 3.0 118335075.0 183262.0 0.0 60220000.0 17.0 2.0 1000.0 1921663.0
9200.0 0.0 3.0 3.0 118274352.0 182190.0 0.0 60220000.0 17.0 2.0 1000.0 1983458.0
9300.0 0.0 3.0 3.0 118213243.0 181632.0 0.0 60220000.0 17.0 2.0 1000.0 2045125.0
9400.0 0.0 3.0 3.0 118152402.0 180987.0 0.0 60220000.0 17.0 2.0 1000.0 2106611.0
9500.0 0.0 3.0 3.0 118091934.0 179966.0 0.0 60220000.0 17.0 2.0 1000.0 2168100.0
9600.0 0.0 3.0 3.0 118031056.0 179231.0 0.0 60220000.0 17.0 2.0 1000.0 2229713.0
9700.0 0.0 3.0 3.0 117970065.0 179351.0 0.0 60220000.0 17.0 2.0 1000.0 2290584.0
9800.0 0.0 3.0 3.0 117912501.0 175682.0 0.0 60220000.0 15.0 2.0 1000.0 2351817.0
9900.0 0.0 3.0 3.0 117858571.0 169337.0 0.0 60220000.0 15.0 2.0 1000.0 2412092.0
10000.0 0.0 3.0 3.0 117804860.0 163366.0 0.0 60220000.0 15.0 2.0 1000.0 2471774.0
10100.0 0.0 3.0 3.0 117751253.0 158057.0 0.0 60220000.0 15.0 2.0 1000.0 2530690.0
10200.0 0.0 3.0 3.0 117697609.0 153388.0 0.0 60220000.0 15.0 2.0 1000.0 2589003.0
10300.0 0.0 3.0 3.0 117643982.0 149436.0 0.0 60220000.0 15.0 2.0 1000.0 2646582.0
10400.0 0.0 3.0 3.0 117590953.0 145329.0 0.0 60220000.0 13.0 2.0 1000.0 2703718.0
10500.0 0.0 3.0 3.0 117548252.0 132053.0 0.0 60220000.0 12.0 2.0 1000.0 2759695.0
10600.0 0.0 3.0 3.0 117505224.0 121427.0 0.0 60220000.0 12.0 2.0 1000.0 2813349.0
10700.0 0.0 3.0 3.0 117462110.0 112129.0 0.0 60220000.0 12.0 2.0 1000.0 2865761.0
10800.0 0.0 3.0 3.0 117418824.0 104566.0 0.0 60220000.0 12.0 2.0 1000.0 2916610.0
10900.0 0.0 3.0 3.0 117376006.0 98163.0 0.0 60220000.0 12.0 2.0 1000.0 2965831.0
11000.0 0.0 1.0 4.0 117301314.0 110780.0 0.0 60220000.0 23.0 2.0 1000.0 3027906.0
11100.0 0.0 1.0 3.0 117218632.0 127800.0 0.0 60220000.0 23.0 2.0 1000.0 3093568.0
11200.0 0.0 1.0 3.0 117136558.0 153451.0 0.0 60220000.0 23.0 2.0 1000.0 3149991.0
11300.0 0.0 1.0 3.0 117056166.0 174408.0 0.0 60220000.0 22.0 2.0 1000.0 3209426.0
11400.0 0.0 1.0 3.0 116977651.0 191149.0 0.0 60220000.0 22.0 2.0 1000.0 3271200.0
11500.0 0.0 1.0 3.0 116898767.0 206647.0 0.0 60220000.0 22.0 2.0 1000.0 3334586.0
11600.0 0.0 1.0 3.0 116820105.0 220945.0 0.0 60220000.0 22.0 2.0 1000.0 3398950.0
11700.0 0.0 1.0 3.0 116741707.0 233651.0 0.0 60220000.0 22.0 2.0 1000.0 3464642.0
11800.0 0.0 1.0 3.0 116663393.0 245041.0 0.0 60220000.0 22.0 2.0 1000.0 3531566.0
11900.0 0.0 1.0 3.0 116587592.0 253631.0 0.0 60220000.0 20.0 2.0 1000.0 3598777.0
12000.0 0.0 1.0 3.0 116515708.0 257605.0 0.0 60220000.0 20.0 2.0 1000.0 3666687.0
12100.0 0.0 1.0 3.0 116444100.0 261353.0 0.0 60220000.0 20.0 2.0 1000.0 3734547.0
12200.0 0.0 1.0 3.0 116372345.0 264439.0 0.0 60220000.0 20.0 2.0 1000.0 3803216.0
12300.0 0.0 1.0 3.0 116304411.0 264768.0 0.0 60220000.0 19.0 2.0 1000.0 3870821.0
12400.0 0.0 1.0 3.0 116236599.0 264398.0 0.0 60220000.0 19.0 2.0 1000.0 3939003.0
12500.0 0.0 1.0 3.0 116168916.0 263796.0 0.0 60220000.0 19.0 2.0 1000.0 4007288.0
12600.0 0.0 1.0 3.0 116101140.0 263442.0 0.0 60220000.0 19.0 2.0 1000.0 4075418.0
12700.0 0.0 1.0 3.0 116036118.0 260182.0 0.0 60220000.0 18.0 2.0 1000.0 4143700.0
12800.0 0.0 1.0 3.0 115971763.0 256611.0 0.0 60220000.0 18.0 2.0 1000.0 4211626.0
12900.0 0.0 1.0 3.0 115907574.0 253320.0 0.0 60220000.0 18.0 2.0 1000.0 4279106.0
13000.0 0.0 1.0 3.0 115843185.0 250627.0 0.0 60220000.0 18.0 2.0 1000.0 4346188.0
13100.0 0.0 1.0 3.0 115778615.0 247598.0 0.0 60220000.0 18.0 2.0 1000.0 4413787.0
13200.0 0.0 1.0 3.0 115714047.0 245332.0 0.0 60220000.0 18.0 2.0 1000.0 4480621.0
13300.0 0.0 1.0 3.0 115656607.0 236226.0 0.0 60220000.0 15.0 2.0 1000.0 4547167.0
13400.0 0.0 1.0 2.0 115604981.0 240048.0 0.0 60220000.0 14.0 2.0 1000.0 4594971.0
13500.0 0.0 1.0 2.0 115555145.0 245616.0 0.0 60220000.0 14.0 2.0 1000.0 4639239.0
13600.0 0.0 1.0 2.0 115508332.0 247683.0 0.0 60220000.0 13.0 2.0 1000.0 4683985.0
13700.0 0.0 1.0 2.0 115465211.0 246251.0 0.0 60220000.0 12.0 2.0 1000.0 4728538.0
13800.0 0.0 1.0 2.0 115422080.0 244671.0 0.0 60220000.0 12.0 2.0 1000.0 4773249.0
13900.0 0.0 1.0 2.0 115378998.0 243662.0 0.0 60220000.0 12.0 2.0 1000.0 4817340.0
14000.0 0.0 1.0 2.0 115336759.0 241043.0 0.0 60220000.0 11.0 2.0 1000.0 4862198.0
14100.0 0.0 1.0 2.0 115297547.0 236355.0 0.0 60220000.0 11.0 2.0 1000.0 4906098.0
14200.0 0.0 1.0 2.0 115258168.0 232078.0 0.0 60220000.0 11.0 2.0 1000.0 4949754.0
14300.0 0.0 1.0 2.0 115218731.0 227712.0 0.0 60220000.0 11.0 2.0 1000.0 4993557.0
14400.0 0.0 1.0 2.0 115179388.0 223503.0 0.0 60220000.0 11.0 2.0 1000.0 5037109.0
14500.0 0.0 1.0 2.0 115140044.0 219550.0 0.0 60220000.0 11.0 2.0 1000.0 5080406.0
14600.0 0.0 1.0 2.0 115100415.0 215713.0 0.0 60220000.0 11.0 2.0 1000.0 5123872.0
14700.0 0.0 1.0 2.0 115060820.0 211897.0 0.0 60220000.0 11.0 2.0 1000.0 5167283.0
14800.0 0.0 1.0 2.0 115030208.0 199961.0 0.0 60220000.0 8.0 2.0 1000.0 5209831.0
14900.0 0.0 1.0 2.0 115001746.0 186908.0 0.0 60220000.0 8.0 2.0 1000.0 5251346.0
15000.0 1.0 2.0 3.0 114946271.0 195953.0 0.0 60220000.0 30.0 2.0 1000.0 5297776.0
15100.0 1.0 1.0 7.0 114777700.0 253965.0 0.0 60220000.0 67.0 2.0 1000.0 5408335.0
15200.0 1.0 2.0 10.0 114466651.0 365087.0 0.0 60220000.0 102.0 2.0 1000.0 5608262.0
15300.0 1.0 3.0 13.0 114044246.0 497258.0 0.0 60220000.0 132.0 2.0 1000.0 5898496.0
15400.0 0.0 0.0 14.0 113561354.0 618017.0 0.0 60220000.0 135.0 2.0 1000.0 6260629.0
15500.0 0.0 0.0 14.0 113090193.0 717008.0 0.0 60220000.0 129.0 2.0 1000.0 6632799.0
15600.0 0.0 0.0 14.0 112630048.0 798932.0 0.0 60220000.0 129.0 2.0 1000.0 7011020.0
15700.0 0.0 0.0 14.0 112173850.0 873011.0 0.0 60220000.0 128.0 2.0 1000.0 7393139.0
15800.0 0.0 0.0 14.0 111717279.0 945886.0 0.0 60220000.0 128.0 2.0 1000.0 7776835.0
15900.0 0.0 0.0 14.0 111262804.0 1014297.0 0.0 60220000.0 126.0 2.0 1000.0 8162899.0
16000.0 0.0 0.0 14.0 110818555.0 1069430.0 0.0 60220000.0 124.0 2.0 1000.0 8552015.0
16100.0 0.0 0.0 13.0 110380785.0 1143202.0 0.0 60220000.0 122.0 2.0 1000.0 8916013.0
16200.0 0.0 0.0 13.0 109953898.0 1205681.0 0.0 60220000.0 119.0 2.0 1000.0 9280421.0
16300.0 0.0 0.0 13.0 109531177.0 1263641.0 0.0 60220000.0 118.0 2.0 1000.0 9645182.0
16400.0 0.0 0.0 12.0 109116048.0 1318775.0 0.0 60220000.0 115.0 2.0 1000.0 10005177.0
16500.0 0.0 0.0 12.0 108714979.0 1380586.0 0.0 60220000.0 111.0 2.0 1000.0 10344435.0
16600.0 0.0 0.0 12.0 108327868.0 1427859.0 0.0 60220000.0 108.0 2.0 1000.0 10684273.0
16700.0 0.0 0.0 12.0 107951957.0 1462811.0 0.0 60220000.0 104.0 2.0 1000.0 11025232.0
16800.0 0.0 0.0 12.0 107584043.0 1489355.0 0.0 60220000.0 103.0 2.0 1000.0 11366602.0
16900.0 0.0 0.0 12.0 107224315.0 1508252.0 0.0 60220000.0 101.0 2.0 1000.0 11707433.0
17000.0 0.0 0.0 12.0 106865358.0 1525657.0 0.0 60220000.0 101.0 2.0 1000.0 12048985.0
17100.0 0.0 0.0 12.0 106509565.0 1539856.0 0.0 60220000.0 99.0 2.0 1000.0 12390579.0
17200.0 0.0 0.0 12.0 106161573.0 1546650.0 0.0 60220000.0 97.0 2.0 1000.0 12731777.0
17300.0 0.0 0.0 12.0 105812912.0 1552410.0 0.0 60220000.0 101.0 2.0 1000.0 13074678.0
17400.0 0.0 0.0 12.0 105459951.0 1564063.0 0.0 60220000.0 98.0 2.0 1000.0 13415986.0
17500.0 0.0 0.0 10.0 105110799.0 1599701.0 0.0 60220000.0 97.0 2.0 1000.0 13729500.0
17600.0 0.0 0.0 9.0 104767594.0 1675900.0 0.0 60220000.0 95.0 2.0 1000.0 13996506.0
17700.0 0.0 0.0 8.0 104434907.0 1767613.0 0.0 60220000.0 93.0 2.0 1000.0 14237480.0
17800.0 0.0 0.0 8.0 104104327.0 1868183.0 0.0 60220000.0 93.0 2.0 1000.0 14467490.0
17900.0 0.0 0.0 8.0 103773541.0 1969314.0 0.0 60220000.0 93.0 2.0 1000.0 14697145.0
18000.0 0.0 0.0 8.0 103444496.0 2067427.0 0.0 60220000.0 92.0 2.0 1000.0 14928077.0
18100.0 2.0 3.0 10.0 103090865.0 2178576.0 0.0 60220000.0 124.0 2.0 1000.0 15170559.0
18200.0 2.0 2.0 16.0 102542450.0 2346322.0 0.0 60220000.0 180.0 2.0 1000.0 15551228.0
18300.0 1.0 1.0 20.0 101847138.0 2489479.0 0.0 60220000.0 206.0 2.0 1000.0 16103383.0
18400.0 0.0 2.0 21.0 101098479.0 2635649.0 0.0 60220000.0 212.0 2.0 1000.0 16705872.0
18500.0 0.0 2.0 21.0 100352224.0 2771085.0 0.0 60220000.0 209.0 2.0 1000.0 17316691.0
18600.0 0.0 2.0 19.0 99621658.0 2912580.0 0.0 60220000.0 204.0 2.0 1000.0 17905762.0
18700.0 0.0 2.0 19.0 98899755.0 3080308.0 0.0 60220000.0 203.0 2.0 1000.0 18459937.0
18800.0 0.0 2.0 19.0 98182214.0 3243079.0 0.0 60220000.0 202.0 2.0 1000.0 19014707.0
18900.0 1.0 1.0 21.0 97445477.0 3413005.0 0.0 60220000.0 222.0 2.0 1000.0 19581518.0
19000.0 1.0 0.0 25.0 96595104.0 3594559.0 0.0 60220000.0 254.0 2.0 1000.0 20250337.0
19100.0 0.0 0.0 24.0 95695065.0 3763184.0 0.0 60220000.0 254.0 2.0 1000.0 20981751.0
19200.0 1.0 3.0 25.0 94788219.0 3964174.0 0.0 60220000.0 271.0 2.0 1000.0 21687607.0
19300.0 0.0 1.0 28.0 93810155.0 4138104.0 0.0 60220000.0 277.0 2.0 1000.0 22491741.0
19400.0 0.0 1.0 26.0 92833878.0 4313625.0 0.0 60220000.0 275.0 2.0 1000.0 23292497.0
19500.0 0.0 1.0 26.0 91867340.0 4513869.0 0.0 60220000.0 270.0 2.0 1000.0 24058791.0
19600.0 0.0 1.0 26.0 90923857.0 4690787.0 0.0 60220000.0 262.0 2.0 1000.0 24825356.0
19700.0 0.0 1.0 26.0 90009971.0 4836780.0 0.0 60220000.0 257.0 2.0 1000.0 25593249.0
19800.0 1.0 2.0 26.0 89105532.0 4975157.0 0.0 60220000.0 256.0 2.0 1000.0 26359311.0
19900.0 1.0 3.0 29.0 88170148.0 5082821.0 0.0 60220000.0 273.0 2.0 1000.0 27187031.0
