time rna_M monomer_betaGal protein_betaGal Lactose_external Lactose_internal Glucose_external Glucose_internal protein_Lactose_Permease dna_Lac_Operon Biomass Lactose_consumed
0.0 0.0 0.0 0.0 120440000.0 0.0 60220000.0 0.0 0.0 2.0 1000.0 0.0
100.0 0.0 0.0 0.0 120440000.0 0.0 30137197.0 30082803.0 0.0 2.0 1000.0 0.0
200.0 0.0 0.0 0.0 120440000.0 0.0 87099.0 60132901.0 0.0 2.0 1000.0 0.0
300.0 0.0 0.0 0.0 120440000.0 0.0 0.0 60220000.0 0.0 2.0 1000.0 0.0
400.0 0.0 0.0 0.0 120440000.0 0.0 0.0 60220000.0 0.0 2.0 1000.0 0.0
500.0 0.0 0.0 0.0 120440000.0 0.0 0.0 60220000.0 0.0 2.0 1000.0 0.0
600.0 0.0 0.0 0.0 120440000.0 0.0 0.0 60220000.0 0.0 2.0 1000.0 0.0
700.0 0.0 0.0 0.0 120440000.0 0.0 0.0 60220000.0 0.0 2.0 1000.0 0.0
800.0 0.0 0.0 0.0 120440000.0 0.0 0.0 60220000.0 0.0 2.0 1000.0 0.0
900.0 0.0 0.0 0.0 120440000.0 0.0 0.0 60220000.0 0.0 2.0 1000.0 0.0
1000.0 0.0 0.0 0.0 120440000.0 0.0 0.0 60220000.0 0.0 2.0 1000.0 0.0
1100.0 0.0 0.0 0.0 120440000.0 0.0 0.0 60220000.0 0.0 2.0 1000.0 0.0
1200.0 0.0 0.0 0.0 120440000.0 0.0 0.0 60220000.0 0.0 2.0 1000.0 0.0
1300.0 0.0 0.0 0.0 120440000.0 0.0 0.0 60220000.0 0.0 2.0 1000.0 0.0
1400.0 0.0 0.0 0.0 120440000.0 0.0 0.0 60220000.0 0.0 2.0 1000.0 0.0
1500.0 0.0 0.0 0.0 120440000.0 0.0 0.0 60220000.0 0.0 2.0 1000.0 0.0
1600.0 0.0 0.0 0.0 120440000.0 0.0 0.0 60220000.0 0.0 2.0 1000.0 0.0
1700.0 0.0 0.0 0.0 120440000.0 0.0 0.0 60220000.0 0.0 2.0 1000.0 0.0
1800.0 0.0 0.0 0.0 120440000.0 0.0 0.0 60220000.0 0.0 2.0 1000.0 0.0
1900.0 0.0 0.0 0.0 120440000.0 0.0 0.0 60220000.0 0.0 2.0 1000.0 0.0
2000.0 0.0 0.0 0.0 120440000.0 0.0 0.0 60220000.0 0.0 2.0 1000.0 0.0
2100.0 0.0 0.0 0.0 120440000.0 0.0 0.0 60220000.0 0.0 2.0 1000.0 0.0
2200.0 0.0 0.0 0.0 120440000.0 0.0 0.0 60220000.0 0.0 2.0 1000.0 0.0
2300.0 0.0 0.0 0.0 120440000.0 0.0 0.0 60220000.0 0.0 2.0 1000.0 0.0
2400.0 0.0 0.0 0.0 120440000.0 0.0 0.0 60220000.0 0.0 2.0 1000.0 0.0
2500.0 0.0 0.0 0.0 120440000.0 0.0 0.0 60220000.0 0.0 2.0 1000.0 0.0
2600.0 0.0 0.0 0.0 120440000.0 0.0 0.0 60220000.0 0.0 2.0 1000.0 0.0
2700.0 0.0 0.0 0.0 120440000.0 0.0 0.0 60220000.0 0.0 2.0 1000.0 0.0
2800.0 0.0 0.0 0.0 120440000.0 0.0 0.0 60220000.0 0.0 2.0 1000.0 0.0
2900.0 0.0 0.0 0.0 120440000.0 0.0 0.0 60220000.0 0.0 2.0 1000.0 0.0
3000.0 1.0 2.0 0.0 120435953.0 4047.0 0.0 60220000.0 9.0 2.0 1000.0 0.0
3100.0 0.0 0.0 1.0 120370481.0 61915.0 0.0 60220000.0 20.0 2.0 1000.0 7604.0
3200.0 0.0 0.0 0.0 120299219.0 124532.0 0.0 60220000.0 20.0 2.0 1000.0 16249.0
3300.0 0.0 0.0 0.0 120227471.0 196280.0 0.0 60220000.0 20.0 2.0 1000.0 16249.0
3400.0 0.0 0.0 0.0 120156342.0 267409.0 0.0 60220000.0 20.0 2.0 1000.0 16249.0
3500.0 0.0 0.0 0.0 120085592.0 338159.0 0.0 60220000.0 19.0 2.0 1000.0 16249.0
3600.0 1.0 2.0 1.0 120004949.0 411915.0 0.0 60220000.0 35.0 2.0 1000.0 23136.0
3700.0 0.0 0.0 2.0 119849741.0 520423.0 0.0 60220000.0 44.0 2.0 1000.0 69836.0
3800.0 0.0 0.0 2.0 119694422.0 623459.0 0.0 60220000.0 43.0 2.0 1000.0 122119.0
3900.0 0.0 0.0 2.0 119540962.0 723507.0 0.0 60220000.0 43.0 2.0 1000.0 175531.0
4000.0 0.0 0.0 2.0 119387934.0 822603.0 0.0 60220000.0 42.0 2.0 1000.0 229463.0
4100.0 0.0 0.0 2.0 119237447.0 918639.0 0.0 60220000.0 42.0 2.0 1000.0 283914.0
4200.0 0.0 0.0 2.0 119089702.0 1011345.0 0.0 60220000.0 41.0 2.0 1000.0 338953.0
4300.0 0.0 0.0 2.0 118943348.0 1102030.0 0.0 60220000.0 41.0 2.0 1000.0 394622.0
4400.0 0.0 0.0 2.0 118796727.0 1192400.0 0.0 60220000.0 41.0 2.0 1000.0 450873.0
4500.0 0.0 0.0 2.0 118652384.0 1280749.0 0.0 60220000.0 40.0 2.0 1000.0 506867.0
4600.0 0.0 0.0 2.0 118513186.0 1363817.0 0.0 60220000.0 39.0 2.0 1000.0 562997.0
4700.0 0.0 0.0 2.0 118376188.0 1443899.0 0.0 60220000.0 37.0 2.0 1000.0 619913.0
4800.0 0.0 0.0 2.0 118244654.0 1518760.0 0.0 60220000.0 37.0 2.0 1000.0 676586.0
4900.0 0.0 0.0 2.0 118113023.0 1593532.0 0.0 60220000.0 37.0 2.0 1000.0 733445.0
5000.0 0.0 0.0 2.0 117981979.0 1667187.0 0.0 60220000.0 36.0 2.0 1000.0 790834.0
5100.0 0.0 0.0 2.0 117859244.0 1732696.0 0.0 60220000.0 34.0 2.0 1000.0 848060.0
5200.0 0.0 0.0 2.0 117740927.0 1794026.0 0.0 60220000.0 33.0 2.0 1000.0 905047.0
5300.0 0.0 0.0 2.0 117623745.0 1853811.0 0.0 60220000.0 33.0 2.0 1000.0 962444.0
5400.0 0.0 0.0 2.0 117509693.0 1910784.0 0.0 60220000.0 32.0 2.0 1000.0 1019523.0
5500.0 0.0 0.0 2.0 117398161.0 1964754.0 0.0 60220000.0 31.0 2.0 1000.0 1077085.0
5600.0 0.0 0.0 2.0 117290859.0 2014303.0 0.0 60220000.0 29.0 2.0 1000.0 1134838.0
5700.0 0.0 0.0 2.0 117187805.0 2059384.0 0.0 60220000.0 29.0 2.0 1000.0 1192811.0
5800.0 0.0 0.0 2.0 117084567.0 2104887.0 0.0 60220000.0 29.0 2.0 1000.0 1250546.0
5900.0 0.0 0.0 2.0 116981886.0 2149914.0 0.0 60220000.0 29.0 2.0 1000.0 1308200.0
6000.0 0.0 0.0 2.0 116881697.0 2192484.0 0.0 60220000.0 28.0 2.0 1000.0 1365819.0
6100.0 1.0 0.0 2.0 116784645.0 2231420.0 0.0 60220000.0 30.0 2.0 1000.0 1423935.0
6200.0 1.0 0.0 6.0 116630433.0 2303957.0 0.0 60220000.0 59.0 2.0 1000.0 1505610.0
6300.0 1.0 1.0 10.0 116353775.0 2356160.0 0.0 60220000.0 104.0 2.0 1000.0 1730065.0
6400.0 0.0 3.0 10.0 115963843.0 2453805.0 0.0 60220000.0 112.0 2.0 1000.0 2022352.0
6500.0 0.0 3.0 10.0 115567998.0 2560185.0 0.0 60220000.0 111.0 2.0 1000.0 2311817.0
6600.0 0.0 0.0 12.0 115148788.0 2647432.0 0.0 60220000.0 121.0 2.0 1000.0 2643780.0
6700.0 1.0 1.0 14.0 114708455.0 2721387.0 0.0 60220000.0 135.0 2.0 1000.0 3010158.0
6800.0 1.0 3.0 17.0 114168170.0 2806645.0 0.0 60220000.0 167.0 2.0 1000.0 3465185.0
6900.0 0.0 0.0 19.0 113524489.0 2905443.0 0.0 60220000.0 183.0 2.0 1000.0 4010068.0
7000.0 0.0 0.0 18.0 112875461.0 3016810.0 0.0 60220000.0 182.0 2.0 1000.0 4547729.0
7100.0 0.0 0.0 18.0 112231209.0 3135932.0 0.0 60220000.0 180.0 2.0 1000.0 5072859.0
7200.0 0.0 0.0 18.0 111600414.0 3240986.0 0.0 60220000.0 177.0 2.0 1000.0 5598600.0
7300.0 0.0 0.0 17.0 110978618.0 3348081.0 0.0 60220000.0 174.0 2.0 1000.0 6113301.0
7400.0 0.0 0.0 17.0 110366282.0 3463050.0 0.0 60220000.0 172.0 2.0 1000.0 6610668.0
7500.0 1.0 1.0 17.0 109758799.0 3571576.0 0.0 60220000.0 177.0 2.0 1000.0 7109625.0
7600.0 0.0 2.0 18.0 109111350.0 3695769.0 0.0 60220000.0 182.0 2.0 1000.0 7632881.0
7700.0 0.0 2.0 18.0 108475493.0 3803190.0 0.0 60220000.0 177.0 2.0 1000.0 8161317.0
7800.0 0.0 2.0 18.0 107850775.0 3900417.0 0.0 60220000.0 176.0 2.0 1000.0 8688808.0
7900.0 0.0 2.0 18.0 107234516.0 3987827.0 0.0 60220000.0 171.0 2.0 1000.0 9217657.0
8000.0 0.0 2.0 18.0 106643010.0 4050334.0 0.0 60220000.0 165.0 2.0 1000.0 9746656.0
8100.0 0.0 2.0 18.0 106076617.0 4087581.0 0.0 60220000.0 159.0 2.0 1000.0 10275802.0
8200.0 0.0 2.0 17.0 105521488.0 4130403.0 0.0 60220000.0 156.0 2.0 1000.0 10788109.0
8300.0 0.0 2.0 17.0 104973389.0 4177900.0 0.0 60220000.0 154.0 2.0 1000.0 11288711.0
8400.0 0.0 2.0 16.0 104435054.0 4231920.0 0.0 60220000.0 151.0 2.0 1000.0 11773026.0
8500.0 1.0 3.0 16.0 103891385.0 4305392.0 0.0 60220000.0 171.0 2.0 1000.0 12243223.0
8600.0 1.0 2.0 20.0 103237926.0 4428855.0 0.0 60220000.0 201.0 2.0 1000.0 12773219.0
8700.0 2.0 3.0 23.0 102477104.0 4545120.0 0.0 60220000.0 234.0 2.0 1000.0 13417776.0
8800.0 2.0 3.0 29.0 101590088.0 4670658.0 0.0 60220000.0 271.0 2.0 1000.0 14179254.0
8900.0 1.0 0.0 34.0 100526842.0 4808678.0 0.0 60220000.0 318.0 2.0 1000.0 15104480.0
9000.0 0.0 0.0 37.0 99375047.0 4895347.0 0.0 60220000.0 324.0 2.0 1000.0 16169606.0
9100.0 0.0 0.0 37.0 98238084.0 4942180.0 0.0 60220000.0 321.0 2.0 1000.0 17259736.0
9200.0 0.0 0.0 36.0 97109774.0 4994088.0 0.0 60220000.0 317.0 2.0 1000.0 18336138.0
9300.0 1.0 0.0 35.0 95990127.0 5099464.0 0.0 60220000.0 326.0 2.0 1000.0 19350409.0
9400.0 2.0 2.0 43.0 94728955.0 5240946.0 0.0 60220000.0 390.0 2.0 1000.0 20470099.0
9500.0 1.0 0.0 46.0 93312635.0 5351250.0 0.0 60220000.0 414.0 2.0 1000.0 21776115.0
9600.0 1.0 1.0 46.0 91871941.0 5433499.0 0.0 60220000.0 405.0 2.0 1000.0 23134560.0
9700.0 0.0 0.0 48.0 90402615.0 5533693.0 0.0 60220000.0 419.0 2.0 1000.0 24503692.0
9800.0 0.0 0.0 47.0 88932785.0 5598933.0 0.0 60220000.0 414.0 2.0 1000.0 25908282.0
9900.0 0.0 0.0 46.0 87491015.0 5665361.0 0.0 60220000.0 406.0 2.0 1000.0 27283624.0
10000.0 0.0 0.0 46.0 86073807.0 5721976.0 0.0 60220000.0 399.0 2.0 1000.0 28644217.0
10100.0 0.0 0.0 45.0 84675851.0 5767497.0 0.0 60220000.0 393.0 2.0 1000.0 29996652.0
10200.0 0.0 1.0 45.0 83285930.0 5826781.0 0.0 60220000.0 395.0 2.0 1000.0 31327289.0
10300.0 0.0 1.0 45.0 81900801.0 5882687.0 0.0 60220000.0 390.0 2.0 1000.0 32656512.0
10400.0 1.0 2.0 45.0 80531114.0 5922710.0 0.0 60220000.0 388.0 2.0 1000.0 33986176.0
10500.0 1.0 2.0 49.0 79081700.0 5989977.0 0.0 60220000.0 430.0 2.0 1000.0 35368323.0
10600.0 1.0 0.0 54.0 77519302.0 6036167.0 0.0 60220000.0 454.0 2.0 1000.0 36884531.0
10700.0 3.0 0.0 64.0 75835698.0 6020001.0 0.0 60220000.0 516.0 2.0 1000.0 38584301.0
10800.0 1.0 2.0 68.0 73918535.0 5978374.0 0.0 60220000.0 558.0 2.0 1000.0 40543091.0
10900.0 1.0 0.0 75.0 71868817.0 5908093.0 0.0 60220000.0 600.0 2.0 1000.0 42663090.0
11000.0 1.0 0.0 77.0 69711689.0 5800787.0 0.0 60220000.0 630.0 2.0 1000.0 44927524.0
11100.0 1.0 1.0 81.0 67452240.0 5740419.0 0.0 60220000.0 653.0 2.0 1000.0 47247341.0
11200.0 2.0 0.0 85.0 65096948.0 5660124.0 0.0 60220000.0 684.0 2.0 1000.0 49682928.0
11300.0 0.0 3.0 88.0 62620566.0 5544812.0 0.0 60220000.0 707.0 2.0 1000.0 52274622.0
11400.0 0.0 3.0 87.0 60145571.0 5427527.0 0.0 60220000.0 696.0 2.0 1000.0 54866902.0
11500.0 1.0 2.0 89.0 57709768.0 5289222.0 0.0 60220000.0 694.0 2.0 1000.0 57441010.0
11600.0 1.0 1.0 93.0 55219218.0 5087155.0 0.0 60220000.0 715.0 2.0 1000.0 60133627.0
11700.0 0.0 0.0 93.0 52677360.0 4886774.0 0.0 60220000.0 713.0 2.0 1000.0 62875866.0
11800.0 1.0 1.0 95.0 50160147.0 4649677.0 0.0 60220000.0 722.0 2.0 1000.0 65630176.0
11900.0 1.0 2.0 98.0 47564699.0 4387116.0 0.0 60220000.0 746.0 2.0 1000.0 68488185.0
12000.0 0.0 3.0 95.0 44955416.0 4189186.0 0.0 60220000.0 736.0 2.0 1000.0 71295398.0
12100.0 1.0 1.0 96.0 42362699.0 3980426.0 0.0 60220000.0 741.0 2.0 1000.0 74096875.0
12200.0 3.0 1.0 101.0 39691121.0 3796081.0 0.0 60220000.0 788.0 2.0 1000.0 76952798.0
12300.0 4.0 0.0 113.0 36769098.0 3590804.0 0.0 60220000.0 877.0 2.0 1000.0 80080098.0
12400.0 2.0 3.0 122.0 33482328.0 3418517.0 0.0 60220000.0 963.0 2.0 1000.0 83539155.0
12500.0 0.0 0.0 123.0 30066328.0 3224106.0 0.0 60220000.0 957.0 2.0 1000.0 87149566.0
12600.0 0.0 0.0 121.0 26724580.0 3007100.0 0.0 60220000.0 941.0 2.0 1000.0 90708320.0
12700.0 0.0 0.0 119.0 23432355.0 2804211.0 0.0 60220000.0 928.0 2.0 1000.0 94203434.0
12800.0 1.0 1.0 119.0 20176139.0 2614419.0 0.0 60220000.0 922.0 2.0 1000.0 97649442.0
12900.0 1.0 2.0 121.0 16892642.0 2418087.0 0.0 60220000.0 942.0 2.0 1000.0 101129271.0
13000.0 1.0 1.0 122.0 13561902.0 2207727.0 0.0 60220000.0 953.0 2.0 1000.0 104670371.0
13100.0 1.0 0.0 125.0 10169361.0 2041124.0 0.0 60220000.0 982.0 2.0 1000.0 108229515.0
13200.0 0.0 0.0 124.0 6733723.0 1889503.0 0.0 60220000.0 976.0 2.0 1000.0 111816774.0
13300.0 0.0 0.0 123.0 3399033.0 1687980.0 0.0 60220000.0 960.0 2.0 1000.0 115352987.0
13400.0 0.0 0.0 121.0 355627.0 1270829.0 0.0 60220000.0 947.0 2.0 1000.0 118813544.0
13500.0 0.0 0.0 119.0 0.0 0.0 0.0 60220000.0 934.0 2.0 1000.0 120440000.0
13600.0 0.0 0.0 117.0 0.0 0.0 0.0 60220000.0 920.0 2.0 1000.0 120440000.0
13700.0 0.0 2.0 115.0 0.0 0.0 0.0 60220000.0 920.0 2.0 1000.0 120440000.0
13800.0 0.0 2.0 114.0 0.0 0.0 0.0 60220000.0 904.0 2.0 1000.0 120440000.0
13900.0 0.0 2.0 114.0 0.0 0.0 0.0 60220000.0 890.0 2.0 1000.0 120440000.0
14000.0 0.0 2.0 112.0 0.0 0.0 0.0 60220000.0 876.0 2.0 1000.0 120440000.0
14100.0 0.0 2.0 109.0 0.0 0.0 0.0 60220000.0 868.0 2.0 1000.0 120440000.0
14200.0 0.0 2.0 103.0 0.0 0.0 0.0 60220000.0 855.0 2.0 1000.0 120440000.0
14300.0 0.0 2.0 100.0 0.0 0.0 0.0 60220000.0 844.0 2.0 1000.0 120440000.0
14400.0 0.0 2.0 99.0 0.0 0.0 0.0 60220000.0 829.0 2.0 1000.0 120440000.0
14500.0 0.0 2.0 97.0 0.0 0.0 0.0 60220000.0 825.0 2.0 1000.0 120440000.0
14600.0 0.0 2.0 96.0 0.0 0.0 0.0 60220000.0 813.0 2.0 1000.0 120440000.0
14700.0 0.0 2.0 95.0 0.0 0.0 0.0 60220000.0 794.0 2.0 1000.0 120440000.0
14800.0 0.0 2.0 94.0 0.0 0.0 0.0 60220000.0 783.0 2.0 1000.0 120440000.0
14900.0 0.0 2.0 92.0 0.0 0.0 0.0 60220000.0 772.0 2.0 1000.0 120440000.0
15000.0 0.0 2.0 91.0 0.0 0.0 0.0 60220000.0 763.0 2.0 1000.0 120440000.0
15100.0 0.0 2.0 91.0 0.0 0.0 0.0 60220000.0 747.0 2.0 1000.0 120440000.0
15200.0 0.0 2.0 90.0 0.0 0.0 0.0 60220000.0 739.0 2.0 1000.0 120440000.0
15300.0 0.0 2.0 90.0 0.0 0.0 0.0 60220000.0 729.0 2.0 1000.0 120440000.0
15400.0 0.0 2.0 88.0 0.0 0.0 0.0 60220000.0 716.0 2.0 1000.0 120440000.0
15500.0 1.0 3.0 90.0 0.0 0.0 0.0 60220000.0 723.0 2.0 1000.0 120440000.0
15600.0 1.0 3.0 92.0 0.0 0.0 0.0 60220000.0 744.0 2.0 1000.0 120440000.0
15700.0 0.0 0.0 93.0 0.0 0.0 0.0 60220000.0 741.0 2.0 1000.0 120440000.0
15800.0 0.0 0.0 93.0 0.0 0.0 0.0 60220000.0 730.0 2.0 1000.0 120440000.0
15900.0 0.0 0.0 93.0 0.0 0.0 0.0 60220000.0 713.0 2.0 1000.0 120440000.0
16000.0 0.0 0.0 89.0 0.0 0.0 0.0 60220000.0 708.0 2.0 1000.0 120440000.0
16100.0 0.0 0.0 87.0 0.0 0.0 0.0 60220000.0 695.0 2.0 1000.0 120440000.0
16200.0 0.0 0.0 87.0 0.0 0.0 0.0 60220000.0 686.0 2.0 1000.0 120440000.0
16300.0 0.0 0.0 87.0 0.0 0.0 0.0 60220000.0 677.0 2.0 1000.0 120440000.0
16400.0 0.0 0.0 85.0 0.0 0.0 0.0 60220000.0 667.0 2.0 1000.0 120440000.0
16500.0 0.0 0.0 82.0 0.0 0.0 0.0 60220000.0 657.0 2.0 1000.0 120440000.0
16600.0 0.0 0.0 82.0 0.0 0.0 0.0 60220000.0 648.0 2.0 1000.0 120440000.0
16700.0 0.0 0.0 81.0 0.0 0.0 0.0 60220000.0 635.0 2.0 1000.0 120440000.0
16800.0 0.0 0.0 77.0 0.0 0.0 0.0 60220000.0 622.0 2.0 1000.0 120440000.0
16900.0 0.0 0.0 76.0 0.0 0.0 0.0 60220000.0 603.0 2.0 1000.0 120440000.0
17000.0 0.0 0.0 74.0 0.0 0.0 0.0 60220000.0 593.0 2.0 1000.0 120440000.0
17100.0 0.0 0.0 73.0 0.0 0.0 0.0 60220000.0 583.0 2.0 1000.0 120440000.0
17200.0 0.0 0.0 72.0 0.0 0.0 0.0 60220000.0 570.0 2.0 1000.0 120440000.0
17300.0 0.0 0.0 70.0 0.0 0.0 0.0 60220000.0 559.0 2.0 1000.0 120440000.0
17400.0 0.0 0.0 68.0 0.0 0.0 0.0 60220000.0 545.0 2.0 1000.0 120440000.0
17500.0 0.0 0.0 68.0 0.0 0.0 0.0 60220000.0 536.0 2.0 1000.0 120440000.0
17600.0 0.0 0.0 66.0 0.0 0.0 0.0 60220000.0 530.0 2.0 1000.0 120440000.0
17700.0 0.0 0.0 66.0 0.0 0.0 0.0 60220000.0 515.0 2.0 1000.0 120440000.0
17800.0 0.0 0.0 63.0 0.0 0.0 0.0 60220000.0 508.0 2.0 1000.0 120440000.0
17900.0 0.0 0.0 63.0 0.0 0.0 0.0 60220000.0 494.0 2.0 1000.0 120440000.0
18000.0 0.0 0.0 61.0 0.0 0.0 0.0 60220000.0 489.0 2.0 1000.0 120440000.0
18100.0 0.0 0.0 59.0 0.0 0.0 0.0 60220000.0 479.0 2.0 1000.0 120440000.0
18200.0 0.0 0.0 59.0 0.0 0.0 0.0 60220000.0 469.0 2.0 1000.0 120440000.0
18300.0 0.0 0.0 57.0 0.0 0.0 0.0 60220000.0 463.0 2.0 1000.0 120440000.0
18400.0 0.0 0.0 57.0 0.0 0.0 0.0 60220000.0 455.0 2.0 1000.0 120440000.0
18500.0 0.0 0.0 57.0 0.0 0.0 0.0 60220000.0 451.0 2.0 1000.0 120440000.0
18600.0 1.0 1.0 59.0 0.0 0.0 0.0 60220000.0 456.0 2.0 1000.0 120440000.0
18700.0 1.0 3.0 61.0 0.0 0.0 0.0 60220000.0 474.0 2.0 1000.0 120440000.0
18800.0 1.0 2.0 66.0 0.0 0.0 0.0 60220000.0 498.0 2.0 1000.0 120440000.0
18900.0 0.0 3.0 69.0 0.0 0.0 0.0 60220000.0 520.0 2.0 1000.0 120440000.0
19000.0 0.0 3.0 68.0 0.0 0.0 0.0 60220000.0 509.0 2.0 1000.0 120440000.0
19100.0 0.0 3.0 67.0 0.0 0.0 0.0 60220000.0 500.0 2.0 1000.0 120440000.0
19200.0 0.0 3.0 66.0 0.0 0.0 0.0 60220000.0 488.0 2.0 1000.0 120440000.0
19300.0 0.0 3.0 63.0 0.0 0.0 0.0 60220000.0 484.0 2.0 1000.0 120440000.0
19400.0 0.0 3.0 61.0 0.0 0.0 0.0 60220000.0 478.0 2.0 1000.0 120440000.0
19500.0 0.0 3.0 58.0 0.0 0.0 0.0 60220000.0 471.0 2.0 1000.0 120440000.0
19600.0 0.0 3.0 58.0 0.0 0.0 0.0 60220000.0 461.0 2.0 1000.0 120440000.0
19700.0 0.0 3.0 58.0 0.0 0.0 0.0 60220000.0 455.0 2.0 1000.0 120440000.0
19800.0 0.0 3.0 57.0 0.0 0.0 0.0 60220000.0 451.0 2.0 1000.0 120440000.0
19900.0 0.0 3.0 57.0 0.0 0.0 0.0 60220000.0 442.0 2.0 1000.0 120440000.0
