time rna_M monomer_betaGal protein_betaGal Lactose_external Lactose_internal Glucose_external Glucose_internal protein_Lactose_Permease dna_Lac_Operon Biomass Lactose_consumed
0.0 0.0 0.0 0.0 120440000.0 0.0 60220000.0 0.0 0.0 2.0 1000.0 0.0
100.0 0.0 0.0 0.0 120440000.0 0.0 30128156.0 30091844.0 0.0 2.0 1000.0 0.0
200.0 0.0 0.0 0.0 120440000.0 0.0 86690.0 60133310.0 0.0 2.0 1000.0 0.0
300.0 0.0 0.0 0.0 120440000.0 0.0 0.0 60220000.0 0.0 2.0 1000.0 0.0
400.0 0.0 0.0 0.0 120440000.0 0.0 0.0 60220000.0 0.0 2.0 1000.0 0.0
500.0 0.0 0.0 0.0 120440000.0 0.0 0.0 60220000.0 0.0 2.0 1000.0 0.0
600.0 0.0 0.0 0.0 120440000.0 0.0 0.0 60220000.0 0.0 2.0 1000.0 0.0
700.0 0.0 0.0 0.0 120440000.0 0.0 0.0 60220000.0 0.0 2.0 1000.0 0.0
800.0 0.0 0.0 0.0 120440000.0 0.0 0.0 60220000.0 0.0 2.0 1000.0 0.0
900.0 0.0 0.0 0.0 120440000.0 0.0 0.0 60220000.0 0.0 2.0 1000.0 0.0
1000.0 0.0 0.0 0.0 120440000.0 0.0 0.0 60220000.0 0.0 2.0 1000.0 0.0
1100.0 0.0 0.0 0.0 120440000.0 0.0 0.0 60220000.0 0.0 2.0 1000.0 0.0
1200.0 0.0 0.0 0.0 120440000.0 0.0 0.0 60220000.0 0.0 2.0 1000.0 0.0
1300.0 0.0 0.0 0.0 120440000.0 0.0 0.0 60220000.0 0.0 2.0 1000.0 0.0
1400.0 0.0 0.0 0.0 120440000.0 0.0 0.0 60220000.0 0.0 2.0 1000.0 0.0
1500.0 0.0 0.0 0.0 120440000.0 0.0 0.0 60220000.0 0.0 2.0 1000.0 0.0
1600.0 0.0 0.0 0.0 120440000.0 0.0 0.0 60220000.0 0.0 2.0 1000.0 0.0
1700.0 0.0 0.0 0.0 120440000.0 0.0 0.0 60220000.0 0.0 2.0 1000.0 0.0
1800.0 0.0 0.0 0.0 120440000.0 0.0 0.0 60220000.0 0.0 2.0 1000.0 0.0
1900.0 0.0 0.0 0.0 120440000.0 0.0 0.0 60220000.0 0.0 2.0 1000.0 0.0
2000.0 0.0 0.0 0.0 120440000.0 0.0 0.0 60220000.0 0.0 2.0 1000.0 0.0
2100.0 0.0 0.0 0.0 120440000.0 0.0 0.0 60220000.0 0.0 2.0 1000.0 0.0
2200.0 0.0 0.0 0.0 120440000.0 0.0 0.0 60220000.0 0.0 2.0 1000.0 0.0
2300.0 0.0 0.0 0.0 120440000.0 0.0 0.0 60220000.0 0.0 2.0 1000.0 0.0
2400.0 0.0 0.0 0.0 120440000.0 0.0 0.0 60220000.0 0.0 2.0 1000.0 0.0
2500.0 0.0 0.0 0.0 120440000.0 0.0 0.0 60220000.0 0.0 2.0 1000.0 0.0
2600.0 0.0 0.0 0.0 120440000.0 0.0 0.0 60220000.0 0.0 2.0 1000.0 0.0
2700.0 0.0 0.0 0.0 120440000.0 0.0 0.0 60220000.0 0.0 2.0 1000.0 0.0
2800.0 0.0 0.0 0.0 120440000.0 0.0 0.0 60220000.0 0.0 2.0 1000.0 0.0
2900.0 0.0 0.0 0.0 120440000.0 0.0 0.0 60220000.0 0.0 2.0 1000.0 0.0
3000.0 0.0 0.0 0.0 120440000.0 0.0 0.0 60220000.0 0.0 2.0 1000.0 0.0
3100.0 0.0 0.0 0.0 120440000.0 0.0 0.0 60220000.0 0.0 2.0 1000.0 0.0
3200.0 0.0 0.0 0.0 120440000.0 0.0 0.0 60220000.0 0.0 2.0 1000.0 0.0
3300.0 0.0 0.0 0.0 120440000.0 0.0 0.0 60220000.0 0.0 2.0 1000.0 0.0
3400.0 0.0 0.0 0.0 120440000.0 0.0 0.0 60220000.0 0.0 2.0 1000.0 0.0
3500.0 0.0 0.0 0.0 120440000.0 0.0 0.0 60220000.0 0.0 2.0 1000.0 0.0
3600.0 0.0 0.0 0.0 120440000.0 0.0 0.0 60220000.0 0.0 2.0 1000.0 0.0
3700.0 0.0 0.0 0.0 120440000.0 0.0 0.0 60220000.0 0.0 2.0 1000.0 0.0
3800.0 0.0 0.0 0.0 120440000.0 0.0 0.0 60220000.0 0.0 2.0 1000.0 0.0
3900.0 0.0 0.0 0.0 120440000.0 0.0 0.0 60220000.0 0.0 2.0 1000.0 0.0
4000.0 0.0 0.0 0.0 120440000.0 0.0 0.0 60220000.0 0.0 2.0 1000.0 0.0
4100.0 0.0 0.0 0.0 120440000.0 0.0 0.0 60220000.0 0.0 2.0 1000.0 0.0
4200.0 0.0 0.0 0.0 120440000.0 0.0 0.0 60220000.0 0.0 2.0 1000.0 0.0
4300.0 0.0 0.0 0.0 120440000.0 0.0 0.0 60220000.0 0.0 2.0 1000.0 0.0
4400.0 0.0 0.0 0.0 120440000.0 0.0 0.0 60220000.0 0.0 2.0 1000.0 0.0
4500.0 0.0 0.0 0.0 120440000.0 0.0 0.0 60220000.0 0.0 2.0 1000.0 0.0
4600.0 0.0 0.0 0.0 120440000.0 0.0 0.0 60220000.0 0.0 2.0 1000.0 0.0
4700.0 0.0 1.0 1.0 120392608.0 44026.0 0.0 60220000.0 22.0 2.0 1000.0 3366.0
4800.0 0.0 1.0 1.0 120313822.0 108549.0 0.0 60220000.0 22.0 2.0 1000.0 17629.0
4900.0 0.0 1.0 1.0 120235387.0 168424.0 0.0 60220000.0 22.0 2.0 1000.0 36189.0
5000.0 0.0 1.0 1.0 120156939.0 226157.0 0.0 60220000.0 22.0 2.0 1000.0 56904.0
5100.0 0.0 1.0 1.0 120078675.0 282003.0 0.0 60220000.0 22.0 2.0 1000.0 79322.0
5200.0 0.0 1.0 1.0 120004760.0 332358.0 0.0 60220000.0 20.0 2.0 1000.0 102882.0
5300.0 0.0 1.0 1.0 119933255.0 379430.0 0.0 60220000.0 20.0 2.0 1000.0 127315.0
5400.0 0.0 1.0 1.0 119861890.0 425662.0 0.0 60220000.0 20.0 2.0 1000.0 152448.0
5500.0 0.0 1.0 1.0 119790392.0 472319.0 0.0 60220000.0 20.0 2.0 1000.0 177289.0
5600.0 0.0 1.0 1.0 119718785.0 518281.0 0.0 60220000.0 20.0 2.0 1000.0 202934.0
5700.0 0.0 1.0 1.0 119647405.0 563839.0 0.0 60220000.0 20.0 2.0 1000.0 228756.0
5800.0 1.0 1.0 3.0 119561297.0 615522.0 0.0 60220000.0 38.0 2.0 1000.0 263181.0
5900.0 0.0 2.0 6.0 119359863.0 692944.0 0.0 60220000.0 65.0 2.0 1000.0 387193.0
6000.0 0.0 2.0 6.0 119128227.0 762975.0 0.0 60220000.0 64.0 2.0 1000.0 548798.0
6100.0 0.0 2.0 6.0 118902626.0 826069.0 0.0 60220000.0 62.0 2.0 1000.0 711305.0
6200.0 0.0 2.0 6.0 118682162.0 882434.0 0.0 60220000.0 62.0 2.0 1000.0 875404.0
6300.0 0.0 2.0 6.0 118460825.0 939414.0 0.0 60220000.0 62.0 2.0 1000.0 1039761.0
6400.0 0.0 2.0 6.0 118240568.0 994252.0 0.0 60220000.0 62.0 2.0 1000.0 1205180.0
6500.0 0.0 2.0 6.0 118021869.0 1046428.0 0.0 60220000.0 61.0 2.0 1000.0 1371703.0
6600.0 0.0 2.0 6.0 117804951.0 1096457.0 0.0 60220000.0 60.0 2.0 1000.0 1538592.0
6700.0 0.0 2.0 6.0 117591600.0 1141605.0 0.0 60220000.0 60.0 2.0 1000.0 1706795.0
6800.0 0.0 2.0 5.0 117381202.0 1185419.0 0.0 60220000.0 58.0 2.0 1000.0 1873379.0
6900.0 0.0 2.0 5.0 117173832.0 1252323.0 0.0 60220000.0 58.0 2.0 1000.0 2013845.0
7000.0 0.0 2.0 5.0 116967081.0 1318254.0 0.0 60220000.0 58.0 2.0 1000.0 2154665.0
7100.0 0.0 2.0 5.0 116760597.0 1382986.0 0.0 60220000.0 58.0 2.0 1000.0 2296417.0
7200.0 0.0 2.0 5.0 116556483.0 1445819.0 0.0 60220000.0 57.0 2.0 1000.0 2437698.0
7300.0 0.0 2.0 5.0 116353354.0 1507363.0 0.0 60220000.0 57.0 2.0 1000.0 2579283.0
7400.0 0.0 2.0 5.0 116150435.0 1568369.0 0.0 60220000.0 57.0 2.0 1000.0 2721196.0
7500.0 0.0 2.0 5.0 115951613.0 1624348.0 0.0 60220000.0 56.0 2.0 1000.0 2864039.0
7600.0 0.0 2.0 5.0 115754909.0 1677913.0 0.0 60220000.0 54.0 2.0 1000.0 3007178.0
7700.0 0.0 2.0 5.0 115565689.0 1724261.0 0.0 60220000.0 53.0 2.0 1000.0 3150050.0
7800.0 0.0 2.0 4.0 115376939.0 1795503.0 0.0 60220000.0 53.0 2.0 1000.0 3267558.0
7900.0 0.0 2.0 4.0 115190205.0 1867191.0 0.0 60220000.0 52.0 2.0 1000.0 3382604.0
8000.0 0.0 2.0 4.0 115005784.0 1936375.0 0.0 60220000.0 52.0 2.0 1000.0 3497841.0
8100.0 0.0 2.0 3.0 114820786.0 2020816.0 0.0 60220000.0 52.0 2.0 1000.0 3598398.0
8200.0 0.0 2.0 3.0 114635810.0 2119274.0 0.0 60220000.0 52.0 2.0 1000.0 3684916.0
8300.0 0.0 2.0 3.0 114454611.0 2214239.0 0.0 60220000.0 49.0 2.0 1000.0 3771150.0
8400.0 1.0 0.0 6.0 114223250.0 2318317.0 0.0 60220000.0 79.0 2.0 1000.0 3898433.0
8500.0 0.0 1.0 6.0 113939279.0 2428275.0 0.0 60220000.0 79.0 2.0 1000.0 4072446.0
8600.0 0.0 1.0 6.0 113661270.0 2532621.0 0.0 60220000.0 78.0 2.0 1000.0 4246109.0
8700.0 1.0 0.0 6.0 113384331.0 2635936.0 0.0 60220000.0 80.0 2.0 1000.0 4419733.0
8800.0 0.0 1.0 7.0 113036479.0 2790301.0 0.0 60220000.0 103.0 2.0 1000.0 4613220.0
8900.0 0.0 1.0 7.0 112676497.0 2946540.0 0.0 60220000.0 100.0 2.0 1000.0 4816963.0
9000.0 2.0 0.0 8.0 112317803.0 3099724.0 0.0 60220000.0 113.0 2.0 1000.0 5022473.0
9100.0 2.0 1.0 17.0 111807437.0 3245747.0 0.0 60220000.0 177.0 2.0 1000.0 5386816.0
9200.0 1.0 0.0 22.0 111076550.0 3407862.0 0.0 60220000.0 227.0 2.0 1000.0 5955588.0
9300.0 0.0 3.0 25.0 110196676.0 3595993.0 0.0 60220000.0 260.0 2.0 1000.0 6647331.0
9400.0 0.0 3.0 25.0 109288767.0 3769787.0 0.0 60220000.0 255.0 2.0 1000.0 7381446.0
9500.0 0.0 3.0 25.0 108389775.0 3935162.0 0.0 60220000.0 253.0 2.0 1000.0 8115063.0
9600.0 0.0 3.0 25.0 107500479.0 4090274.0 0.0 60220000.0 250.0 2.0 1000.0 8849247.0
9700.0 0.0 3.0 25.0 106619594.0 4235954.0 0.0 60220000.0 245.0 2.0 1000.0 9584452.0
9800.0 0.0 3.0 25.0 105762227.0 4358597.0 0.0 60220000.0 240.0 2.0 1000.0 10319176.0
9900.0 0.0 3.0 27.0 104861802.0 4477743.0 0.0 60220000.0 261.0 2.0 1000.0 11100455.0
10000.0 1.0 0.0 28.0 103944793.0 4597715.0 0.0 60220000.0 260.0 2.0 1000.0 11897492.0
10100.0 1.0 3.0 33.0 102922854.0 4720233.0 0.0 60220000.0 315.0 2.0 1000.0 12796913.0
10200.0 0.0 1.0 34.0 101809319.0 4831625.0 0.0 60220000.0 313.0 2.0 1000.0 13799056.0
10300.0 0.0 1.0 35.0 100696872.0 4952470.0 0.0 60220000.0 328.0 2.0 1000.0 14790658.0
10400.0 1.0 1.0 38.0 99528664.0 5069793.0 0.0 60220000.0 341.0 2.0 1000.0 15841543.0
10500.0 0.0 1.0 38.0 98309457.0 5172173.0 0.0 60220000.0 343.0 2.0 1000.0 16958370.0
10600.0 2.0 0.0 41.0 97093790.0 5258980.0 0.0 60220000.0 359.0 2.0 1000.0 18087230.0
10700.0 2.0 2.0 46.0 95742623.0 5336954.0 0.0 60220000.0 404.0 2.0 1000.0 19360423.0
10800.0 0.0 1.0 50.0 94266460.0 5370009.0 0.0 60220000.0 425.0 2.0 1000.0 20803531.0
10900.0 1.0 3.0 50.0 92761842.0 5402457.0 0.0 60220000.0 434.0 2.0 1000.0 22275701.0
11000.0 2.0 3.0 57.0 91166439.0 5424627.0 0.0 60220000.0 483.0 2.0 1000.0 23848934.0
11100.0 2.0 0.0 66.0 89382368.0 5413946.0 0.0 60220000.0 527.0 2.0 1000.0 25643686.0
11200.0 0.0 2.0 69.0 87454010.0 5332287.0 0.0 60220000.0 552.0 2.0 1000.0 27653703.0
11300.0 2.0 3.0 70.0 85516592.0 5236863.0 0.0 60220000.0 548.0 2.0 1000.0 29686545.0
11400.0 2.0 0.0 77.0 83513013.0 5058391.0 0.0 60220000.0 587.0 2.0 1000.0 31868596.0
11500.0 5.0 3.0 83.0 81303333.0 4908264.0 0.0 60220000.0 674.0 2.0 1000.0 34228403.0
11600.0 2.0 1.0 96.0 78689130.0 4854202.0 0.0 60220000.0 784.0 2.0 1000.0 36896668.0
11700.0 2.0 3.0 101.0 75820732.0 4793719.0 0.0 60220000.0 847.0 2.0 1000.0 39825549.0
11800.0 1.0 3.0 104.0 72789974.0 4782377.0 0.0 60220000.0 868.0 2.0 1000.0 42867649.0
11900.0 1.0 0.0 107.0 69672653.0 4821331.0 0.0 60220000.0 895.0 2.0 1000.0 45946016.0
12000.0 1.0 1.0 112.0 66456135.0 4805096.0 0.0 60220000.0 934.0 2.0 1000.0 49178769.0
12100.0 0.0 1.0 106.0 63182167.0 4873917.0 0.0 60220000.0 914.0 2.0 1000.0 52383916.0
12200.0 0.0 1.0 104.0 59976559.0 4968404.0 0.0 60220000.0 899.0 2.0 1000.0 55495037.0
12300.0 0.0 1.0 103.0 56821898.0 5054361.0 0.0 60220000.0 886.0 2.0 1000.0 58563741.0
12400.0 1.0 0.0 104.0 53713313.0 5120965.0 0.0 60220000.0 889.0 2.0 1000.0 61605722.0
12500.0 0.0 0.0 104.0 50572180.0 5161003.0 0.0 60220000.0 884.0 2.0 1000.0 64706817.0
12600.0 1.0 1.0 108.0 47426426.0 5177863.0 0.0 60220000.0 900.0 2.0 1000.0 67835711.0
12700.0 1.0 2.0 109.0 44235428.0 5147804.0 0.0 60220000.0 915.0 2.0 1000.0 71056768.0
12800.0 3.0 2.0 114.0 40940032.0 5170731.0 0.0 60220000.0 966.0 2.0 1000.0 74329237.0
12900.0 2.0 3.0 121.0 37369999.0 5311186.0 0.0 60220000.0 1051.0 2.0 1000.0 77758815.0
13000.0 2.0 3.0 127.0 33612681.0 5378376.0 0.0 60220000.0 1082.0 2.0 1000.0 81448943.0
13100.0 2.0 1.0 129.0 29698920.0 5521610.0 0.0 60220000.0 1137.0 2.0 1000.0 85219470.0
13200.0 1.0 1.0 127.0 25694962.0 5740986.0 0.0 60220000.0 1136.0 2.0 1000.0 89004052.0
13300.0 1.0 3.0 130.0 21726588.0 5899736.0 0.0 60220000.0 1137.0 2.0 1000.0 92813676.0
13400.0 0.0 0.0 130.0 17767651.0 6002658.0 0.0 60220000.0 1117.0 2.0 1000.0 96669691.0
13500.0 1.0 3.0 130.0 13884766.0 6061124.0 0.0 60220000.0 1112.0 2.0 1000.0 100494110.0
13600.0 3.0 1.0 139.0 9890945.0 6090676.0 0.0 60220000.0 1197.0 2.0 1000.0 104458379.0
13700.0 1.0 2.0 143.0 5681410.0 6121008.0 0.0 60220000.0 1237.0 2.0 1000.0 108637582.0
13800.0 1.0 0.0 147.0 1525321.0 5966426.0 0.0 60220000.0 1236.0 2.0 1000.0 112948253.0
13900.0 0.0 0.0 146.0 1460.0 3166822.0 0.0 60220000.0 1233.0 2.0 1000.0 117271718.0
14000.0 0.0 0.0 141.0 0.0 2.0 0.0 60220000.0 1205.0 2.0 1000.0 120439998.0
14100.0 0.0 0.0 139.0 0.0 0.0 0.0 60220000.0 1195.0 2.0 1000.0 120440000.0
14200.0 0.0 0.0 139.0 0.0 0.0 0.0 60220000.0 1172.0 2.0 1000.0 120440000.0
14300.0 0.0 0.0 138.0 0.0 0.0 0.0 60220000.0 1149.0 2.0 1000.0 120440000.0
14400.0 0.0 0.0 138.0 0.0 0.0 0.0 60220000.0 1131.0 2.0 1000.0 120440000.0
14500.0 0.0 0.0 134.0 0.0 0.0 0.0 60220000.0 1116.0 2.0 1000.0 120440000.0
14600.0 0.0 0.0 130.0 0.0 0.0 0.0 60220000.0 1098.0 2.0 1000.0 120440000.0
14700.0 0.0 0.0 125.0 0.0 0.0 0.0 60220000.0 1088.0 2.0 1000.0 120440000.0
14800.0 0.0 0.0 124.0 0.0 0.0 0.0 60220000.0 1069.0 2.0 1000.0 120440000.0
14900.0 0.0 0.0 121.0 0.0 0.0 0.0 60220000.0 1050.0 2.0 1000.0 120440000.0
15000.0 0.0 0.0 114.0 0.0 0.0 0.0 60220000.0 1032.0 2.0 1000.0 120440000.0
15100.0 0.0 0.0 114.0 0.0 0.0 0.0 60220000.0 1013.0 2.0 1000.0 120440000.0
15200.0 0.0 0.0 114.0 0.0 0.0 0.0 60220000.0 991.0 2.0 1000.0 120440000.0
15300.0 0.0 0.0 111.0 0.0 0.0 0.0 60220000.0 979.0 2.0 1000.0 120440000.0
15400.0 0.0 0.0 108.0 0.0 0.0 0.0 60220000.0 966.0 2.0 1000.0 120440000.0
15500.0 0.0 0.0 106.0 0.0 0.0 0.0 60220000.0 951.0 2.0 1000.0 120440000.0
15600.0 0.0 0.0 104.0 0.0 0.0 0.0 60220000.0 944.0 2.0 1000.0 120440000.0
15700.0 0.0 0.0 101.0 0.0 0.0 0.0 60220000.0 930.0 2.0 1000.0 120440000.0
15800.0 0.0 0.0 98.0 0.0 0.0 0.0 60220000.0 903.0 2.0 1000.0 120440000.0
15900.0 0.0 0.0 96.0 0.0 0.0 0.0 60220000.0 898.0 2.0 1000.0 120440000.0
16000.0 0.0 0.0 92.0 0.0 0.0 0.0 60220000.0 884.0 2.0 1000.0 120440000.0
16100.0 0.0 0.0 88.0 0.0 0.0 0.0 60220000.0 871.0 2.0 1000.0 120440000.0
16200.0 0.0 0.0 85.0 0.0 0.0 0.0 60220000.0 861.0 2.0 1000.0 120440000.0
16300.0 0.0 0.0 85.0 0.0 0.0 0.0 60220000.0 844.0 2.0 1000.0 120440000.0
16400.0 0.0 0.0 83.0 0.0 0.0 0.0 60220000.0 831.0 2.0 1000.0 120440000.0
16500.0 0.0 0.0 80.0 0.0 0.0 0.0 60220000.0 808.0 2.0 1000.0 120440000.0
16600.0 0.0 0.0 80.0 0.0 0.0 0.0 60220000.0 792.0 2.0 1000.0 120440000.0
16700.0 0.0 0.0 79.0 0.0 0.0 0.0 60220000.0 776.0 2.0 1000.0 120440000.0
16800.0 0.0 0.0 78.0 0.0 0.0 0.0 60220000.0 761.0 2.0 1000.0 120440000.0
16900.0 0.0 0.0 77.0 0.0 0.0 0.0 60220000.0 750.0 2.0 1000.0 120440000.0
17000.0 0.0 0.0 76.0 0.0 0.0 0.0 60220000.0 739.0 2.0 1000.0 120440000.0
17100.0 0.0 0.0 74.0 0.0 0.0 0.0 60220000.0 727.0 2.0 1000.0 120440000.0
17200.0 0.0 0.0 73.0 0.0 0.0 0.0 60220000.0 710.0 2.0 1000.0 120440000.0
17300.0 0.0 0.0 71.0 0.0 0.0 0.0 60220000.0 699.0 2.0 1000.0 120440000.0
17400.0 0.0 0.0 71.0 0.0 0.0 0.0 60220000.0 692.0 2.0 1000.0 120440000.0
17500.0 0.0 0.0 71.0 0.0 0.0 0.0 60220000.0 684.0 2.0 1000.0 120440000.0
17600.0 0.0 0.0 71.0 0.0 0.0 0.0 60220000.0 675.0 2.0 1000.0 120440000.0
17700.0 0.0 0.0 71.0 0.0 0.0 0.0 60220000.0 664.0 2.0 1000.0 120440000.0
17800.0 0.0 0.0 69.0 0.0 0.0 0.0 60220000.0 650.0 2.0 1000.0 120440000.0
17900.0 0.0 0.0 69.0 0.0 0.0 0.0 60220000.0 633.0 2.0 1000.0 120440000.0
18000.0 0.0 0.0 65.0 0.0 0.0 0.0 60220000.0 626.0 2.0 1000.0 120440000.0
18100.0 0.0 0.0 64.0 0.0 0.0 0.0 60220000.0 615.0 2.0 1000.0 120440000.0
18200.0 0.0 0.0 63.0 0.0 0.0 0.0 60220000.0 600.0 2.0 1000.0 120440000.0
18300.0 0.0 0.0 62.0 0.0 0.0 0.0 60220000.0 588.0 2.0 1000.0 120440000.0
18400.0 1.0 2.0 62.0 0.0 0.0 0.0 60220000.0 590.0 2.0 1000.0 120440000.0
18500.0 0.0 3.0 65.0 0.0 0.0 0.0 60220000.0 596.0 2.0 1000.0 120440000.0
18600.0 0.0 3.0 63.0 0.0 0.0 0.0 60220000.0 582.0 2.0 1000.0 120440000.0
18700.0 1.0 3.0 63.0 0.0 0.0 0.0 60220000.0 572.0 2.0 1000.0 120440000.0
18800.0 1.0 3.0 64.0 0.0 0.0 0.0 60220000.0 591.0 2.0 1000.0 120440000.0
18900.0 1.0 2.0 67.0 0.0 0.0 0.0 60220000.0 602.0 2.0 1000.0 120440000.0
19000.0 0.0 0.0 69.0 0.0 0.0 0.0 60220000.0 631.0 2.0 1000.0 120440000.0
19100.0 0.0 0.0 69.0 0.0 0.0 0.0 60220000.0 616.0 2.0 1000.0 120440000.0
19200.0 0.0 0.0 68.0 0.0 0.0 0.0 60220000.0 608.0 2.0 1000.0 120440000.0
19300.0 0.0 0.0 66.0 0.0 0.0 0.0 60220000.0 598.0 2.0 1000.0 120440000.0
19400.0 0.0 0.0 64.0 0.0 0.0 0.0 60220000.0 587.0 2.0 1000.0 120440000.0
19500.0 0.0 0.0 62.0 0.0 0.0 0.0 60220000.0 580.0 2.0 1000.0 120440000.0
19600.0 0.0 0.0 61.0 0.0 0.0 0.0 60220000.0 578.0 2.0 1000.0 120440000.0
19700.0 0.0 0.0 59.0 0.0 0.0 0.0 60220000.0 571.0 2.0 1000.0 120440000.0
19800.0 0.0 0.0 58.0 0.0 0.0 0.0 60220000.0 560.0 2.0 1000.0 120440000.0
19900.0 0.0 0.0 55.0 0.0 0.0 0.0 60220000.0 549.0 2.0 1000.0 120440000.0
