time rna_M monomer_betaGal protein_betaGal Lactose_external Lactose_internal Glucose_external Glucose_internal protein_Lactose_Permease dna_Lac_Operon Biomass Lactose_consumed
0.0 0.0 0.0 0.0 120440000.0 0.0 60220000.0 0.0 0.0 2.0 1000.0 0.0
100.0 0.0 0.0 0.0 120440000.0 0.0 30128716.0 30091284.0 0.0 2.0 1000.0 0.0
200.0 0.0 0.0 0.0 120440000.0 0.0 84477.0 60135523.0 0.0 2.0 1000.0 0.0
300.0 0.0 0.0 0.0 120440000.0 0.0 0.0 60220000.0 0.0 2.0 1000.0 0.0
400.0 0.0 0.0 0.0 120440000.0 0.0 0.0 60220000.0 0.0 2.0 1000.0 0.0
500.0 0.0 0.0 0.0 120440000.0 0.0 0.0 60220000.0 0.0 2.0 1000.0 0.0
600.0 0.0 0.0 0.0 120440000.0 0.0 0.0 60220000.0 0.0 2.0 1000.0 0.0
700.0 0.0 0.0 0.0 120440000.0 0.0 0.0 60220000.0 0.0 2.0 1000.0 0.0
800.0 0.0 0.0 0.0 120440000.0 0.0 0.0 60220000.0 0.0 2.0 1000.0 0.0
900.0 0.0 0.0 0.0 120440000.0 0.0 0.0 60220000.0 0.0 2.0 1000.0 0.0
1000.0 0.0 0.0 0.0 120440000.0 0.0 0.0 60220000.0 0.0 2.0 1000.0 0.0
1100.0 0.0 0.0 0.0 120440000.0 0.0 0.0 60220000.0 0.0 2.0 1000.0 0.0
1200.0 0.0 0.0 0.0 120440000.0 0.0 0.0 60220000.0 0.0 2.0 1000.0 0.0
1300.0 0.0 0.0 0.0 120438532.0 1468.0 0.0 60220000.0 2.0 2.0 1000.0 0.0
1400.0 0.0 0.0 0.0 120431291.0 8709.0 0.0 60220000.0 2.0 2.0 1000.0 0.0
1500.0 0.0 0.0 0.0 120424128.0 15872.0 0.0 60220000.0 2.0 2.0 1000.0 0.0
1600.0 0.0 0.0 0.0 120416925.0 23075.0 0.0 60220000.0 2.0 2.0 1000.0 0.0
1700.0 0.0 0.0 0.0 120409581.0 30419.0 0.0 60220000.0 2.0 2.0 1000.0 0.0
1800.0 0.0 0.0 0.0 120402358.0 37642.0 0.0 60220000.0 2.0 2.0 1000.0 0.0
1900.0 0.0 0.0 0.0 120395247.0 44753.0 0.0 60220000.0 2.0 2.0 1000.0 0.0
2000.0 0.0 0.0 0.0 120388011.0 51989.0 0.0 60220000.0 2.0 2.0 1000.0 0.0
2100.0 0.0 0.0 0.0 120382378.0 57622.0 0.0 60220000.0 1.0 2.0 1000.0 0.0
2200.0 0.0 0.0 0.0 120378832.0 61168.0 0.0 60220000.0 1.0 2.0 1000.0 0.0
2300.0 0.0 0.0 0.0 120375227.0 64773.0 0.0 60220000.0 1.0 2.0 1000.0 0.0
2400.0 0.0 0.0 0.0 120371690.0 68310.0 0.0 60220000.0 1.0 2.0 1000.0 0.0
2500.0 0.0 0.0 0.0 120368158.0 71842.0 0.0 60220000.0 1.0 2.0 1000.0 0.0
2600.0 0.0 0.0 0.0 120364546.0 75454.0 0.0 60220000.0 1.0 2.0 1000.0 0.0
2700.0 0.0 0.0 0.0 120361082.0 78918.0 0.0 60220000.0 1.0 2.0 1000.0 0.0
2800.0 0.0 0.0 0.0 120357528.0 82472.0 0.0 60220000.0 1.0 2.0 1000.0 0.0
2900.0 0.0 0.0 0.0 120353887.0 86113.0 0.0 60220000.0 1.0 2.0 1000.0 0.0
3000.0 0.0 0.0 0.0 120350232.0 89768.0 0.0 60220000.0 1.0 2.0 1000.0 0.0
3100.0 0.0 0.0 0.0 120346689.0 93311.0 0.0 60220000.0 1.0 2.0 1000.0 0.0
3200.0 0.0 0.0 0.0 120343182.0 96818.0 0.0 60220000.0 1.0 2.0 1000.0 0.0
3300.0 0.0 0.0 0.0 120339641.0 100359.0 0.0 60220000.0 1.0 2.0 1000.0 0.0
3400.0 0.0 0.0 0.0 120336092.0 103908.0 0.0 60220000.0 1.0 2.0 1000.0 0.0
3500.0 0.0 0.0 0.0 120332586.0 107414.0 0.0 60220000.0 1.0 2.0 1000.0 0.0
3600.0 0.0 0.0 0.0 120328920.0 111080.0 0.0 60220000.0 1.0 2.0 1000.0 0.0
3700.0 0.0 0.0 0.0 120325451.0 114549.0 0.0 60220000.0 1.0 2.0 1000.0 0.0
3800.0 0.0 0.0 0.0 120321924.0 118076.0 0.0 60220000.0 1.0 2.0 1000.0 0.0
3900.0 0.0 0.0 0.0 120318327.0 121673.0 0.0 60220000.0 1.0 2.0 1000.0 0.0
4000.0 0.0 0.0 0.0 120314806.0 125194.0 0.0 60220000.0 1.0 2.0 1000.0 0.0
4100.0 0.0 0.0 0.0 120311324.0 128676.0 0.0 60220000.0 1.0 2.0 1000.0 0.0
4200.0 0.0 0.0 0.0 120307834.0 132166.0 0.0 60220000.0 1.0 2.0 1000.0 0.0
4300.0 0.0 0.0 0.0 120304273.0 135727.0 0.0 60220000.0 1.0 2.0 1000.0 0.0
4400.0 0.0 0.0 0.0 120300686.0 139314.0 0.0 60220000.0 1.0 2.0 1000.0 0.0
4500.0 0.0 0.0 0.0 120297107.0 142893.0 0.0 60220000.0 1.0 2.0 1000.0 0.0
4600.0 0.0 0.0 0.0 120293565.0 146435.0 0.0 60220000.0 1.0 2.0 1000.0 0.0
4700.0 0.0 0.0 0.0 120290022.0 149978.0 0.0 60220000.0 1.0 2.0 1000.0 0.0
4800.0 0.0 0.0 0.0 120286360.0 153640.0 0.0 60220000.0 1.0 2.0 1000.0 0.0
4900.0 0.0 0.0 0.0 120282827.0 157173.0 0.0 60220000.0 1.0 2.0 1000.0 0.0
5000.0 0.0 0.0 0.0 120279215.0 160785.0 0.0 60220000.0 1.0 2.0 1000.0 0.0
5100.0 0.0 0.0 0.0 120275767.0 164233.0 0.0 60220000.0 1.0 2.0 1000.0 0.0
5200.0 0.0 0.0 0.0 120272190.0 167810.0 0.0 60220000.0 1.0 2.0 1000.0 0.0
5300.0 0.0 0.0 0.0 120268520.0 171480.0 0.0 60220000.0 1.0 2.0 1000.0 0.0
5400.0 0.0 0.0 0.0 120264995.0 175005.0 0.0 60220000.0 1.0 2.0 1000.0 0.0
5500.0 0.0 0.0 0.0 120261484.0 178516.0 0.0 60220000.0 1.0 2.0 1000.0 0.0
5600.0 0.0 0.0 0.0 120257850.0 182150.0 0.0 60220000.0 1.0 2.0 1000.0 0.0
5700.0 0.0 0.0 0.0 120254262.0 185738.0 0.0 60220000.0 1.0 2.0 1000.0 0.0
5800.0 0.0 0.0 0.0 120250638.0 189362.0 0.0 60220000.0 1.0 2.0 1000.0 0.0
5900.0 0.0 0.0 0.0 120247138.0 192862.0 0.0 60220000.0 1.0 2.0 1000.0 0.0
6000.0 0.0 0.0 0.0 120243552.0 196448.0 0.0 60220000.0 1.0 2.0 1000.0 0.0
6100.0 0.0 0.0 0.0 120239902.0 200098.0 0.0 60220000.0 1.0 2.0 1000.0 0.0
6200.0 0.0 0.0 0.0 120236383.0 203617.0 0.0 60220000.0 1.0 2.0 1000.0 0.0
6300.0 0.0 0.0 0.0 120232720.0 207280.0 0.0 60220000.0 1.0 2.0 1000.0 0.0
6400.0 0.0 0.0 0.0 120229164.0 210836.0 0.0 60220000.0 1.0 2.0 1000.0 0.0
6500.0 0.0 0.0 0.0 120225481.0 214519.0 0.0 60220000.0 1.0 2.0 1000.0 0.0
6600.0 0.0 0.0 0.0 120221944.0 218056.0 0.0 60220000.0 1.0 2.0 1000.0 0.0
6700.0 0.0 0.0 0.0 120218385.0 221615.0 0.0 60220000.0 1.0 2.0 1000.0 0.0
6800.0 0.0 0.0 0.0 120214749.0 225251.0 0.0 60220000.0 1.0 2.0 1000.0 0.0
6900.0 0.0 0.0 0.0 120211273.0 228727.0 0.0 60220000.0 1.0 2.0 1000.0 0.0
7000.0 0.0 0.0 0.0 120207660.0 232340.0 0.0 60220000.0 1.0 2.0 1000.0 0.0
7100.0 0.0 0.0 0.0 120204019.0 235981.0 0.0 60220000.0 1.0 2.0 1000.0 0.0
7200.0 0.0 0.0 0.0 120200523.0 239477.0 0.0 60220000.0 1.0 2.0 1000.0 0.0
7300.0 0.0 0.0 0.0 120196943.0 243057.0 0.0 60220000.0 1.0 2.0 1000.0 0.0
7400.0 0.0 0.0 0.0 120193323.0 246677.0 0.0 60220000.0 1.0 2.0 1000.0 0.0
7500.0 0.0 0.0 0.0 120189665.0 250335.0 0.0 60220000.0 1.0 2.0 1000.0 0.0
7600.0 0.0 0.0 0.0 120186064.0 253936.0 0.0 60220000.0 1.0 2.0 1000.0 0.0
7700.0 0.0 0.0 0.0 120182486.0 257514.0 0.0 60220000.0 1.0 2.0 1000.0 0.0
7800.0 0.0 0.0 0.0 120180172.0 259828.0 0.0 60220000.0 0.0 2.0 1000.0 0.0
7900.0 0.0 0.0 0.0 120180172.0 259828.0 0.0 60220000.0 0.0 2.0 1000.0 0.0
8000.0 0.0 0.0 0.0 120180172.0 259828.0 0.0 60220000.0 0.0 2.0 1000.0 0.0
8100.0 1.0 2.0 4.0 120131572.0 272742.0 0.0 60220000.0 31.0 2.0 1000.0 35686.0
8200.0 1.0 2.0 7.0 119952874.0 323248.0 0.0 60220000.0 68.0 2.0 1000.0 163878.0
8300.0 0.0 3.0 9.0 119657755.0 415856.0 0.0 60220000.0 93.0 2.0 1000.0 366389.0
8400.0 0.0 3.0 9.0 119326008.0 518768.0 0.0 60220000.0 93.0 2.0 1000.0 595224.0
8500.0 0.0 3.0 9.0 119000661.0 608630.0 0.0 60220000.0 89.0 2.0 1000.0 830709.0
8600.0 0.0 3.0 9.0 118683923.0 686592.0 0.0 60220000.0 87.0 2.0 1000.0 1069485.0
8700.0 0.0 3.0 9.0 118380447.0 747954.0 0.0 60220000.0 85.0 2.0 1000.0 1311599.0
8800.0 0.0 3.0 9.0 118078881.0 805416.0 0.0 60220000.0 84.0 2.0 1000.0 1555703.0
8900.0 0.0 3.0 9.0 117783387.0 856132.0 0.0 60220000.0 82.0 2.0 1000.0 1800481.0
9000.0 0.0 3.0 8.0 117493994.0 903014.0 0.0 60220000.0 81.0 2.0 1000.0 2042992.0
9100.0 0.0 3.0 8.0 117206501.0 969808.0 0.0 60220000.0 80.0 2.0 1000.0 2263691.0
9200.0 0.0 3.0 8.0 116925365.0 1029444.0 0.0 60220000.0 77.0 2.0 1000.0 2485191.0
9300.0 0.0 3.0 8.0 116655988.0 1076463.0 0.0 60220000.0 74.0 2.0 1000.0 2707549.0
9400.0 0.0 3.0 8.0 116394554.0 1116511.0 0.0 60220000.0 73.0 2.0 1000.0 2928935.0
9500.0 0.0 3.0 8.0 116137731.0 1148884.0 0.0 60220000.0 71.0 2.0 1000.0 3153385.0
9600.0 0.0 3.0 8.0 115884452.0 1178637.0 0.0 60220000.0 71.0 2.0 1000.0 3376911.0
9700.0 0.0 3.0 8.0 115634046.0 1204337.0 0.0 60220000.0 70.0 2.0 1000.0 3601617.0
9800.0 0.0 3.0 8.0 115386900.0 1227920.0 0.0 60220000.0 69.0 2.0 1000.0 3825180.0
9900.0 0.0 3.0 8.0 115141531.0 1248251.0 0.0 60220000.0 69.0 2.0 1000.0 4050218.0
10000.0 0.0 3.0 8.0 114895312.0 1269596.0 0.0 60220000.0 69.0 2.0 1000.0 4275092.0
10100.0 0.0 3.0 8.0 114649501.0 1290455.0 0.0 60220000.0 68.0 2.0 1000.0 4500044.0
10200.0 0.0 3.0 8.0 114408800.0 1306746.0 0.0 60220000.0 67.0 2.0 1000.0 4724454.0
10300.0 0.0 3.0 8.0 114172996.0 1317309.0 0.0 60220000.0 66.0 2.0 1000.0 4949695.0
10400.0 0.0 3.0 8.0 113941145.0 1323575.0 0.0 60220000.0 64.0 2.0 1000.0 5175280.0
10500.0 0.0 3.0 8.0 113718046.0 1320822.0 0.0 60220000.0 62.0 2.0 1000.0 5401132.0
10600.0 0.0 3.0 8.0 113498423.0 1314941.0 0.0 60220000.0 60.0 2.0 1000.0 5626636.0
10700.0 0.0 3.0 8.0 113284098.0 1304072.0 0.0 60220000.0 60.0 2.0 1000.0 5851830.0
10800.0 0.0 3.0 8.0 113071068.0 1292151.0 0.0 60220000.0 59.0 2.0 1000.0 6076781.0
10900.0 0.0 3.0 7.0 112863146.0 1287542.0 0.0 60220000.0 58.0 2.0 1000.0 6289312.0
11000.0 0.0 3.0 7.0 112658681.0 1294937.0 0.0 60220000.0 57.0 2.0 1000.0 6486382.0
11100.0 0.0 3.0 7.0 112455816.0 1300212.0 0.0 60220000.0 56.0 2.0 1000.0 6683972.0
11200.0 0.0 3.0 7.0 112257911.0 1300626.0 0.0 60220000.0 55.0 2.0 1000.0 6881463.0
11300.0 0.0 3.0 7.0 112065153.0 1295959.0 0.0 60220000.0 54.0 2.0 1000.0 7078888.0
11400.0 0.0 3.0 7.0 111874387.0 1290041.0 0.0 60220000.0 53.0 2.0 1000.0 7275572.0
11500.0 0.0 3.0 7.0 111687694.0 1279105.0 0.0 60220000.0 51.0 2.0 1000.0 7473201.0
11600.0 0.0 3.0 7.0 111506116.0 1263926.0 0.0 60220000.0 51.0 2.0 1000.0 7669958.0
11700.0 0.0 3.0 7.0 111324070.0 1248604.0 0.0 60220000.0 51.0 2.0 1000.0 7867326.0
11800.0 0.0 0.0 8.0 111120910.0 1233798.0 0.0 60220000.0 58.0 2.0 1000.0 8085292.0
11900.0 0.0 0.0 8.0 110914331.0 1215667.0 0.0 60220000.0 57.0 2.0 1000.0 8310002.0
12000.0 0.0 0.0 8.0 110713677.0 1192053.0 0.0 60220000.0 56.0 2.0 1000.0 8534270.0
12100.0 0.0 0.0 8.0 110515499.0 1166080.0 0.0 60220000.0 54.0 2.0 1000.0 8758421.0
12200.0 0.0 0.0 8.0 110328617.0 1129341.0 0.0 60220000.0 52.0 2.0 1000.0 8982042.0
12300.0 0.0 0.0 8.0 110146593.0 1088433.0 0.0 60220000.0 50.0 2.0 1000.0 9204974.0
12400.0 0.0 0.0 8.0 109971059.0 1041277.0 0.0 60220000.0 49.0 2.0 1000.0 9427664.0
12500.0 0.0 0.0 8.0 109800361.0 990002.0 0.0 60220000.0 48.0 2.0 1000.0 9649637.0
12600.0 0.0 0.0 7.0 109629921.0 958138.0 0.0 60220000.0 47.0 2.0 1000.0 9851941.0
12700.0 0.0 0.0 7.0 109462445.0 933196.0 0.0 60220000.0 47.0 2.0 1000.0 10044359.0
12800.0 0.0 0.0 7.0 109294554.0 908839.0 0.0 60220000.0 47.0 2.0 1000.0 10236607.0
12900.0 0.0 0.0 7.0 109126743.0 885124.0 0.0 60220000.0 47.0 2.0 1000.0 10428133.0
13000.0 0.0 0.0 7.0 108959110.0 860699.0 0.0 60220000.0 47.0 2.0 1000.0 10620191.0
13100.0 0.0 0.0 7.0 108800562.0 829268.0 0.0 60220000.0 43.0 2.0 1000.0 10810170.0
13200.0 0.0 0.0 7.0 108647381.0 791986.0 0.0 60220000.0 42.0 2.0 1000.0 11000633.0
13300.0 0.0 0.0 7.0 108497903.0 752621.0 0.0 60220000.0 42.0 2.0 1000.0 11189476.0
13400.0 0.0 0.0 7.0 108347800.0 714051.0 0.0 60220000.0 42.0 2.0 1000.0 11378149.0
13500.0 0.0 0.0 6.0 108203472.0 678575.0 0.0 60220000.0 40.0 2.0 1000.0 11557953.0
13600.0 0.0 0.0 6.0 108061511.0 660615.0 0.0 60220000.0 39.0 2.0 1000.0 11717874.0
13700.0 0.0 0.0 6.0 107922482.0 640367.0 0.0 60220000.0 39.0 2.0 1000.0 11877151.0
13800.0 0.0 0.0 6.0 107785444.0 618269.0 0.0 60220000.0 38.0 2.0 1000.0 12036287.0
13900.0 0.0 0.0 6.0 107649891.0 595561.0 0.0 60220000.0 38.0 2.0 1000.0 12194548.0
14000.0 0.0 0.0 6.0 107515048.0 572561.0 0.0 60220000.0 37.0 2.0 1000.0 12352391.0
14100.0 0.0 0.0 6.0 107381928.0 549549.0 0.0 60220000.0 37.0 2.0 1000.0 12508523.0
14200.0 0.0 0.0 6.0 107250663.0 525345.0 0.0 60220000.0 34.0 2.0 1000.0 12663992.0
14300.0 0.0 0.0 6.0 107129521.0 492033.0 0.0 60220000.0 34.0 2.0 1000.0 12818446.0
14400.0 0.0 0.0 6.0 107008848.0 460086.0 0.0 60220000.0 33.0 2.0 1000.0 12971066.0
14500.0 0.0 0.0 5.0 106891843.0 433144.0 0.0 60220000.0 32.0 2.0 1000.0 13115013.0
14600.0 0.0 0.0 5.0 106780183.0 419965.0 0.0 60220000.0 30.0 2.0 1000.0 13239852.0
14700.0 0.0 0.0 5.0 106672736.0 402796.0 0.0 60220000.0 30.0 2.0 1000.0 13364468.0
14800.0 0.0 0.0 5.0 106565272.0 386541.0 0.0 60220000.0 30.0 2.0 1000.0 13488187.0
14900.0 0.0 0.0 5.0 106458090.0 371064.0 0.0 60220000.0 30.0 2.0 1000.0 13610846.0
15000.0 0.0 0.0 4.0 106351368.0 358138.0 0.0 60220000.0 30.0 2.0 1000.0 13730494.0
15100.0 0.0 0.0 4.0 106244485.0 367769.0 0.0 60220000.0 30.0 2.0 1000.0 13827746.0
15200.0 0.0 0.0 4.0 106139851.0 374573.0 0.0 60220000.0 29.0 2.0 1000.0 13925576.0
15300.0 0.0 0.0 4.0 106036348.0 379938.0 0.0 60220000.0 29.0 2.0 1000.0 14023714.0
15400.0 0.0 0.0 4.0 105934855.0 383303.0 0.0 60220000.0 28.0 2.0 1000.0 14121842.0
15500.0 0.0 0.0 4.0 105834820.0 384540.0 0.0 60220000.0 28.0 2.0 1000.0 14220640.0
15600.0 0.0 0.0 4.0 105735121.0 385679.0 0.0 60220000.0 28.0 2.0 1000.0 14319200.0
15700.0 0.0 0.0 4.0 105634971.0 387258.0 0.0 60220000.0 28.0 2.0 1000.0 14417771.0
15800.0 0.0 0.0 4.0 105534979.0 388889.0 0.0 60220000.0 28.0 2.0 1000.0 14516132.0
15900.0 0.0 0.0 4.0 105436028.0 389094.0 0.0 60220000.0 26.0 2.0 1000.0 14614878.0
16000.0 0.0 0.0 4.0 105343662.0 382682.0 0.0 60220000.0 26.0 2.0 1000.0 14713656.0
16100.0 0.0 3.0 4.0 105249103.0 378873.0 0.0 60220000.0 30.0 2.0 1000.0 14812024.0
16200.0 0.0 3.0 4.0 105141895.0 387699.0 0.0 60220000.0 30.0 2.0 1000.0 14910406.0
16300.0 0.0 3.0 4.0 105035562.0 394909.0 0.0 60220000.0 29.0 2.0 1000.0 15009529.0
16400.0 0.0 3.0 4.0 104932128.0 399580.0 0.0 60220000.0 29.0 2.0 1000.0 15108292.0
16500.0 0.0 3.0 4.0 104829007.0 403410.0 0.0 60220000.0 29.0 2.0 1000.0 15207583.0
16600.0 0.0 3.0 4.0 104725766.0 407638.0 0.0 60220000.0 29.0 2.0 1000.0 15306596.0
16700.0 0.0 3.0 4.0 104624790.0 409263.0 0.0 60220000.0 28.0 2.0 1000.0 15405947.0
16800.0 0.0 3.0 4.0 104525092.0 410183.0 0.0 60220000.0 28.0 2.0 1000.0 15504725.0
16900.0 0.0 3.0 4.0 104425313.0 410774.0 0.0 60220000.0 28.0 2.0 1000.0 15603913.0
17000.0 0.0 3.0 4.0 104325506.0 410664.0 0.0 60220000.0 28.0 2.0 1000.0 15703830.0
17100.0 0.0 3.0 4.0 104228615.0 408357.0 0.0 60220000.0 27.0 2.0 1000.0 15803028.0
17200.0 0.0 3.0 4.0 104132225.0 405633.0 0.0 60220000.0 27.0 2.0 1000.0 15902142.0
17300.0 0.0 3.0 4.0 104035800.0 402485.0 0.0 60220000.0 27.0 2.0 1000.0 16001715.0
17400.0 0.0 3.0 4.0 103939752.0 398872.0 0.0 60220000.0 27.0 2.0 1000.0 16101376.0
17500.0 0.0 3.0 4.0 103846513.0 393200.0 0.0 60220000.0 26.0 2.0 1000.0 16200287.0
17600.0 0.0 3.0 4.0 103753605.0 387460.0 0.0 60220000.0 26.0 2.0 1000.0 16298935.0
17700.0 0.0 3.0 3.0 103661432.0 396986.0 0.0 60220000.0 25.0 2.0 1000.0 16381582.0
17800.0 0.0 3.0 3.0 103572568.0 411464.0 0.0 60220000.0 25.0 2.0 1000.0 16455968.0
17900.0 0.0 3.0 3.0 103483088.0 426123.0 0.0 60220000.0 25.0 2.0 1000.0 16530789.0
18000.0 0.0 3.0 3.0 103394228.0 439829.0 0.0 60220000.0 25.0 2.0 1000.0 16605943.0
18100.0 0.0 3.0 3.0 103306654.0 451421.0 0.0 60220000.0 24.0 2.0 1000.0 16681925.0
18200.0 0.0 3.0 3.0 103221867.0 460105.0 0.0 60220000.0 23.0 2.0 1000.0 16758028.0
18300.0 0.0 3.0 3.0 103140031.0 465624.0 0.0 60220000.0 23.0 2.0 1000.0 16834345.0
18400.0 0.0 3.0 3.0 103057455.0 471931.0 0.0 60220000.0 23.0 2.0 1000.0 16910614.0
18500.0 0.0 3.0 3.0 102977349.0 475148.0 0.0 60220000.0 22.0 2.0 1000.0 16987503.0
18600.0 0.0 3.0 3.0 102901742.0 474262.0 0.0 60220000.0 21.0 2.0 1000.0 17063996.0
18700.0 0.0 3.0 3.0 102828913.0 471046.0 0.0 60220000.0 20.0 2.0 1000.0 17140041.0
18800.0 0.0 3.0 2.0 102758715.0 473835.0 0.0 60220000.0 19.0 2.0 1000.0 17207450.0
18900.0 0.0 3.0 2.0 102690819.0 490838.0 0.0 60220000.0 19.0 2.0 1000.0 17258343.0
19000.0 0.0 3.0 2.0 102622731.0 507809.0 0.0 60220000.0 19.0 2.0 1000.0 17309460.0
19100.0 0.0 3.0 2.0 102554848.0 523767.0 0.0 60220000.0 19.0 2.0 1000.0 17361385.0
19200.0 0.0 3.0 2.0 102486463.0 540180.0 0.0 60220000.0 19.0 2.0 1000.0 17413357.0
19300.0 0.0 3.0 2.0 102418965.0 555336.0 0.0 60220000.0 19.0 2.0 1000.0 17465699.0
19400.0 0.0 3.0 2.0 102353418.0 568753.0 0.0 60220000.0 18.0 2.0 1000.0 17517829.0
19500.0 0.0 3.0 2.0 102291765.0 578444.0 0.0 60220000.0 16.0 2.0 1000.0 17569791.0
19600.0 0.0 3.0 2.0 102234881.0 582657.0 0.0 60220000.0 16.0 2.0 1000.0 17622462.0
19700.0 0.0 3.0 2.0 102178117.0 587101.0 0.0 60220000.0 16.0 2.0 1000.0 17674782.0
19800.0 0.0 3.0 2.0 102120834.0 592294.0 0.0 60220000.0 16.0 2.0 1000.0 17726872.0
19900.0 0.0 3.0 2.0 102063535.0 596749.0 0.0 60220000.0 16.0 2.0 1000.0 17779716.0
