time rna_M monomer_betaGal protein_betaGal Lactose_external Lactose_internal Glucose_external Glucose_internal protein_Lactose_Permease dna_Lac_Operon Biomass Lactose_consumed
0.0 0.0 0.0 0.0 120440000.0 0.0 60220000.0 0.0 0.0 2.0 1000.0 0.0
100.0 0.0 0.0 0.0 120440000.0 0.0 30126998.0 30093002.0 0.0 2.0 1000.0 0.0
200.0 0.0 0.0 0.0 120440000.0 0.0 74441.0 60145559.0 0.0 2.0 1000.0 0.0
300.0 0.0 0.0 0.0 120440000.0 0.0 0.0 60220000.0 0.0 2.0 1000.0 0.0
400.0 0.0 0.0 0.0 120440000.0 0.0 0.0 60220000.0 0.0 2.0 1000.0 0.0
500.0 0.0 0.0 0.0 120440000.0 0.0 0.0 60220000.0 0.0 2.0 1000.0 0.0
600.0 0.0 0.0 0.0 120440000.0 0.0 0.0 60220000.0 0.0 2.0 1000.0 0.0
700.0 0.0 0.0 0.0 120440000.0 0.0 0.0 60220000.0 0.0 2.0 1000.0 0.0
800.0 0.0 0.0 0.0 120440000.0 0.0 0.0 60220000.0 0.0 2.0 1000.0 0.0
900.0 0.0 0.0 0.0 120440000.0 0.0 0.0 60220000.0 0.0 2.0 1000.0 0.0
1000.0 0.0 0.0 0.0 120440000.0 0.0 0.0 60220000.0 0.0 2.0 1000.0 0.0
1100.0 0.0 0.0 0.0 120440000.0 0.0 0.0 60220000.0 0.0 2.0 1000.0 0.0
1200.0 1.0 3.0 3.0 120394152.0 35498.0 0.0 60220000.0 31.0 2.0 1000.0 10350.0
1300.0 0.0 1.0 4.0 120237159.0 136148.0 0.0 60220000.0 47.0 2.0 1000.0 66693.0
1400.0 0.0 1.0 4.0 120070030.0 222526.0 0.0 60220000.0 47.0 2.0 1000.0 147444.0
1500.0 0.0 1.0 4.0 119902400.0 299777.0 0.0 60220000.0 47.0 2.0 1000.0 237823.0
1600.0 0.0 1.0 4.0 119734606.0 371789.0 0.0 60220000.0 47.0 2.0 1000.0 333605.0
1700.0 0.0 1.0 4.0 119566581.0 440876.0 0.0 60220000.0 47.0 2.0 1000.0 432543.0
1800.0 0.0 1.0 4.0 119398856.0 507083.0 0.0 60220000.0 47.0 2.0 1000.0 534061.0
1900.0 0.0 1.0 4.0 119231516.0 570564.0 0.0 60220000.0 46.0 2.0 1000.0 637920.0
2000.0 0.0 1.0 4.0 119067714.0 629193.0 0.0 60220000.0 46.0 2.0 1000.0 743093.0
2100.0 0.0 1.0 4.0 118906380.0 684501.0 0.0 60220000.0 45.0 2.0 1000.0 849119.0
2200.0 0.0 1.0 4.0 118747320.0 736695.0 0.0 60220000.0 44.0 2.0 1000.0 955985.0
2300.0 0.0 1.0 4.0 118590625.0 785005.0 0.0 60220000.0 44.0 2.0 1000.0 1064370.0
2400.0 0.0 1.0 4.0 118440772.0 825416.0 0.0 60220000.0 41.0 2.0 1000.0 1173812.0
2500.0 0.0 1.0 4.0 118294279.0 862989.0 0.0 60220000.0 41.0 2.0 1000.0 1282732.0
2600.0 0.0 1.0 3.0 118149272.0 914857.0 0.0 60220000.0 39.0 2.0 1000.0 1375871.0
2700.0 0.0 1.0 3.0 118010380.0 970898.0 0.0 60220000.0 39.0 2.0 1000.0 1458722.0
2800.0 0.0 1.0 2.0 117871818.0 1030844.0 0.0 60220000.0 39.0 2.0 1000.0 1537338.0
2900.0 0.0 1.0 2.0 117733503.0 1113401.0 0.0 60220000.0 38.0 2.0 1000.0 1593096.0
3000.0 1.0 0.0 4.0 117594868.0 1187113.0 0.0 60220000.0 45.0 2.0 1000.0 1658019.0
3100.0 0.0 2.0 6.0 117379017.0 1256146.0 0.0 60220000.0 72.0 2.0 1000.0 1804837.0
3200.0 0.0 2.0 6.0 117128556.0 1337969.0 0.0 60220000.0 68.0 2.0 1000.0 1973475.0
3300.0 0.0 2.0 6.0 116887733.0 1410287.0 0.0 60220000.0 67.0 2.0 1000.0 2141980.0
3400.0 0.0 2.0 5.0 116649869.0 1481067.0 0.0 60220000.0 65.0 2.0 1000.0 2309064.0
3500.0 0.0 2.0 5.0 116421806.0 1566762.0 0.0 60220000.0 64.0 2.0 1000.0 2451432.0
3600.0 0.0 2.0 5.0 116195527.0 1650028.0 0.0 60220000.0 63.0 2.0 1000.0 2594445.0
3700.0 0.0 2.0 5.0 115971763.0 1731367.0 0.0 60220000.0 61.0 2.0 1000.0 2736870.0
3800.0 0.0 0.0 7.0 115738208.0 1806699.0 0.0 60220000.0 80.0 2.0 1000.0 2895093.0
3900.0 0.0 0.0 6.0 115454102.0 1909292.0 0.0 60220000.0 79.0 2.0 1000.0 3076606.0
4000.0 0.0 0.0 6.0 115173646.0 2016866.0 0.0 60220000.0 79.0 2.0 1000.0 3249488.0
4100.0 0.0 0.0 6.0 114903381.0 2113958.0 0.0 60220000.0 75.0 2.0 1000.0 3422661.0
4200.0 0.0 0.0 5.0 114640195.0 2207868.0 0.0 60220000.0 74.0 2.0 1000.0 3591937.0
4300.0 0.0 0.0 5.0 114381891.0 2321133.0 0.0 60220000.0 73.0 2.0 1000.0 3736976.0
4400.0 0.0 0.0 5.0 114123596.0 2434813.0 0.0 60220000.0 73.0 2.0 1000.0 3881591.0
4500.0 0.0 0.0 5.0 113864394.0 2549292.0 0.0 60220000.0 73.0 2.0 1000.0 4026314.0
4600.0 0.0 1.0 6.0 113583636.0 2664956.0 0.0 60220000.0 80.0 2.0 1000.0 4191408.0
4700.0 0.0 1.0 6.0 113299518.0 2774316.0 0.0 60220000.0 80.0 2.0 1000.0 4366166.0
4800.0 0.0 1.0 6.0 113022793.0 2876460.0 0.0 60220000.0 77.0 2.0 1000.0 4540747.0
4900.0 1.0 3.0 6.0 112754176.0 2970637.0 0.0 60220000.0 79.0 2.0 1000.0 4715187.0
5000.0 2.0 1.0 13.0 112419000.0 3021208.0 0.0 60220000.0 120.0 2.0 1000.0 4999792.0
5100.0 1.0 2.0 18.0 111924745.0 3056903.0 0.0 60220000.0 154.0 2.0 1000.0 5458352.0
5200.0 1.0 2.0 21.0 111333346.0 3074376.0 0.0 60220000.0 184.0 2.0 1000.0 6032278.0
5300.0 0.0 3.0 23.0 110635349.0 3107456.0 0.0 60220000.0 208.0 2.0 1000.0 6697195.0
5400.0 0.0 3.0 23.0 109901680.0 3168993.0 0.0 60220000.0 205.0 2.0 1000.0 7369327.0
5500.0 0.0 3.0 23.0 109187841.0 3209044.0 0.0 60220000.0 198.0 2.0 1000.0 8043115.0
5600.0 0.0 3.0 22.0 108496707.0 3237594.0 0.0 60220000.0 195.0 2.0 1000.0 8705699.0
5700.0 0.0 3.0 22.0 107811631.0 3280261.0 0.0 60220000.0 192.0 2.0 1000.0 9348108.0
5800.0 0.0 3.0 20.0 107139340.0 3327072.0 0.0 60220000.0 187.0 2.0 1000.0 9973588.0
5900.0 0.0 3.0 20.0 106477632.0 3403406.0 0.0 60220000.0 186.0 2.0 1000.0 10558962.0
6000.0 1.0 3.0 19.0 105826165.0 3493685.0 0.0 60220000.0 181.0 2.0 1000.0 11120150.0
6100.0 0.0 3.0 23.0 105114298.0 3561306.0 0.0 60220000.0 210.0 2.0 1000.0 11764396.0
6200.0 0.0 3.0 23.0 104373539.0 3629246.0 0.0 60220000.0 208.0 2.0 1000.0 12437215.0
6300.0 1.0 3.0 26.0 103613774.0 3680348.0 0.0 60220000.0 229.0 2.0 1000.0 13145878.0
6400.0 1.0 2.0 30.0 102766317.0 3706206.0 0.0 60220000.0 249.0 2.0 1000.0 13967477.0
6500.0 1.0 2.0 34.0 101863316.0 3672588.0 0.0 60220000.0 261.0 2.0 1000.0 14904096.0
6600.0 1.0 0.0 37.0 100895187.0 3595854.0 0.0 60220000.0 289.0 2.0 1000.0 15948959.0
6700.0 1.0 2.0 40.0 99807112.0 3558044.0 0.0 60220000.0 326.0 2.0 1000.0 17074844.0
6800.0 1.0 1.0 45.0 98624085.0 3504176.0 0.0 60220000.0 346.0 2.0 1000.0 18311739.0
6900.0 0.0 3.0 48.0 97338585.0 3425226.0 0.0 60220000.0 377.0 2.0 1000.0 19676189.0
7000.0 0.0 3.0 48.0 96021678.0 3336006.0 0.0 60220000.0 368.0 2.0 1000.0 21082316.0
7100.0 0.0 3.0 46.0 94735033.0 3237408.0 0.0 60220000.0 358.0 2.0 1000.0 22467559.0
7200.0 0.0 0.0 47.0 93476805.0 3136465.0 0.0 60220000.0 350.0 2.0 1000.0 23826730.0
7300.0 0.0 0.0 47.0 92237876.0 3002886.0 0.0 60220000.0 347.0 2.0 1000.0 25199238.0
7400.0 0.0 0.0 45.0 91016244.0 2871998.0 0.0 60220000.0 342.0 2.0 1000.0 26551758.0
7500.0 0.0 0.0 45.0 89824145.0 2753189.0 0.0 60220000.0 333.0 2.0 1000.0 27862666.0
7600.0 0.0 0.0 45.0 88659302.0 2606100.0 0.0 60220000.0 326.0 2.0 1000.0 29174598.0
7700.0 0.0 0.0 45.0 87509352.0 2450510.0 0.0 60220000.0 321.0 2.0 1000.0 30480138.0
7800.0 0.0 0.0 45.0 86375750.0 2283720.0 0.0 60220000.0 319.0 2.0 1000.0 31780530.0
7900.0 0.0 0.0 44.0 85253603.0 2129784.0 0.0 60220000.0 315.0 2.0 1000.0 33056613.0
8000.0 0.0 0.0 44.0 84144389.0 1969692.0 0.0 60220000.0 310.0 2.0 1000.0 34325919.0
8100.0 0.0 0.0 43.0 83055562.0 1799665.0 0.0 60220000.0 304.0 2.0 1000.0 35584773.0
8200.0 0.0 0.0 43.0 81979714.0 1646097.0 0.0 60220000.0 300.0 2.0 1000.0 36814189.0
8300.0 0.0 0.0 41.0 80917904.0 1493519.0 0.0 60220000.0 296.0 2.0 1000.0 38028577.0
8400.0 0.0 0.0 41.0 79872195.0 1378508.0 0.0 60220000.0 293.0 2.0 1000.0 39189297.0
8500.0 0.0 0.0 41.0 78841761.0 1252969.0 0.0 60220000.0 288.0 2.0 1000.0 40345270.0
8600.0 0.0 0.0 41.0 77825269.0 1118595.0 0.0 60220000.0 282.0 2.0 1000.0 41496136.0
8700.0 0.0 0.0 40.0 76833590.0 995318.0 0.0 60220000.0 277.0 2.0 1000.0 42611092.0
8800.0 0.0 0.0 39.0 75862626.0 891216.0 0.0 60220000.0 268.0 2.0 1000.0 43686158.0
8900.0 0.0 0.0 38.0 74921179.0 773488.0 0.0 60220000.0 261.0 2.0 1000.0 44745333.0
9000.0 0.0 0.0 37.0 73995245.0 689778.0 0.0 60220000.0 258.0 2.0 1000.0 45754977.0
9100.0 0.0 0.0 37.0 73084872.0 616973.0 0.0 60220000.0 254.0 2.0 1000.0 46738155.0
9200.0 0.0 0.0 36.0 72190393.0 562874.0 0.0 60220000.0 249.0 2.0 1000.0 47686733.0
9300.0 0.0 0.0 36.0 71305471.0 514306.0 0.0 60220000.0 246.0 2.0 1000.0 48620223.0
9400.0 0.0 0.0 35.0 70440907.0 464978.0 0.0 60220000.0 239.0 2.0 1000.0 49534115.0
9500.0 0.0 0.0 35.0 69593683.0 429170.0 0.0 60220000.0 235.0 2.0 1000.0 50417147.0
9600.0 0.0 0.0 35.0 68768344.0 386138.0 0.0 60220000.0 229.0 2.0 1000.0 51285518.0
9700.0 0.0 0.0 35.0 67955629.0 345604.0 0.0 60220000.0 227.0 2.0 1000.0 52138767.0
9800.0 0.0 0.0 35.0 67161189.0 305075.0 0.0 60220000.0 220.0 2.0 1000.0 52973736.0
9900.0 0.0 0.0 35.0 66387967.0 268039.0 0.0 60220000.0 215.0 2.0 1000.0 53783994.0
10000.0 0.0 0.0 34.0 65632638.0 250923.0 0.0 60220000.0 208.0 2.0 1000.0 54556439.0
10100.0 0.0 0.0 34.0 64895922.0 232505.0 0.0 60220000.0 204.0 2.0 1000.0 55311573.0
10200.0 0.0 0.0 33.0 64171067.0 226137.0 0.0 60220000.0 203.0 2.0 1000.0 56042796.0
10300.0 0.0 0.0 32.0 63448732.0 234090.0 0.0 60220000.0 201.0 2.0 1000.0 56757178.0
10400.0 0.0 0.0 32.0 62740993.0 234958.0 0.0 60220000.0 196.0 2.0 1000.0 57464049.0
10500.0 0.0 0.0 28.0 62044301.0 259020.0 0.0 60220000.0 193.0 2.0 1000.0 58136679.0
10600.0 0.0 0.0 28.0 61366289.0 290745.0 0.0 60220000.0 186.0 2.0 1000.0 58782966.0
10700.0 0.0 0.0 27.0 60712442.0 310662.0 0.0 60220000.0 181.0 2.0 1000.0 59416896.0
10800.0 0.0 0.0 27.0 60072629.0 314274.0 0.0 60220000.0 178.0 2.0 1000.0 60053097.0
10900.0 0.0 0.0 25.0 59437905.0 333445.0 0.0 60220000.0 178.0 2.0 1000.0 60668650.0
11000.0 0.0 0.0 24.0 58811019.0 364492.0 0.0 60220000.0 174.0 2.0 1000.0 61264489.0
11100.0 0.0 0.0 24.0 58195956.0 391858.0 0.0 60220000.0 171.0 2.0 1000.0 61852186.0
11200.0 0.0 0.0 24.0 57589876.0 402984.0 0.0 60220000.0 169.0 2.0 1000.0 62447140.0
11300.0 0.0 0.0 23.0 56993111.0 418446.0 0.0 60220000.0 167.0 2.0 1000.0 63028443.0
11400.0 0.0 0.0 23.0 56401137.0 433408.0 0.0 60220000.0 166.0 2.0 1000.0 63605455.0
11500.0 0.0 0.0 23.0 55816166.0 439766.0 0.0 60220000.0 162.0 2.0 1000.0 64184068.0
11600.0 0.0 0.0 23.0 55242936.0 434932.0 0.0 60220000.0 159.0 2.0 1000.0 64762132.0
11700.0 0.0 0.0 23.0 54676138.0 425476.0 0.0 60220000.0 159.0 2.0 1000.0 65338386.0
11800.0 0.0 0.0 23.0 54116724.0 409704.0 0.0 60220000.0 156.0 2.0 1000.0 65913572.0
11900.0 0.0 0.0 23.0 53562800.0 392591.0 0.0 60220000.0 155.0 2.0 1000.0 66484609.0
12000.0 0.0 0.0 23.0 53012976.0 376348.0 0.0 60220000.0 153.0 2.0 1000.0 67050676.0
12100.0 0.0 0.0 23.0 52471601.0 356304.0 0.0 60220000.0 150.0 2.0 1000.0 67612095.0
12200.0 0.0 0.0 22.0 51942448.0 338612.0 0.0 60220000.0 147.0 2.0 1000.0 68158940.0
12300.0 0.0 0.0 22.0 51418932.0 334756.0 0.0 60220000.0 147.0 2.0 1000.0 68686312.0
12400.0 0.0 0.0 22.0 50894395.0 332852.0 0.0 60220000.0 147.0 2.0 1000.0 69212753.0
12500.0 0.0 0.0 21.0 50376887.0 336547.0 0.0 60220000.0 145.0 2.0 1000.0 69726566.0
12600.0 0.0 0.0 21.0 49869471.0 338802.0 0.0 60220000.0 139.0 2.0 1000.0 70231727.0
12700.0 0.0 0.0 18.0 49377622.0 372943.0 0.0 60220000.0 136.0 2.0 1000.0 70689435.0
12800.0 0.0 0.0 17.0 48894955.0 413953.0 0.0 60220000.0 135.0 2.0 1000.0 71131092.0
12900.0 0.0 0.0 17.0 48416373.0 463758.0 0.0 60220000.0 134.0 2.0 1000.0 71559869.0
13000.0 0.0 0.0 17.0 47944384.0 501866.0 0.0 60220000.0 132.0 2.0 1000.0 71993750.0
13100.0 0.0 0.0 17.0 47474206.0 532966.0 0.0 60220000.0 132.0 2.0 1000.0 72432828.0
13200.0 0.0 0.0 16.0 47006273.0 566446.0 0.0 60220000.0 131.0 2.0 1000.0 72867281.0
13300.0 0.0 0.0 16.0 46541085.0 611763.0 0.0 60220000.0 130.0 2.0 1000.0 73287152.0
13400.0 0.0 0.0 15.0 46084326.0 658695.0 0.0 60220000.0 127.0 2.0 1000.0 73696979.0
13500.0 0.0 0.0 15.0 45631265.0 709956.0 0.0 60220000.0 127.0 2.0 1000.0 74098779.0
13600.0 0.0 0.0 15.0 45179648.0 758182.0 0.0 60220000.0 126.0 2.0 1000.0 74502170.0
13700.0 0.0 0.0 15.0 44733150.0 798700.0 0.0 60220000.0 124.0 2.0 1000.0 74908150.0
13800.0 0.0 0.0 15.0 44297527.0 826433.0 0.0 60220000.0 121.0 2.0 1000.0 75316040.0
13900.0 0.0 0.0 15.0 43868867.0 845611.0 0.0 60220000.0 120.0 2.0 1000.0 75725522.0
14000.0 0.0 0.0 14.0 43445369.0 868343.0 0.0 60220000.0 118.0 2.0 1000.0 76126288.0
14100.0 0.0 0.0 14.0 43030746.0 899560.0 0.0 60220000.0 115.0 2.0 1000.0 76509694.0
14200.0 0.0 0.0 14.0 42626483.0 919500.0 0.0 60220000.0 114.0 2.0 1000.0 76894017.0
14300.0 0.0 0.0 14.0 42224757.0 936979.0 0.0 60220000.0 113.0 2.0 1000.0 77278264.0
14400.0 0.0 0.0 14.0 41822513.0 954393.0 0.0 60220000.0 113.0 2.0 1000.0 77663094.0
14500.0 0.0 0.0 14.0 41421999.0 969769.0 0.0 60220000.0 112.0 2.0 1000.0 78048232.0
14600.0 0.0 0.0 14.0 41027318.0 978083.0 0.0 60220000.0 110.0 2.0 1000.0 78434599.0
14700.0 0.0 0.0 14.0 40640714.0 978231.0 0.0 60220000.0 107.0 2.0 1000.0 78821055.0
14800.0 0.0 0.0 14.0 40261868.0 971041.0 0.0 60220000.0 106.0 2.0 1000.0 79207091.0
14900.0 0.0 0.0 14.0 39895797.0 950632.0 0.0 60220000.0 102.0 2.0 1000.0 79593571.0
15000.0 0.0 0.0 14.0 39535324.0 925625.0 0.0 60220000.0 100.0 2.0 1000.0 79979051.0
15100.0 0.0 0.0 13.0 39183255.0 898778.0 0.0 60220000.0 98.0 2.0 1000.0 80357967.0
15200.0 0.0 0.0 12.0 38836263.0 911359.0 0.0 60220000.0 97.0 2.0 1000.0 80692378.0
15300.0 0.0 0.0 12.0 38493188.0 923549.0 0.0 60220000.0 96.0 2.0 1000.0 81023263.0
15400.0 0.0 0.0 12.0 38156053.0 930656.0 0.0 60220000.0 94.0 2.0 1000.0 81353291.0
15500.0 0.0 0.0 12.0 37822107.0 934871.0 0.0 60220000.0 93.0 2.0 1000.0 81683022.0
15600.0 0.0 0.0 12.0 37495806.0 930542.0 0.0 60220000.0 91.0 2.0 1000.0 82013652.0
15700.0 0.0 0.0 11.0 37174491.0 944962.0 0.0 60220000.0 90.0 2.0 1000.0 82320547.0
15800.0 0.0 0.0 11.0 36858069.0 958845.0 0.0 60220000.0 88.0 2.0 1000.0 82623086.0
15900.0 0.0 0.0 11.0 36550303.0 961651.0 0.0 60220000.0 86.0 2.0 1000.0 82928046.0
16000.0 0.0 0.0 10.0 36245332.0 967166.0 0.0 60220000.0 86.0 2.0 1000.0 83227502.0
16100.0 0.0 0.0 10.0 35942892.0 993949.0 0.0 60220000.0 84.0 2.0 1000.0 83503159.0
16200.0 0.0 0.0 10.0 35644274.0 1015525.0 0.0 60220000.0 83.0 2.0 1000.0 83780201.0
16300.0 0.0 0.0 10.0 35351456.0 1030699.0 0.0 60220000.0 82.0 2.0 1000.0 84057845.0
16400.0 0.0 0.0 10.0 35062163.0 1042953.0 0.0 60220000.0 81.0 2.0 1000.0 84334884.0
16500.0 0.0 0.0 10.0 34776106.0 1051782.0 0.0 60220000.0 80.0 2.0 1000.0 84612112.0
16600.0 0.0 0.0 10.0 34495313.0 1054397.0 0.0 60220000.0 78.0 2.0 1000.0 84890290.0
16700.0 0.0 0.0 10.0 34220731.0 1050574.0 0.0 60220000.0 77.0 2.0 1000.0 85168695.0
16800.0 0.0 0.0 10.0 33951245.0 1041996.0 0.0 60220000.0 75.0 2.0 1000.0 85446759.0
16900.0 0.0 0.0 10.0 33686467.0 1029544.0 0.0 60220000.0 74.0 2.0 1000.0 85723989.0
17000.0 0.0 0.0 10.0 33424195.0 1014583.0 0.0 60220000.0 72.0 2.0 1000.0 86001222.0
17100.0 0.0 0.0 10.0 33169815.0 992784.0 0.0 60220000.0 71.0 2.0 1000.0 86277401.0
17200.0 0.0 0.0 10.0 32920994.0 964862.0 0.0 60220000.0 70.0 2.0 1000.0 86554144.0
17300.0 0.0 0.0 10.0 32673882.0 936406.0 0.0 60220000.0 69.0 2.0 1000.0 86829712.0
17400.0 0.0 0.0 10.0 32430592.0 905246.0 0.0 60220000.0 68.0 2.0 1000.0 87104162.0
17500.0 0.0 0.0 9.0 32188922.0 891575.0 0.0 60220000.0 67.0 2.0 1000.0 87359503.0
17600.0 0.0 0.0 8.0 31951183.0 895296.0 0.0 60220000.0 67.0 2.0 1000.0 87593521.0
17700.0 0.0 0.0 7.0 31713510.0 920971.0 0.0 60220000.0 67.0 2.0 1000.0 87805519.0
17800.0 0.0 0.0 7.0 31475365.0 966210.0 0.0 60220000.0 67.0 2.0 1000.0 87998425.0
17900.0 1.0 0.0 7.0 31237699.0 1010402.0 0.0 60220000.0 67.0 2.0 1000.0 88191899.0
18000.0 1.0 3.0 11.0 30958434.0 1030618.0 0.0 60220000.0 97.0 2.0 1000.0 88450948.0
18100.0 0.0 2.0 11.0 30603773.0 1087263.0 0.0 60220000.0 103.0 2.0 1000.0 88748964.0
18200.0 0.0 2.0 11.0 30240881.0 1143843.0 0.0 60220000.0 100.0 2.0 1000.0 89055276.0
18300.0 0.0 2.0 11.0 29888742.0 1188456.0 0.0 60220000.0 98.0 2.0 1000.0 89362802.0
18400.0 0.0 2.0 10.0 29543178.0 1237798.0 0.0 60220000.0 97.0 2.0 1000.0 89659024.0
18500.0 0.0 2.0 10.0 29201173.0 1298944.0 0.0 60220000.0 96.0 2.0 1000.0 89939883.0
18600.0 0.0 2.0 10.0 28865762.0 1352056.0 0.0 60220000.0 94.0 2.0 1000.0 90222182.0
18700.0 0.0 2.0 10.0 28535187.0 1400681.0 0.0 60220000.0 93.0 2.0 1000.0 90504132.0
18800.0 0.0 2.0 10.0 28210249.0 1442608.0 0.0 60220000.0 91.0 2.0 1000.0 90787143.0
18900.0 0.0 2.0 10.0 27891736.0 1477750.0 0.0 60220000.0 88.0 2.0 1000.0 91070514.0
19000.0 0.0 2.0 9.0 27579557.0 1513343.0 0.0 60220000.0 88.0 2.0 1000.0 91347100.0
19100.0 0.0 2.0 9.0 27269604.0 1567518.0 0.0 60220000.0 89.0 2.0 1000.0 91602878.0
19200.0 0.0 2.0 9.0 26957233.0 1623046.0 0.0 60220000.0 88.0 2.0 1000.0 91859721.0
19300.0 0.0 2.0 9.0 26645856.0 1677060.0 0.0 60220000.0 87.0 2.0 1000.0 92117084.0
19400.0 0.0 2.0 9.0 26340159.0 1725751.0 0.0 60220000.0 85.0 2.0 1000.0 92374090.0
19500.0 0.0 2.0 9.0 26042205.0 1766033.0 0.0 60220000.0 84.0 2.0 1000.0 92631762.0
19600.0 0.0 2.0 9.0 25744759.0 1804902.0 0.0 60220000.0 84.0 2.0 1000.0 92890339.0
19700.0 0.0 2.0 9.0 25449733.0 1842334.0 0.0 60220000.0 83.0 2.0 1000.0 93147933.0
19800.0 0.0 2.0 9.0 25158441.0 1875657.0 0.0 60220000.0 81.0 2.0 1000.0 93405902.0
19900.0 0.0 2.0 9.0 24878035.0 1897734.0 0.0 60220000.0 79.0 2.0 1000.0 93664231.0
