time rna_M monomer_betaGal protein_betaGal Lactose_external Lactose_internal Glucose_external Glucose_internal protein_Lactose_Permease dna_Lac_Operon Biomass Lactose_consumed
0.0 0.0 0.0 0.0 120440000.0 0.0 60220000.0 0.0 0.0 2.0 1000.0 0.0
100.0 0.0 0.0 0.0 120440000.0 0.0 30128928.0 30091072.0 0.0 2.0 1000.0 0.0
200.0 0.0 0.0 0.0 120440000.0 0.0 85203.0 60134797.0 0.0 2.0 1000.0 0.0
300.0 0.0 0.0 0.0 120440000.0 0.0 0.0 60220000.0 0.0 2.0 1000.0 0.0
400.0 0.0 0.0 0.0 120440000.0 0.0 0.0 60220000.0 0.0 2.0 1000.0 0.0
500.0 0.0 0.0 0.0 120440000.0 0.0 0.0 60220000.0 0.0 2.0 1000.0 0.0
600.0 0.0 0.0 0.0 120440000.0 0.0 0.0 60220000.0 0.0 2.0 1000.0 0.0
700.0 0.0 0.0 0.0 120440000.0 0.0 0.0 60220000.0 0.0 2.0 1000.0 0.0
800.0 0.0 0.0 0.0 120440000.0 0.0 0.0 60220000.0 0.0 2.0 1000.0 0.0
900.0 1.0 3.0 2.0 120437166.0 2676.0 0.0 60220000.0 6.0 2.0 1000.0 158.0
1000.0 0.0 2.0 3.0 120390470.0 33753.0 0.0 60220000.0 14.0 2.0 1000.0 15777.0
1100.0 0.0 2.0 3.0 120340317.0 52903.0 0.0 60220000.0 14.0 2.0 1000.0 46780.0
1200.0 0.0 2.0 3.0 120290440.0 65699.0 0.0 60220000.0 14.0 2.0 1000.0 83861.0
1300.0 0.0 2.0 3.0 120239769.0 75421.0 0.0 60220000.0 14.0 2.0 1000.0 124810.0
1400.0 0.0 2.0 3.0 120189837.0 81846.0 0.0 60220000.0 14.0 2.0 1000.0 168317.0
1500.0 0.0 2.0 3.0 120139741.0 86701.0 0.0 60220000.0 14.0 2.0 1000.0 213558.0
1600.0 0.0 2.0 3.0 120092863.0 87695.0 0.0 60220000.0 13.0 2.0 1000.0 259442.0
1700.0 0.0 2.0 3.0 120046075.0 88345.0 0.0 60220000.0 13.0 2.0 1000.0 305580.0
1800.0 0.0 2.0 2.0 119999678.0 99206.0 0.0 60220000.0 13.0 2.0 1000.0 341116.0
1900.0 0.0 2.0 2.0 119953354.0 111960.0 0.0 60220000.0 13.0 2.0 1000.0 374686.0
2000.0 0.0 2.0 2.0 119910321.0 120307.0 0.0 60220000.0 12.0 2.0 1000.0 409372.0
2100.0 0.0 2.0 2.0 119867319.0 127646.0 0.0 60220000.0 12.0 2.0 1000.0 445035.0
2200.0 0.0 2.0 2.0 119824561.0 133698.0 0.0 60220000.0 12.0 2.0 1000.0 481741.0
2300.0 0.0 2.0 2.0 119781207.0 139998.0 0.0 60220000.0 12.0 2.0 1000.0 518795.0
2400.0 0.0 2.0 2.0 119738270.0 145044.0 0.0 60220000.0 12.0 2.0 1000.0 556686.0
2500.0 0.0 2.0 2.0 119697284.0 147839.0 0.0 60220000.0 11.0 2.0 1000.0 594877.0
2600.0 0.0 2.0 2.0 119657935.0 149078.0 0.0 60220000.0 11.0 2.0 1000.0 632987.0
2700.0 0.0 2.0 2.0 119618678.0 149915.0 0.0 60220000.0 11.0 2.0 1000.0 671407.0
2800.0 0.0 2.0 2.0 119579519.0 150381.0 0.0 60220000.0 11.0 2.0 1000.0 710100.0
2900.0 0.0 2.0 2.0 119541479.0 150044.0 0.0 60220000.0 10.0 2.0 1000.0 748477.0
3000.0 0.0 2.0 2.0 119505757.0 147267.0 0.0 60220000.0 10.0 2.0 1000.0 786976.0
3100.0 0.0 2.0 2.0 119470137.0 145208.0 0.0 60220000.0 10.0 2.0 1000.0 824655.0
3200.0 0.0 2.0 2.0 119434372.0 143132.0 0.0 60220000.0 10.0 2.0 1000.0 862496.0
3300.0 0.0 2.0 2.0 119398676.0 140797.0 0.0 60220000.0 10.0 2.0 1000.0 900527.0
3400.0 0.0 2.0 2.0 119365704.0 136280.0 0.0 60220000.0 9.0 2.0 1000.0 938016.0
3500.0 0.0 2.0 2.0 119333635.0 131406.0 0.0 60220000.0 9.0 2.0 1000.0 974959.0
3600.0 0.0 2.0 2.0 119301343.0 127260.0 0.0 60220000.0 9.0 2.0 1000.0 1011397.0
3700.0 0.0 2.0 2.0 119268906.0 123876.0 0.0 60220000.0 9.0 2.0 1000.0 1047218.0
3800.0 0.0 2.0 2.0 119239557.0 117934.0 0.0 60220000.0 8.0 2.0 1000.0 1082509.0
3900.0 0.0 2.0 2.0 119214226.0 108998.0 0.0 60220000.0 7.0 2.0 1000.0 1116776.0
4000.0 0.0 2.0 2.0 119189267.0 100969.0 0.0 60220000.0 7.0 2.0 1000.0 1149764.0
4100.0 0.0 2.0 2.0 119164540.0 93426.0 0.0 60220000.0 7.0 2.0 1000.0 1182034.0
4200.0 0.0 2.0 2.0 119139545.0 87541.0 0.0 60220000.0 7.0 2.0 1000.0 1212914.0
4300.0 0.0 2.0 2.0 119114626.0 82483.0 0.0 60220000.0 7.0 2.0 1000.0 1242891.0
4400.0 0.0 2.0 1.0 119089782.0 81981.0 0.0 60220000.0 7.0 2.0 1000.0 1268237.0
4500.0 0.0 2.0 1.0 119064768.0 91688.0 0.0 60220000.0 7.0 2.0 1000.0 1283544.0
4600.0 0.0 2.0 1.0 119039785.0 100586.0 0.0 60220000.0 7.0 2.0 1000.0 1299629.0
4700.0 0.0 2.0 1.0 119014732.0 108920.0 0.0 60220000.0 7.0 2.0 1000.0 1316348.0
4800.0 0.0 2.0 1.0 118989674.0 116613.0 0.0 60220000.0 7.0 2.0 1000.0 1333713.0
4900.0 0.0 2.0 1.0 118964925.0 123392.0 0.0 60220000.0 6.0 2.0 1000.0 1351683.0
5000.0 0.0 2.0 1.0 118943613.0 126498.0 0.0 60220000.0 6.0 2.0 1000.0 1369889.0
5100.0 0.0 2.0 1.0 118921921.0 130147.0 0.0 60220000.0 6.0 2.0 1000.0 1387932.0
5200.0 0.0 2.0 1.0 118900637.0 133324.0 0.0 60220000.0 6.0 2.0 1000.0 1406039.0
5300.0 0.0 2.0 1.0 118879045.0 136424.0 0.0 60220000.0 6.0 2.0 1000.0 1424531.0
5400.0 0.0 2.0 1.0 118857611.0 139298.0 0.0 60220000.0 6.0 2.0 1000.0 1443091.0
5500.0 0.0 2.0 1.0 118836045.0 142154.0 0.0 60220000.0 6.0 2.0 1000.0 1461801.0
5600.0 0.0 2.0 1.0 118814711.0 144724.0 0.0 60220000.0 6.0 2.0 1000.0 1480565.0
5700.0 0.0 2.0 1.0 118793183.0 147239.0 0.0 60220000.0 6.0 2.0 1000.0 1499578.0
5800.0 0.0 2.0 1.0 118773803.0 147545.0 0.0 60220000.0 5.0 2.0 1000.0 1518652.0
5900.0 0.0 2.0 1.0 118755680.0 146605.0 0.0 60220000.0 5.0 2.0 1000.0 1537715.0
6000.0 0.0 2.0 1.0 118737957.0 145262.0 0.0 60220000.0 5.0 2.0 1000.0 1556781.0
6100.0 0.0 2.0 1.0 118720088.0 144178.0 0.0 60220000.0 5.0 2.0 1000.0 1575734.0
6200.0 0.0 2.0 1.0 118702318.0 142755.0 0.0 60220000.0 5.0 2.0 1000.0 1594927.0
6300.0 0.0 2.0 1.0 118684449.0 141695.0 0.0 60220000.0 5.0 2.0 1000.0 1613856.0
6400.0 0.0 2.0 1.0 118666574.0 140689.0 0.0 60220000.0 5.0 2.0 1000.0 1632737.0
6500.0 0.0 2.0 1.0 118650245.0 138404.0 0.0 60220000.0 4.0 2.0 1000.0 1651351.0
6600.0 0.0 2.0 1.0 118636015.0 133995.0 0.0 60220000.0 4.0 2.0 1000.0 1669990.0
6700.0 0.0 2.0 1.0 118621828.0 129920.0 0.0 60220000.0 4.0 2.0 1000.0 1688252.0
6800.0 0.0 2.0 1.0 118607510.0 126008.0 0.0 60220000.0 4.0 2.0 1000.0 1706482.0
6900.0 0.0 2.0 1.0 118593352.0 122445.0 0.0 60220000.0 4.0 2.0 1000.0 1724203.0
7000.0 0.0 2.0 1.0 118579057.0 118932.0 0.0 60220000.0 4.0 2.0 1000.0 1742011.0
7100.0 0.0 2.0 1.0 118564872.0 115650.0 0.0 60220000.0 4.0 2.0 1000.0 1759478.0
7200.0 0.0 2.0 1.0 118550400.0 112790.0 0.0 60220000.0 4.0 2.0 1000.0 1776810.0
7300.0 0.0 2.0 1.0 118536078.0 109930.0 0.0 60220000.0 4.0 2.0 1000.0 1793992.0
7400.0 0.0 2.0 1.0 118521841.0 107260.0 0.0 60220000.0 4.0 2.0 1000.0 1810899.0
7500.0 0.0 2.0 1.0 118507645.0 104513.0 0.0 60220000.0 4.0 2.0 1000.0 1827842.0
7600.0 0.0 2.0 1.0 118493364.0 102295.0 0.0 60220000.0 4.0 2.0 1000.0 1844341.0
7700.0 0.0 2.0 1.0 118480855.0 98313.0 0.0 60220000.0 3.0 2.0 1000.0 1860832.0
7800.0 0.0 2.0 1.0 118470183.0 92956.0 0.0 60220000.0 3.0 2.0 1000.0 1876861.0
7900.0 0.0 2.0 1.0 118459376.0 88391.0 0.0 60220000.0 3.0 2.0 1000.0 1892233.0
8000.0 0.0 2.0 1.0 118448843.0 83848.0 0.0 60220000.0 3.0 2.0 1000.0 1907309.0
8100.0 0.0 2.0 1.0 118438068.0 79752.0 0.0 60220000.0 3.0 2.0 1000.0 1922180.0
8200.0 0.0 2.0 1.0 118427369.0 75962.0 0.0 60220000.0 3.0 2.0 1000.0 1936669.0
8300.0 0.0 2.0 1.0 118416754.0 72510.0 0.0 60220000.0 3.0 2.0 1000.0 1950736.0
8400.0 0.0 2.0 1.0 118406131.0 69404.0 0.0 60220000.0 3.0 2.0 1000.0 1964465.0
8500.0 0.0 2.0 1.0 118395322.0 67086.0 0.0 60220000.0 3.0 2.0 1000.0 1977592.0
8600.0 0.0 2.0 1.0 118385961.0 63260.0 0.0 60220000.0 2.0 2.0 1000.0 1990779.0
8700.0 0.0 2.0 1.0 118378759.0 57806.0 0.0 60220000.0 2.0 2.0 1000.0 2003435.0
8800.0 0.0 2.0 1.0 118371714.0 53031.0 0.0 60220000.0 2.0 2.0 1000.0 2015255.0
8900.0 0.0 2.0 1.0 118364668.0 48807.0 0.0 60220000.0 2.0 2.0 1000.0 2026525.0
9000.0 0.0 2.0 1.0 118357732.0 45044.0 0.0 60220000.0 2.0 2.0 1000.0 2037224.0
9100.0 0.0 2.0 1.0 118350704.0 41737.0 0.0 60220000.0 2.0 2.0 1000.0 2047559.0
9200.0 0.0 2.0 1.0 118343599.0 39140.0 0.0 60220000.0 2.0 2.0 1000.0 2057261.0
9300.0 0.0 2.0 1.0 118336496.0 36676.0 0.0 60220000.0 2.0 2.0 1000.0 2066828.0
9400.0 0.0 2.0 1.0 118329444.0 34682.0 0.0 60220000.0 2.0 2.0 1000.0 2075874.0
9500.0 0.0 2.0 1.0 118322281.0 33387.0 0.0 60220000.0 2.0 2.0 1000.0 2084332.0
9600.0 0.0 2.0 1.0 118315213.0 32184.0 0.0 60220000.0 2.0 2.0 1000.0 2092603.0
9700.0 0.0 2.0 1.0 118308043.0 31195.0 0.0 60220000.0 2.0 2.0 1000.0 2100762.0
9800.0 0.0 2.0 1.0 118301064.0 30173.0 0.0 60220000.0 2.0 2.0 1000.0 2108763.0
9900.0 0.0 2.0 1.0 118293936.0 29260.0 0.0 60220000.0 2.0 2.0 1000.0 2116804.0
10000.0 0.0 2.0 1.0 118286786.0 28851.0 0.0 60220000.0 2.0 2.0 1000.0 2124363.0
10100.0 0.0 2.0 1.0 118279746.0 28304.0 0.0 60220000.0 2.0 2.0 1000.0 2131950.0
10200.0 0.0 2.0 1.0 118272579.0 27921.0 0.0 60220000.0 2.0 2.0 1000.0 2139500.0
10300.0 0.0 2.0 0.0 118265382.0 32213.0 0.0 60220000.0 2.0 2.0 1000.0 2142405.0
10400.0 0.0 2.0 0.0 118258282.0 39313.0 0.0 60220000.0 2.0 2.0 1000.0 2142405.0
10500.0 0.0 2.0 0.0 118251120.0 46475.0 0.0 60220000.0 2.0 2.0 1000.0 2142405.0
10600.0 0.0 2.0 0.0 118243827.0 53768.0 0.0 60220000.0 2.0 2.0 1000.0 2142405.0
10700.0 0.0 2.0 0.0 118236677.0 60918.0 0.0 60220000.0 2.0 2.0 1000.0 2142405.0
10800.0 0.0 2.0 0.0 118229456.0 68139.0 0.0 60220000.0 2.0 2.0 1000.0 2142405.0
10900.0 0.0 2.0 0.0 118222135.0 75460.0 0.0 60220000.0 2.0 2.0 1000.0 2142405.0
11000.0 0.0 2.0 0.0 118214994.0 82601.0 0.0 60220000.0 2.0 2.0 1000.0 2142405.0
11100.0 0.0 2.0 0.0 118207920.0 89675.0 0.0 60220000.0 2.0 2.0 1000.0 2142405.0
11200.0 0.0 2.0 0.0 118200755.0 96840.0 0.0 60220000.0 2.0 2.0 1000.0 2142405.0
11300.0 0.0 2.0 0.0 118193641.0 103954.0 0.0 60220000.0 2.0 2.0 1000.0 2142405.0
11400.0 0.0 2.0 0.0 118186425.0 111170.0 0.0 60220000.0 2.0 2.0 1000.0 2142405.0
11500.0 0.0 2.0 0.0 118179316.0 118279.0 0.0 60220000.0 2.0 2.0 1000.0 2142405.0
11600.0 0.0 2.0 0.0 118172102.0 125493.0 0.0 60220000.0 2.0 2.0 1000.0 2142405.0
11700.0 0.0 2.0 0.0 118164952.0 132643.0 0.0 60220000.0 2.0 2.0 1000.0 2142405.0
11800.0 0.0 2.0 0.0 118157736.0 139859.0 0.0 60220000.0 2.0 2.0 1000.0 2142405.0
11900.0 0.0 2.0 0.0 118150440.0 147155.0 0.0 60220000.0 2.0 2.0 1000.0 2142405.0
12000.0 0.0 2.0 0.0 118143360.0 154235.0 0.0 60220000.0 2.0 2.0 1000.0 2142405.0
12100.0 0.0 2.0 0.0 118136235.0 161360.0 0.0 60220000.0 2.0 2.0 1000.0 2142405.0
12200.0 0.0 2.0 0.0 118129119.0 168476.0 0.0 60220000.0 2.0 2.0 1000.0 2142405.0
12300.0 0.0 2.0 0.0 118122051.0 175544.0 0.0 60220000.0 2.0 2.0 1000.0 2142405.0
12400.0 0.0 2.0 0.0 118115004.0 182591.0 0.0 60220000.0 2.0 2.0 1000.0 2142405.0
12500.0 0.0 2.0 0.0 118107935.0 189660.0 0.0 60220000.0 2.0 2.0 1000.0 2142405.0
12600.0 0.0 2.0 0.0 118100976.0 196619.0 0.0 60220000.0 2.0 2.0 1000.0 2142405.0
12700.0 0.0 2.0 0.0 118093683.0 203912.0 0.0 60220000.0 2.0 2.0 1000.0 2142405.0
12800.0 0.0 2.0 0.0 118086688.0 210907.0 0.0 60220000.0 2.0 2.0 1000.0 2142405.0
12900.0 1.0 3.0 1.0 118078724.0 216241.0 0.0 60220000.0 6.0 2.0 1000.0 2145035.0
13000.0 1.0 3.0 4.0 118012879.0 232498.0 0.0 60220000.0 30.0 2.0 1000.0 2194623.0
13100.0 1.0 3.0 8.0 117859734.0 244856.0 0.0 60220000.0 55.0 2.0 1000.0 2335410.0
13200.0 0.0 3.0 9.0 117640706.0 261807.0 0.0 60220000.0 62.0 2.0 1000.0 2537487.0
13300.0 0.0 3.0 9.0 117422903.0 273482.0 0.0 60220000.0 60.0 2.0 1000.0 2743615.0
13400.0 1.0 3.0 10.0 117204356.0 291762.0 0.0 60220000.0 66.0 2.0 1000.0 2943882.0
13500.0 1.0 0.0 14.0 116877731.0 325563.0 0.0 60220000.0 117.0 2.0 1000.0 3236706.0
13600.0 0.0 1.0 13.0 116452234.0 411137.0 0.0 60220000.0 119.0 2.0 1000.0 3576629.0
13700.0 0.0 1.0 13.0 116032069.0 503088.0 0.0 60220000.0 116.0 2.0 1000.0 3904843.0
13800.0 0.0 1.0 13.0 115617333.0 580594.0 0.0 60220000.0 116.0 2.0 1000.0 4242073.0
13900.0 0.0 1.0 13.0 115203722.0 650843.0 0.0 60220000.0 116.0 2.0 1000.0 4585435.0
14000.0 0.0 1.0 12.0 114795045.0 717046.0 0.0 60220000.0 114.0 2.0 1000.0 4927909.0
14100.0 0.0 1.0 12.0 114388227.0 800247.0 0.0 60220000.0 114.0 2.0 1000.0 5251526.0
14200.0 0.0 1.0 12.0 113981980.0 879474.0 0.0 60220000.0 113.0 2.0 1000.0 5578546.0
14300.0 0.0 1.0 12.0 113583487.0 948237.0 0.0 60220000.0 111.0 2.0 1000.0 5908276.0
14400.0 0.0 1.0 12.0 113200481.0 999885.0 0.0 60220000.0 104.0 2.0 1000.0 6239634.0
14500.0 0.0 1.0 12.0 112833090.0 1035626.0 0.0 60220000.0 102.0 2.0 1000.0 6571284.0
14600.0 0.0 1.0 12.0 112478396.0 1057421.0 0.0 60220000.0 99.0 2.0 1000.0 6904183.0
14700.0 0.0 1.0 11.0 112125472.0 1079840.0 0.0 60220000.0 99.0 2.0 1000.0 7234688.0
14800.0 0.0 1.0 11.0 111779927.0 1119015.0 0.0 60220000.0 95.0 2.0 1000.0 7541058.0
14900.0 0.0 1.0 10.0 111445738.0 1151351.0 0.0 60220000.0 93.0 2.0 1000.0 7842911.0
15000.0 0.0 1.0 10.0 111119225.0 1198495.0 0.0 60220000.0 90.0 2.0 1000.0 8122280.0
15100.0 0.0 1.0 10.0 110802173.0 1235335.0 0.0 60220000.0 88.0 2.0 1000.0 8402492.0
15200.0 0.0 1.0 10.0 110489234.0 1267545.0 0.0 60220000.0 86.0 2.0 1000.0 8683221.0
15300.0 0.0 1.0 10.0 110188374.0 1286709.0 0.0 60220000.0 83.0 2.0 1000.0 8964917.0
15400.0 0.0 1.0 10.0 109897726.0 1295154.0 0.0 60220000.0 81.0 2.0 1000.0 9247120.0
15500.0 0.0 1.0 10.0 109611042.0 1300695.0 0.0 60220000.0 79.0 2.0 1000.0 9528263.0
15600.0 0.0 1.0 10.0 109332981.0 1296957.0 0.0 60220000.0 77.0 2.0 1000.0 9810062.0
15700.0 0.0 1.0 10.0 109063974.0 1284412.0 0.0 60220000.0 75.0 2.0 1000.0 10091614.0
15800.0 0.0 1.0 10.0 108797243.0 1269639.0 0.0 60220000.0 75.0 2.0 1000.0 10373118.0
15900.0 0.0 1.0 10.0 108535887.0 1249844.0 0.0 60220000.0 73.0 2.0 1000.0 10654269.0
16000.0 0.0 1.0 10.0 108278939.0 1225507.0 0.0 60220000.0 72.0 2.0 1000.0 10935554.0
16100.0 0.0 1.0 10.0 108025887.0 1197977.0 0.0 60220000.0 70.0 2.0 1000.0 11216136.0
16200.0 0.0 1.0 10.0 107779337.0 1164325.0 0.0 60220000.0 68.0 2.0 1000.0 11496338.0
16300.0 0.0 1.0 9.0 107542143.0 1126831.0 0.0 60220000.0 64.0 2.0 1000.0 11771026.0
16400.0 0.0 1.0 8.0 107315823.0 1114647.0 0.0 60220000.0 63.0 2.0 1000.0 12009530.0
16500.0 0.0 1.0 8.0 107091009.0 1115923.0 0.0 60220000.0 63.0 2.0 1000.0 12233068.0
16600.0 0.0 1.0 7.0 106869717.0 1132086.0 0.0 60220000.0 62.0 2.0 1000.0 12438197.0
16700.0 0.0 1.0 7.0 106653135.0 1152850.0 0.0 60220000.0 60.0 2.0 1000.0 12634015.0
16800.0 0.0 1.0 7.0 106445686.0 1164484.0 0.0 60220000.0 58.0 2.0 1000.0 12829830.0
16900.0 0.0 1.0 7.0 106241851.0 1172360.0 0.0 60220000.0 57.0 2.0 1000.0 13025789.0
17000.0 0.0 1.0 7.0 106041358.0 1176340.0 0.0 60220000.0 56.0 2.0 1000.0 13222302.0
17100.0 1.0 3.0 9.0 105811470.0 1188921.0 0.0 60220000.0 81.0 2.0 1000.0 13439609.0
17200.0 1.0 0.0 14.0 105458337.0 1207651.0 0.0 60220000.0 113.0 2.0 1000.0 13774012.0
17300.0 0.0 3.0 15.0 104989765.0 1269617.0 0.0 60220000.0 146.0 2.0 1000.0 14180618.0
17400.0 0.0 3.0 14.0 104472819.0 1381179.0 0.0 60220000.0 144.0 2.0 1000.0 14586002.0
17500.0 0.0 3.0 12.0 103964104.0 1503999.0 0.0 60220000.0 142.0 2.0 1000.0 14971897.0
17600.0 0.0 3.0 12.0 103463954.0 1662026.0 0.0 60220000.0 137.0 2.0 1000.0 15314020.0
17700.0 0.0 3.0 12.0 102982140.0 1800307.0 0.0 60220000.0 135.0 2.0 1000.0 15657553.0
17800.0 0.0 3.0 12.0 102508759.0 1929945.0 0.0 60220000.0 133.0 2.0 1000.0 16001296.0
17900.0 0.0 3.0 12.0 102036042.0 2056220.0 0.0 60220000.0 133.0 2.0 1000.0 16347738.0
18000.0 1.0 2.0 14.0 101562005.0 2178010.0 0.0 60220000.0 139.0 2.0 1000.0 16699985.0
18100.0 3.0 2.0 21.0 101015966.0 2224993.0 0.0 60220000.0 178.0 2.0 1000.0 17199041.0
18200.0 1.0 1.0 27.0 100254951.0 2264584.0 0.0 60220000.0 239.0 2.0 1000.0 17920465.0
18300.0 1.0 1.0 28.0 99393176.0 2322571.0 0.0 60220000.0 247.0 2.0 1000.0 18724253.0
18400.0 0.0 3.0 28.0 98518042.0 2387806.0 0.0 60220000.0 245.0 2.0 1000.0 19534152.0
18500.0 0.0 3.0 27.0 97661872.0 2435269.0 0.0 60220000.0 237.0 2.0 1000.0 20342859.0
18600.0 0.0 3.0 26.0 96822366.0 2497756.0 0.0 60220000.0 236.0 2.0 1000.0 21119878.0
18700.0 0.0 3.0 24.0 95996902.0 2576725.0 0.0 60220000.0 230.0 2.0 1000.0 21866373.0
18800.0 0.0 3.0 23.0 95187112.0 2710132.0 0.0 60220000.0 225.0 2.0 1000.0 22542756.0
18900.0 0.0 3.0 23.0 94400872.0 2825809.0 0.0 60220000.0 218.0 2.0 1000.0 23213319.0
19000.0 2.0 3.0 30.0 93549700.0 2931271.0 0.0 60220000.0 272.0 2.0 1000.0 23959029.0
19100.0 1.0 3.0 38.0 92499708.0 2967460.0 0.0 60220000.0 308.0 2.0 1000.0 24972832.0
19200.0 1.0 1.0 41.0 91355663.0 2958187.0 0.0 60220000.0 335.0 2.0 1000.0 26126150.0
19300.0 0.0 0.0 43.0 90136274.0 2934069.0 0.0 60220000.0 344.0 2.0 1000.0 27369657.0
19400.0 0.0 0.0 43.0 88927603.0 2887470.0 0.0 60220000.0 338.0 2.0 1000.0 28624927.0
19500.0 1.0 1.0 45.0 87740336.0 2809323.0 0.0 60220000.0 339.0 2.0 1000.0 29890341.0
19600.0 0.0 2.0 45.0 86539611.0 2701221.0 0.0 60220000.0 336.0 2.0 1000.0 31199168.0
19700.0 0.0 2.0 45.0 85364492.0 2568124.0 0.0 60220000.0 327.0 2.0 1000.0 32507384.0
19800.0 0.0 2.0 45.0 84220183.0 2406920.0 0.0 60220000.0 320.0 2.0 1000.0 33812897.0
19900.0 0.0 2.0 42.0 83097693.0 2272139.0 0.0 60220000.0 315.0 2.0 1000.0 35070168.0
