time rna_M monomer_betaGal protein_betaGal Lactose_external Lactose_internal Glucose_external Glucose_internal protein_Lactose_Permease dna_Lac_Operon Biomass Lactose_consumed
0.0 0.0 0.0 0.0 120440000.0 0.0 60220000.0 0.0 0.0 2.0 1000.0 0.0
100.0 0.0 0.0 0.0 120440000.0 0.0 30125288.0 30094712.0 0.0 2.0 1000.0 0.0
200.0 0.0 0.0 0.0 120440000.0 0.0 69643.0 60150357.0 0.0 2.0 1000.0 0.0
300.0 0.0 0.0 0.0 120440000.0 0.0 0.0 60220000.0 0.0 2.0 1000.0 0.0
400.0 0.0 0.0 0.0 120440000.0 0.0 0.0 60220000.0 0.0 2.0 1000.0 0.0
500.0 0.0 0.0 0.0 120440000.0 0.0 0.0 60220000.0 0.0 2.0 1000.0 0.0
600.0 0.0 0.0 0.0 120440000.0 0.0 0.0 60220000.0 0.0 2.0 1000.0 0.0
700.0 0.0 0.0 0.0 120440000.0 0.0 0.0 60220000.0 0.0 2.0 1000.0 0.0
800.0 0.0 0.0 0.0 120440000.0 0.0 0.0 60220000.0 0.0 2.0 1000.0 0.0
900.0 0.0 0.0 0.0 120440000.0 0.0 0.0 60220000.0 0.0 2.0 1000.0 0.0
1000.0 0.0 0.0 0.0 120440000.0 0.0 0.0 60220000.0 0.0 2.0 1000.0 0.0
1100.0 0.0 0.0 0.0 120440000.0 0.0 0.0 60220000.0 0.0 2.0 1000.0 0.0
1200.0 0.0 0.0 0.0 120440000.0 0.0 0.0 60220000.0 0.0 2.0 1000.0 0.0
1300.0 0.0 0.0 0.0 120440000.0 0.0 0.0 60220000.0 0.0 2.0 1000.0 0.0
1400.0 0.0 0.0 0.0 120440000.0 0.0 0.0 60220000.0 0.0 2.0 1000.0 0.0
1500.0 0.0 0.0 0.0 120440000.0 0.0 0.0 60220000.0 0.0 2.0 1000.0 0.0
1600.0 0.0 0.0 0.0 120440000.0 0.0 0.0 60220000.0 0.0 2.0 1000.0 0.0
1700.0 0.0 0.0 0.0 120440000.0 0.0 0.0 60220000.0 0.0 2.0 1000.0 0.0
1800.0 0.0 0.0 0.0 120440000.0 0.0 0.0 60220000.0 0.0 2.0 1000.0 0.0
1900.0 0.0 0.0 0.0 120440000.0 0.0 0.0 60220000.0 0.0 2.0 1000.0 0.0
2000.0 0.0 0.0 0.0 120440000.0 0.0 0.0 60220000.0 0.0 2.0 1000.0 0.0
2100.0 0.0 0.0 0.0 120440000.0 0.0 0.0 60220000.0 0.0 2.0 1000.0 0.0
2200.0 0.0 0.0 0.0 120440000.0 0.0 0.0 60220000.0 0.0 2.0 1000.0 0.0
2300.0 0.0 0.0 0.0 120440000.0 0.0 0.0 60220000.0 0.0 2.0 1000.0 0.0
2400.0 0.0 0.0 0.0 120440000.0 0.0 0.0 60220000.0 0.0 2.0 1000.0 0.0
2500.0 0.0 0.0 0.0 120440000.0 0.0 0.0 60220000.0 0.0 2.0 1000.0 0.0
2600.0 0.0 0.0 0.0 120440000.0 0.0 0.0 60220000.0 0.0 2.0 1000.0 0.0
2700.0 0.0 0.0 0.0 120440000.0 0.0 0.0 60220000.0 0.0 2.0 1000.0 0.0
2800.0 0.0 0.0 0.0 120440000.0 0.0 0.0 60220000.0 0.0 2.0 1000.0 0.0
2900.0 0.0 0.0 0.0 120440000.0 0.0 0.0 60220000.0 0.0 2.0 1000.0 0.0
3000.0 0.0 0.0 0.0 120440000.0 0.0 0.0 60220000.0 0.0 2.0 1000.0 0.0
3100.0 0.0 0.0 0.0 120440000.0 0.0 0.0 60220000.0 0.0 2.0 1000.0 0.0
3200.0 0.0 0.0 0.0 120440000.0 0.0 0.0 60220000.0 0.0 2.0 1000.0 0.0
3300.0 0.0 0.0 0.0 120440000.0 0.0 0.0 60220000.0 0.0 2.0 1000.0 0.0
3400.0 0.0 0.0 0.0 120440000.0 0.0 0.0 60220000.0 0.0 2.0 1000.0 0.0
3500.0 1.0 0.0 4.0 120381672.0 47146.0 0.0 60220000.0 36.0 2.0 1000.0 11182.0
3600.0 0.0 1.0 7.0 120182007.0 151822.0 0.0 60220000.0 66.0 2.0 1000.0 106171.0
3700.0 0.0 1.0 7.0 119947231.0 239845.0 0.0 60220000.0 65.0 2.0 1000.0 252924.0
3800.0 0.0 1.0 7.0 119717077.0 309613.0 0.0 60220000.0 63.0 2.0 1000.0 413310.0
3900.0 0.0 1.0 7.0 119502160.0 356748.0 0.0 60220000.0 59.0 2.0 1000.0 581092.0
4000.0 0.0 1.0 7.0 119291198.0 396003.0 0.0 60220000.0 59.0 2.0 1000.0 752799.0
4100.0 0.0 1.0 6.0 119082610.0 430000.0 0.0 60220000.0 58.0 2.0 1000.0 927390.0
4200.0 0.0 1.0 6.0 118878540.0 482038.0 0.0 60220000.0 56.0 2.0 1000.0 1079422.0
4300.0 0.0 1.0 6.0 118681966.0 524257.0 0.0 60220000.0 55.0 2.0 1000.0 1233777.0
4400.0 0.0 1.0 6.0 118487525.0 562716.0 0.0 60220000.0 53.0 2.0 1000.0 1389759.0
4500.0 0.0 1.0 6.0 118298256.0 594498.0 0.0 60220000.0 53.0 2.0 1000.0 1547246.0
4600.0 0.0 1.0 6.0 118110161.0 624883.0 0.0 60220000.0 52.0 2.0 1000.0 1704956.0
4700.0 0.0 1.0 6.0 117926794.0 649622.0 0.0 60220000.0 51.0 2.0 1000.0 1863584.0
4800.0 0.0 1.0 6.0 117746087.0 671333.0 0.0 60220000.0 50.0 2.0 1000.0 2022580.0
4900.0 0.0 1.0 6.0 117567706.0 689794.0 0.0 60220000.0 50.0 2.0 1000.0 2182500.0
5000.0 0.0 1.0 6.0 117392609.0 705032.0 0.0 60220000.0 49.0 2.0 1000.0 2342359.0
5100.0 0.0 1.0 6.0 117217867.0 717976.0 0.0 60220000.0 48.0 2.0 1000.0 2504157.0
5200.0 0.0 1.0 6.0 117046950.0 727511.0 0.0 60220000.0 47.0 2.0 1000.0 2665539.0
5300.0 0.0 1.0 6.0 116879893.0 733721.0 0.0 60220000.0 46.0 2.0 1000.0 2826386.0
5400.0 0.0 1.0 6.0 116717745.0 733567.0 0.0 60220000.0 45.0 2.0 1000.0 2988688.0
5500.0 0.0 1.0 6.0 116557082.0 733096.0 0.0 60220000.0 44.0 2.0 1000.0 3149822.0
5600.0 0.0 1.0 6.0 116400478.0 728025.0 0.0 60220000.0 44.0 2.0 1000.0 3311497.0
5700.0 0.0 1.0 6.0 116243685.0 724069.0 0.0 60220000.0 44.0 2.0 1000.0 3472246.0
5800.0 0.0 1.0 6.0 116086678.0 719931.0 0.0 60220000.0 44.0 2.0 1000.0 3633391.0
5900.0 0.0 1.0 6.0 115934918.0 710080.0 0.0 60220000.0 42.0 2.0 1000.0 3795002.0
6000.0 0.0 1.0 6.0 115787112.0 696970.0 0.0 60220000.0 41.0 2.0 1000.0 3955918.0
6100.0 0.0 1.0 6.0 115641987.0 681315.0 0.0 60220000.0 40.0 2.0 1000.0 4116698.0
6200.0 0.0 1.0 6.0 115499083.0 664774.0 0.0 60220000.0 40.0 2.0 1000.0 4276143.0
6300.0 0.0 1.0 6.0 115356295.0 647533.0 0.0 60220000.0 40.0 2.0 1000.0 4436172.0
6400.0 0.0 1.0 6.0 115218376.0 627039.0 0.0 60220000.0 37.0 2.0 1000.0 4594585.0
6500.0 0.0 1.0 6.0 115090972.0 596045.0 0.0 60220000.0 35.0 2.0 1000.0 4752983.0
6600.0 0.0 1.0 6.0 114965679.0 564527.0 0.0 60220000.0 35.0 2.0 1000.0 4909794.0
6700.0 0.0 1.0 6.0 114840303.0 534213.0 0.0 60220000.0 35.0 2.0 1000.0 5065484.0
6800.0 0.0 1.0 6.0 114716453.0 502942.0 0.0 60220000.0 34.0 2.0 1000.0 5220605.0
6900.0 0.0 1.0 6.0 114597595.0 468118.0 0.0 60220000.0 32.0 2.0 1000.0 5374287.0
7000.0 0.0 1.0 6.0 114482642.0 431454.0 0.0 60220000.0 32.0 2.0 1000.0 5525904.0
7100.0 0.0 1.0 6.0 114368403.0 396363.0 0.0 60220000.0 32.0 2.0 1000.0 5675234.0
7200.0 0.0 1.0 6.0 114257138.0 360953.0 0.0 60220000.0 31.0 2.0 1000.0 5821909.0
7300.0 0.0 1.0 6.0 114146232.0 327015.0 0.0 60220000.0 31.0 2.0 1000.0 5966753.0
7400.0 0.0 1.0 6.0 114035516.0 296222.0 0.0 60220000.0 31.0 2.0 1000.0 6108262.0
7500.0 0.0 1.0 5.0 113924754.0 282505.0 0.0 60220000.0 31.0 2.0 1000.0 6232741.0
7600.0 0.0 1.0 5.0 113817981.0 273438.0 0.0 60220000.0 29.0 2.0 1000.0 6348581.0
7700.0 0.0 1.0 4.0 113715237.0 281788.0 0.0 60220000.0 28.0 2.0 1000.0 6442975.0
7800.0 0.0 1.0 4.0 113616150.0 287635.0 0.0 60220000.0 27.0 2.0 1000.0 6536215.0
7900.0 0.0 1.0 4.0 113519363.0 291535.0 0.0 60220000.0 27.0 2.0 1000.0 6629102.0
8000.0 0.0 1.0 4.0 113424706.0 293060.0 0.0 60220000.0 26.0 2.0 1000.0 6722234.0
8100.0 0.0 1.0 4.0 113331484.0 293429.0 0.0 60220000.0 26.0 2.0 1000.0 6815087.0
8200.0 0.0 1.0 4.0 113238757.0 293020.0 0.0 60220000.0 26.0 2.0 1000.0 6908223.0
8300.0 0.0 1.0 3.0 113145948.0 307234.0 0.0 60220000.0 26.0 2.0 1000.0 6986818.0
8400.0 0.0 1.0 3.0 113052983.0 328916.0 0.0 60220000.0 26.0 2.0 1000.0 7058101.0
8500.0 0.0 1.0 3.0 112960230.0 349629.0 0.0 60220000.0 26.0 2.0 1000.0 7130141.0
8600.0 0.0 1.0 3.0 112869242.0 367455.0 0.0 60220000.0 25.0 2.0 1000.0 7203303.0
8700.0 0.0 1.0 3.0 112779961.0 383141.0 0.0 60220000.0 25.0 2.0 1000.0 7276898.0
8800.0 0.0 1.0 3.0 112690535.0 398728.0 0.0 60220000.0 25.0 2.0 1000.0 7350737.0
8900.0 0.0 1.0 3.0 112601045.0 413663.0 0.0 60220000.0 25.0 2.0 1000.0 7425292.0
9000.0 0.0 1.0 3.0 112515396.0 424880.0 0.0 60220000.0 24.0 2.0 1000.0 7499724.0
9100.0 0.0 1.0 3.0 112432500.0 431887.0 0.0 60220000.0 23.0 2.0 1000.0 7575613.0
9200.0 0.0 1.0 3.0 112350863.0 438103.0 0.0 60220000.0 23.0 2.0 1000.0 7651034.0
9300.0 0.0 1.0 2.0 112269310.0 456478.0 0.0 60220000.0 23.0 2.0 1000.0 7714212.0
9400.0 0.0 1.0 2.0 112187383.0 487574.0 0.0 60220000.0 23.0 2.0 1000.0 7765043.0
9500.0 0.0 1.0 2.0 112107412.0 516047.0 0.0 60220000.0 21.0 2.0 1000.0 7816541.0
9600.0 0.0 1.0 2.0 112032226.0 539693.0 0.0 60220000.0 21.0 2.0 1000.0 7868081.0
9700.0 0.0 1.0 2.0 111957028.0 562621.0 0.0 60220000.0 21.0 2.0 1000.0 7920351.0
9800.0 0.0 1.0 2.0 111883074.0 584405.0 0.0 60220000.0 20.0 2.0 1000.0 7972521.0
9900.0 0.0 1.0 2.0 111811713.0 602619.0 0.0 60220000.0 20.0 2.0 1000.0 8025668.0
10000.0 0.0 1.0 2.0 111740312.0 621215.0 0.0 60220000.0 20.0 2.0 1000.0 8078473.0
10100.0 0.0 1.0 2.0 111671834.0 636390.0 0.0 60220000.0 17.0 2.0 1000.0 8131776.0
10200.0 0.0 1.0 2.0 111611262.0 643513.0 0.0 60220000.0 17.0 2.0 1000.0 8185225.0
10300.0 0.0 1.0 2.0 111553033.0 648937.0 0.0 60220000.0 16.0 2.0 1000.0 8238030.0
10400.0 0.0 1.0 2.0 111495721.0 653144.0 0.0 60220000.0 16.0 2.0 1000.0 8291135.0
10500.0 0.0 1.0 2.0 111438918.0 656625.0 0.0 60220000.0 16.0 2.0 1000.0 8344457.0
10600.0 0.0 1.0 2.0 111382702.0 659508.0 0.0 60220000.0 15.0 2.0 1000.0 8397790.0
10700.0 0.0 1.0 2.0 111329353.0 659626.0 0.0 60220000.0 15.0 2.0 1000.0 8451021.0
10800.0 0.0 1.0 2.0 111275695.0 660327.0 0.0 60220000.0 15.0 2.0 1000.0 8503978.0
10900.0 0.0 1.0 1.0 111222208.0 677685.0 0.0 60220000.0 15.0 2.0 1000.0 8540107.0
11000.0 0.0 1.0 1.0 111169190.0 703908.0 0.0 60220000.0 15.0 2.0 1000.0 8566902.0
11100.0 0.0 1.0 1.0 111115441.0 730944.0 0.0 60220000.0 15.0 2.0 1000.0 8593615.0
11200.0 0.0 1.0 1.0 111061710.0 757871.0 0.0 60220000.0 15.0 2.0 1000.0 8620419.0
11300.0 0.0 1.0 1.0 111008346.0 784277.0 0.0 60220000.0 15.0 2.0 1000.0 8647377.0
11400.0 0.0 1.0 1.0 110954747.0 810546.0 0.0 60220000.0 15.0 2.0 1000.0 8674707.0
11500.0 0.0 1.0 1.0 110904664.0 833127.0 0.0 60220000.0 13.0 2.0 1000.0 8702209.0
11600.0 1.0 0.0 3.0 110842131.0 858934.0 0.0 60220000.0 31.0 2.0 1000.0 8738935.0
11700.0 1.0 2.0 5.0 110672831.0 917964.0 0.0 60220000.0 65.0 2.0 1000.0 8849205.0
11800.0 1.0 0.0 9.0 110391400.0 1009714.0 0.0 60220000.0 93.0 2.0 1000.0 9038886.0
11900.0 1.0 2.0 12.0 110003256.0 1119088.0 0.0 60220000.0 120.0 2.0 1000.0 9317656.0
12000.0 1.0 0.0 17.0 109510062.0 1204834.0 0.0 60220000.0 156.0 2.0 1000.0 9725104.0
12100.0 1.0 3.0 22.0 108892103.0 1275840.0 0.0 60220000.0 196.0 2.0 1000.0 10272057.0
12200.0 1.0 0.0 27.0 108157217.0 1313143.0 0.0 60220000.0 219.0 2.0 1000.0 10969640.0
12300.0 0.0 0.0 28.0 107361397.0 1324587.0 0.0 60220000.0 224.0 2.0 1000.0 11754016.0
12400.0 0.0 0.0 28.0 106575888.0 1319989.0 0.0 60220000.0 218.0 2.0 1000.0 12544123.0
12500.0 0.0 0.0 28.0 105804186.0 1302151.0 0.0 60220000.0 215.0 2.0 1000.0 13333663.0
12600.0 0.0 0.0 27.0 105042295.0 1289460.0 0.0 60220000.0 212.0 2.0 1000.0 14108245.0
12700.0 0.0 0.0 27.0 104298466.0 1273237.0 0.0 60220000.0 204.0 2.0 1000.0 14868297.0
12800.0 1.0 2.0 27.0 103547552.0 1268415.0 0.0 60220000.0 226.0 2.0 1000.0 15624033.0
12900.0 0.0 2.0 25.0 102748903.0 1329187.0 0.0 60220000.0 220.0 2.0 1000.0 16361910.0
13000.0 0.0 2.0 24.0 101968005.0 1410289.0 0.0 60220000.0 218.0 2.0 1000.0 17061706.0
13100.0 0.0 2.0 24.0 101198553.0 1500518.0 0.0 60220000.0 214.0 2.0 1000.0 17740929.0
13200.0 0.0 2.0 24.0 100438177.0 1578121.0 0.0 60220000.0 213.0 2.0 1000.0 18423702.0
13300.0 0.0 2.0 23.0 99694077.0 1645307.0 0.0 60220000.0 207.0 2.0 1000.0 19100616.0
13400.0 0.0 2.0 23.0 98960265.0 1721355.0 0.0 60220000.0 205.0 2.0 1000.0 19758380.0
13500.0 0.0 2.0 22.0 98239642.0 1796617.0 0.0 60220000.0 200.0 2.0 1000.0 20403741.0
13600.0 0.0 2.0 22.0 97532243.0 1872992.0 0.0 60220000.0 199.0 2.0 1000.0 21034765.0
13700.0 0.0 2.0 22.0 96830139.0 1942849.0 0.0 60220000.0 196.0 2.0 1000.0 21667012.0
13800.0 0.0 2.0 22.0 96138014.0 2001679.0 0.0 60220000.0 194.0 2.0 1000.0 22300307.0
13900.0 1.0 2.0 24.0 95412852.0 2083648.0 0.0 60220000.0 222.0 2.0 1000.0 22943500.0
14000.0 1.0 0.0 30.0 94555531.0 2183020.0 0.0 60220000.0 260.0 2.0 1000.0 23701449.0
14100.0 1.0 0.0 33.0 93594768.0 2235372.0 0.0 60220000.0 286.0 2.0 1000.0 24609860.0
14200.0 0.0 2.0 32.0 92583241.0 2318834.0 0.0 60220000.0 282.0 2.0 1000.0 25537925.0
14300.0 0.0 2.0 30.0 91588255.0 2440631.0 0.0 60220000.0 277.0 2.0 1000.0 26411114.0
14400.0 1.0 0.0 31.0 90611843.0 2543468.0 0.0 60220000.0 279.0 2.0 1000.0 27284689.0
14500.0 0.0 0.0 34.0 89569705.0 2630663.0 0.0 60220000.0 296.0 2.0 1000.0 28239632.0
14600.0 1.0 0.0 35.0 88517242.0 2693711.0 0.0 60220000.0 303.0 2.0 1000.0 29229047.0
14700.0 2.0 1.0 40.0 87367960.0 2783413.0 0.0 60220000.0 345.0 2.0 1000.0 30288627.0
14800.0 1.0 0.0 44.0 86095847.0 2819242.0 0.0 60220000.0 372.0 2.0 1000.0 31524911.0
14900.0 0.0 3.0 45.0 84725124.0 2883093.0 0.0 60220000.0 388.0 2.0 1000.0 32831783.0
15000.0 0.0 3.0 42.0 83357564.0 3005788.0 0.0 60220000.0 384.0 2.0 1000.0 34076648.0
15100.0 0.0 3.0 42.0 82003334.0 3133506.0 0.0 60220000.0 381.0 2.0 1000.0 35303160.0
15200.0 0.0 3.0 42.0 80663468.0 3247059.0 0.0 60220000.0 376.0 2.0 1000.0 36529473.0
15300.0 0.0 3.0 42.0 79340949.0 3340017.0 0.0 60220000.0 370.0 2.0 1000.0 37759034.0
15400.0 0.0 3.0 41.0 78042051.0 3430811.0 0.0 60220000.0 366.0 2.0 1000.0 38967138.0
15500.0 0.0 2.0 41.0 76753212.0 3535553.0 0.0 60220000.0 362.0 2.0 1000.0 40151235.0
15600.0 2.0 3.0 44.0 75476354.0 3569656.0 0.0 60220000.0 374.0 2.0 1000.0 41393990.0
15700.0 1.0 1.0 53.0 74050715.0 3564939.0 0.0 60220000.0 434.0 2.0 1000.0 42824346.0
15800.0 1.0 0.0 58.0 72499298.0 3514258.0 0.0 60220000.0 450.0 2.0 1000.0 44426444.0
15900.0 0.0 2.0 55.0 70897028.0 3455305.0 0.0 60220000.0 449.0 2.0 1000.0 46087667.0
16000.0 1.0 1.0 55.0 69323654.0 3432406.0 0.0 60220000.0 441.0 2.0 1000.0 47683940.0
16100.0 0.0 2.0 54.0 67748696.0 3398953.0 0.0 60220000.0 444.0 2.0 1000.0 49292351.0
16200.0 0.0 2.0 52.0 66182938.0 3390556.0 0.0 60220000.0 440.0 2.0 1000.0 50866506.0
16300.0 0.0 2.0 50.0 64635321.0 3422657.0 0.0 60220000.0 431.0 2.0 1000.0 52382022.0
16400.0 1.0 1.0 52.0 63087463.0 3481794.0 0.0 60220000.0 447.0 2.0 1000.0 53870743.0
16500.0 1.0 2.0 54.0 61472980.0 3531615.0 0.0 60220000.0 460.0 2.0 1000.0 55435405.0
16600.0 2.0 2.0 53.0 59788233.0 3660596.0 0.0 60220000.0 500.0 2.0 1000.0 56991171.0
16700.0 1.0 3.0 60.0 57935936.0 3835885.0 0.0 60220000.0 550.0 2.0 1000.0 58668179.0
16800.0 0.0 1.0 63.0 55947682.0 3999794.0 0.0 60220000.0 564.0 2.0 1000.0 60492524.0
16900.0 1.0 2.0 64.0 53958617.0 4127427.0 0.0 60220000.0 568.0 2.0 1000.0 62353956.0
17000.0 0.0 2.0 63.0 51927396.0 4295100.0 0.0 60220000.0 577.0 2.0 1000.0 64217504.0
17100.0 1.0 0.0 67.0 49857661.0 4462423.0 0.0 60220000.0 594.0 2.0 1000.0 66119916.0
17200.0 1.0 3.0 69.0 47734007.0 4598941.0 0.0 60220000.0 617.0 2.0 1000.0 68107052.0
17300.0 0.0 3.0 72.0 45538583.0 4704398.0 0.0 60220000.0 627.0 2.0 1000.0 70197019.0
17400.0 0.0 3.0 69.0 43346125.0 4813484.0 0.0 60220000.0 614.0 2.0 1000.0 72280391.0
17500.0 0.0 3.0 68.0 41194519.0 4952593.0 0.0 60220000.0 606.0 2.0 1000.0 74292888.0
17600.0 0.0 3.0 66.0 39073130.0 5070867.0 0.0 60220000.0 599.0 2.0 1000.0 76296003.0
17700.0 0.0 3.0 66.0 36978966.0 5215450.0 0.0 60220000.0 588.0 2.0 1000.0 78245584.0
17800.0 0.0 3.0 65.0 34931105.0 5328358.0 0.0 60220000.0 577.0 2.0 1000.0 80180537.0
17900.0 1.0 1.0 66.0 32912462.0 5427714.0 0.0 60220000.0 573.0 2.0 1000.0 82099824.0
18000.0 0.0 2.0 63.0 30912953.0 5508676.0 0.0 60220000.0 565.0 2.0 1000.0 84018371.0
18100.0 0.0 2.0 63.0 28944015.0 5617010.0 0.0 60220000.0 559.0 2.0 1000.0 85878975.0
18200.0 1.0 0.0 63.0 26994388.0 5706105.0 0.0 60220000.0 560.0 2.0 1000.0 87739507.0
18300.0 0.0 1.0 63.0 25047143.0 5792260.0 0.0 60220000.0 550.0 2.0 1000.0 89600597.0
18400.0 0.0 2.0 63.0 23132987.0 5845973.0 0.0 60220000.0 541.0 2.0 1000.0 91461040.0
18500.0 0.0 2.0 62.0 21246273.0 5882915.0 0.0 60220000.0 531.0 2.0 1000.0 93310812.0
18600.0 0.0 2.0 61.0 19405626.0 5895730.0 0.0 60220000.0 520.0 2.0 1000.0 95138644.0
18700.0 0.0 2.0 60.0 17597258.0 5926577.0 0.0 60220000.0 514.0 2.0 1000.0 96916165.0
18800.0 0.0 2.0 59.0 15811345.0 5956864.0 0.0 60220000.0 510.0 2.0 1000.0 98671791.0
18900.0 0.0 2.0 58.0 14036974.0 6015216.0 0.0 60220000.0 502.0 2.0 1000.0 100387810.0
19000.0 0.0 2.0 58.0 12299438.0 6034782.0 0.0 60220000.0 494.0 2.0 1000.0 102105780.0
19100.0 0.0 2.0 58.0 10597439.0 6019135.0 0.0 60220000.0 486.0 2.0 1000.0 103823426.0
19200.0 1.0 3.0 60.0 8873269.0 6007141.0 0.0 60220000.0 506.0 2.0 1000.0 105559590.0
19300.0 2.0 2.0 66.0 7052716.0 5954979.0 0.0 60220000.0 545.0 2.0 1000.0 107432305.0
19400.0 2.0 3.0 69.0 5122841.0 5895467.0 0.0 60220000.0 578.0 2.0 1000.0 109421692.0
19500.0 1.0 3.0 71.0 3053114.0 5838994.0 0.0 60220000.0 627.0 2.0 1000.0 111547892.0
19600.0 2.0 3.0 76.0 976208.0 5735217.0 0.0 60220000.0 650.0 2.0 1000.0 113728575.0
19700.0 1.0 3.0 83.0 1951.0 4358619.0 0.0 60220000.0 687.0 2.0 1000.0 116079430.0
19800.0 2.0 0.0 89.0 1044.0 1876040.0 0.0 60220000.0 733.0 2.0 1000.0 118562916.0
19900.0 1.0 3.0 91.0 1.0 77.0 0.0 60220000.0 771.0 2.0 1000.0 120439922.0
