time rna_M monomer_betaGal protein_betaGal Lactose_external Lactose_internal Glucose_external Glucose_internal protein_Lactose_Permease dna_Lac_Operon Biomass Lactose_consumed
0.0 0.0 0.0 0.0 120440000.0 0.0 60220000.0 0.0 0.0 2.0 1000.0 0.0
100.0 0.0 0.0 0.0 120440000.0 0.0 30126827.0 30093173.0 0.0 2.0 1000.0 0.0
200.0 0.0 0.0 0.0 120440000.0 0.0 79371.0 60140629.0 0.0 2.0 1000.0 0.0
300.0 0.0 0.0 0.0 120440000.0 0.0 0.0 60220000.0 0.0 2.0 1000.0 0.0
400.0 0.0 0.0 0.0 120440000.0 0.0 0.0 60220000.0 0.0 2.0 1000.0 0.0
500.0 0.0 0.0 0.0 120440000.0 0.0 0.0 60220000.0 0.0 2.0 1000.0 0.0
600.0 0.0 0.0 0.0 120440000.0 0.0 0.0 60220000.0 0.0 2.0 1000.0 0.0
700.0 0.0 0.0 0.0 120440000.0 0.0 0.0 60220000.0 0.0 2.0 1000.0 0.0
800.0 0.0 0.0 0.0 120440000.0 0.0 0.0 60220000.0 0.0 2.0 1000.0 0.0
900.0 0.0 0.0 0.0 120440000.0 0.0 0.0 60220000.0 0.0 2.0 1000.0 0.0
1000.0 0.0 0.0 0.0 120440000.0 0.0 0.0 60220000.0 0.0 2.0 1000.0 0.0
1100.0 0.0 0.0 0.0 120440000.0 0.0 0.0 60220000.0 0.0 2.0 1000.0 0.0
1200.0 0.0 0.0 0.0 120440000.0 0.0 0.0 60220000.0 0.0 2.0 1000.0 0.0
1300.0 0.0 0.0 0.0 120440000.0 0.0 0.0 60220000.0 0.0 2.0 1000.0 0.0
1400.0 0.0 0.0 0.0 120440000.0 0.0 0.0 60220000.0 0.0 2.0 1000.0 0.0
1500.0 0.0 0.0 0.0 120440000.0 0.0 0.0 60220000.0 0.0 2.0 1000.0 0.0
1600.0 0.0 0.0 0.0 120440000.0 0.0 0.0 60220000.0 0.0 2.0 1000.0 0.0
1700.0 0.0 0.0 0.0 120440000.0 0.0 0.0 60220000.0 0.0 2.0 1000.0 0.0
1800.0 0.0 0.0 0.0 120440000.0 0.0 0.0 60220000.0 0.0 2.0 1000.0 0.0
1900.0 0.0 0.0 0.0 120440000.0 0.0 0.0 60220000.0 0.0 2.0 1000.0 0.0
2000.0 0.0 0.0 0.0 120440000.0 0.0 0.0 60220000.0 0.0 2.0 1000.0 0.0
2100.0 0.0 0.0 0.0 120440000.0 0.0 0.0 60220000.0 0.0 2.0 1000.0 0.0
2200.0 0.0 0.0 0.0 120440000.0 0.0 0.0 60220000.0 0.0 2.0 1000.0 0.0
2300.0 0.0 0.0 0.0 120440000.0 0.0 0.0 60220000.0 0.0 2.0 1000.0 0.0
2400.0 0.0 0.0 0.0 120440000.0 0.0 0.0 60220000.0 0.0 2.0 1000.0 0.0
2500.0 0.0 0.0 0.0 120440000.0 0.0 0.0 60220000.0 0.0 2.0 1000.0 0.0
2600.0 0.0 0.0 0.0 120440000.0 0.0 0.0 60220000.0 0.0 2.0 1000.0 0.0
2700.0 0.0 0.0 0.0 120440000.0 0.0 0.0 60220000.0 0.0 2.0 1000.0 0.0
2800.0 0.0 0.0 0.0 120440000.0 0.0 0.0 60220000.0 0.0 2.0 1000.0 0.0
2900.0 0.0 0.0 0.0 120440000.0 0.0 0.0 60220000.0 0.0 2.0 1000.0 0.0
3000.0 0.0 1.0 2.0 120398936.0 36193.0 0.0 60220000.0 27.0 2.0 1000.0 4871.0
3100.0 0.0 1.0 2.0 120303861.0 104267.0 0.0 60220000.0 26.0 2.0 1000.0 31872.0
3200.0 0.0 1.0 2.0 120210712.0 160808.0 0.0 60220000.0 26.0 2.0 1000.0 68480.0
3300.0 0.0 1.0 2.0 120118389.0 211985.0 0.0 60220000.0 25.0 2.0 1000.0 109626.0
3400.0 0.0 1.0 2.0 120028992.0 257521.0 0.0 60220000.0 25.0 2.0 1000.0 153487.0
3500.0 0.0 1.0 2.0 119939492.0 300737.0 0.0 60220000.0 25.0 2.0 1000.0 199771.0
3600.0 0.0 1.0 2.0 119851028.0 341530.0 0.0 60220000.0 24.0 2.0 1000.0 247442.0
3700.0 0.0 1.0 2.0 119765508.0 378411.0 0.0 60220000.0 24.0 2.0 1000.0 296081.0
3800.0 0.0 1.0 2.0 119679402.0 415181.0 0.0 60220000.0 24.0 2.0 1000.0 345417.0
3900.0 0.0 1.0 2.0 119599646.0 444986.0 0.0 60220000.0 22.0 2.0 1000.0 395368.0
4000.0 0.0 1.0 2.0 119520697.0 473359.0 0.0 60220000.0 22.0 2.0 1000.0 445944.0
4100.0 0.0 1.0 2.0 119442529.0 500433.0 0.0 60220000.0 22.0 2.0 1000.0 497038.0
4200.0 0.0 1.0 2.0 119364129.0 527378.0 0.0 60220000.0 22.0 2.0 1000.0 548493.0
4300.0 0.0 1.0 2.0 119285383.0 553748.0 0.0 60220000.0 22.0 2.0 1000.0 600869.0
4400.0 0.0 1.0 2.0 119207196.0 579452.0 0.0 60220000.0 22.0 2.0 1000.0 653352.0
4500.0 0.0 1.0 2.0 119131562.0 602650.0 0.0 60220000.0 21.0 2.0 1000.0 705788.0
4600.0 0.0 1.0 2.0 119056769.0 624735.0 0.0 60220000.0 21.0 2.0 1000.0 758496.0
4700.0 0.0 1.0 2.0 118981492.0 647409.0 0.0 60220000.0 21.0 2.0 1000.0 811099.0
4800.0 0.0 1.0 2.0 118906150.0 669438.0 0.0 60220000.0 21.0 2.0 1000.0 864412.0
4900.0 0.0 1.0 1.0 118832333.0 702016.0 0.0 60220000.0 20.0 2.0 1000.0 905651.0
5000.0 0.0 1.0 1.0 118761171.0 746244.0 0.0 60220000.0 20.0 2.0 1000.0 932585.0
5100.0 0.0 2.0 1.0 118674788.0 805699.0 0.0 60220000.0 31.0 2.0 1000.0 959513.0
5200.0 0.0 2.0 1.0 118564199.0 888794.0 0.0 60220000.0 31.0 2.0 1000.0 987007.0
5300.0 0.0 2.0 1.0 118455250.0 970114.0 0.0 60220000.0 30.0 2.0 1000.0 1014636.0
5400.0 0.0 2.0 1.0 118348469.0 1049367.0 0.0 60220000.0 30.0 2.0 1000.0 1042164.0
5500.0 0.0 2.0 1.0 118241545.0 1128228.0 0.0 60220000.0 30.0 2.0 1000.0 1070227.0
5600.0 0.0 2.0 1.0 118138162.0 1203542.0 0.0 60220000.0 28.0 2.0 1000.0 1098296.0
5700.0 0.0 2.0 1.0 118040323.0 1273270.0 0.0 60220000.0 27.0 2.0 1000.0 1126407.0
5800.0 0.0 2.0 1.0 117944218.0 1341388.0 0.0 60220000.0 27.0 2.0 1000.0 1154394.0
5900.0 0.0 2.0 1.0 117848715.0 1408726.0 0.0 60220000.0 26.0 2.0 1000.0 1182559.0
6000.0 0.0 2.0 1.0 117756211.0 1472800.0 0.0 60220000.0 26.0 2.0 1000.0 1210989.0
6100.0 0.0 2.0 1.0 117669977.0 1530775.0 0.0 60220000.0 24.0 2.0 1000.0 1239248.0
6200.0 0.0 2.0 1.0 117585044.0 1586875.0 0.0 60220000.0 24.0 2.0 1000.0 1268081.0
6300.0 0.0 2.0 1.0 117499838.0 1643661.0 0.0 60220000.0 24.0 2.0 1000.0 1296501.0
6400.0 0.0 2.0 1.0 117414040.0 1700822.0 0.0 60220000.0 24.0 2.0 1000.0 1325138.0
6500.0 0.0 2.0 1.0 117328815.0 1757307.0 0.0 60220000.0 24.0 2.0 1000.0 1353878.0
6600.0 0.0 2.0 1.0 117244865.0 1812458.0 0.0 60220000.0 22.0 2.0 1000.0 1382677.0
6700.0 0.0 2.0 1.0 117166356.0 1862521.0 0.0 60220000.0 22.0 2.0 1000.0 1411123.0
6800.0 0.0 2.0 1.0 117088215.0 1911908.0 0.0 60220000.0 22.0 2.0 1000.0 1439877.0
6900.0 0.0 3.0 2.0 116983354.0 1966011.0 0.0 60220000.0 33.0 2.0 1000.0 1490635.0
7000.0 0.0 3.0 2.0 116866011.0 2025841.0 0.0 60220000.0 33.0 2.0 1000.0 1548148.0
7100.0 0.0 3.0 2.0 116748470.0 2085783.0 0.0 60220000.0 33.0 2.0 1000.0 1605747.0
7200.0 0.0 3.0 2.0 116633827.0 2142508.0 0.0 60220000.0 32.0 2.0 1000.0 1663665.0
7300.0 0.0 3.0 2.0 116521672.0 2196282.0 0.0 60220000.0 31.0 2.0 1000.0 1722046.0
7400.0 0.0 3.0 2.0 116411453.0 2248887.0 0.0 60220000.0 31.0 2.0 1000.0 1779660.0
7500.0 0.0 3.0 2.0 116300969.0 2301870.0 0.0 60220000.0 31.0 2.0 1000.0 1837161.0
7600.0 0.0 3.0 2.0 116193163.0 2352192.0 0.0 60220000.0 30.0 2.0 1000.0 1894645.0
7700.0 0.0 3.0 2.0 116086404.0 2400757.0 0.0 60220000.0 30.0 2.0 1000.0 1952839.0
7800.0 0.0 3.0 2.0 115980654.0 2448444.0 0.0 60220000.0 29.0 2.0 1000.0 2010902.0
7900.0 0.0 3.0 2.0 115879984.0 2491080.0 0.0 60220000.0 28.0 2.0 1000.0 2068936.0
8000.0 0.0 3.0 2.0 115780999.0 2531857.0 0.0 60220000.0 28.0 2.0 1000.0 2127144.0
8100.0 0.0 3.0 2.0 115682263.0 2572146.0 0.0 60220000.0 28.0 2.0 1000.0 2185591.0
8200.0 0.0 3.0 2.0 115586808.0 2609243.0 0.0 60220000.0 26.0 2.0 1000.0 2243949.0
8300.0 0.0 3.0 2.0 115494703.0 2643333.0 0.0 60220000.0 26.0 2.0 1000.0 2301964.0
8400.0 0.0 3.0 2.0 115402867.0 2676762.0 0.0 60220000.0 26.0 2.0 1000.0 2360371.0
8500.0 0.0 3.0 2.0 115310810.0 2710156.0 0.0 60220000.0 26.0 2.0 1000.0 2419034.0
8600.0 0.0 3.0 2.0 115218830.0 2743936.0 0.0 60220000.0 26.0 2.0 1000.0 2477234.0
8700.0 1.0 1.0 7.0 115056218.0 2788051.0 0.0 60220000.0 69.0 2.0 1000.0 2595731.0
8800.0 1.0 0.0 11.0 114749324.0 2827758.0 0.0 60220000.0 100.0 2.0 1000.0 2862918.0
8900.0 0.0 3.0 10.0 114385068.0 2884161.0 0.0 60220000.0 103.0 2.0 1000.0 3170771.0
9000.0 0.0 3.0 10.0 114020977.0 2955618.0 0.0 60220000.0 101.0 2.0 1000.0 3463405.0
9100.0 0.0 3.0 10.0 113666250.0 3018253.0 0.0 60220000.0 98.0 2.0 1000.0 3755497.0
9200.0 0.0 1.0 11.0 113307203.0 3068517.0 0.0 60220000.0 104.0 2.0 1000.0 4064280.0
9300.0 0.0 2.0 10.0 112936199.0 3133984.0 0.0 60220000.0 105.0 2.0 1000.0 4369817.0
9400.0 0.0 2.0 10.0 112564435.0 3213249.0 0.0 60220000.0 104.0 2.0 1000.0 4662316.0
9500.0 1.0 0.0 12.0 112173228.0 3292680.0 0.0 60220000.0 123.0 2.0 1000.0 4974092.0
9600.0 2.0 3.0 17.0 111679146.0 3380927.0 0.0 60220000.0 165.0 2.0 1000.0 5379927.0
9700.0 0.0 0.0 21.0 111004073.0 3481472.0 0.0 60220000.0 202.0 2.0 1000.0 5954455.0
9800.0 0.0 0.0 21.0 110289708.0 3579460.0 0.0 60220000.0 200.0 2.0 1000.0 6570832.0
9900.0 0.0 0.0 21.0 109588705.0 3665581.0 0.0 60220000.0 196.0 2.0 1000.0 7185714.0
10000.0 0.0 0.0 20.0 108900421.0 3745291.0 0.0 60220000.0 193.0 2.0 1000.0 7794288.0
10100.0 1.0 3.0 23.0 108194322.0 3823947.0 0.0 60220000.0 212.0 2.0 1000.0 8421731.0
10200.0 1.0 3.0 28.0 107389128.0 3863525.0 0.0 60220000.0 242.0 2.0 1000.0 9187347.0
10300.0 1.0 3.0 35.0 106471368.0 3829451.0 0.0 60220000.0 277.0 2.0 1000.0 10139181.0
10400.0 0.0 0.0 36.0 105454504.0 3799040.0 0.0 60220000.0 288.0 2.0 1000.0 11186456.0
10500.0 0.0 0.0 36.0 104443507.0 3752922.0 0.0 60220000.0 284.0 2.0 1000.0 12243571.0
10600.0 0.0 0.0 34.0 103440913.0 3730156.0 0.0 60220000.0 281.0 2.0 1000.0 13268931.0
10700.0 0.0 0.0 34.0 102457239.0 3717716.0 0.0 60220000.0 276.0 2.0 1000.0 14265045.0
10800.0 0.0 0.0 32.0 101486787.0 3720400.0 0.0 60220000.0 273.0 2.0 1000.0 15232813.0
10900.0 0.0 0.0 32.0 100524432.0 3745169.0 0.0 60220000.0 271.0 2.0 1000.0 16170399.0
11000.0 1.0 1.0 34.0 99557608.0 3758676.0 0.0 60220000.0 284.0 2.0 1000.0 17123716.0
11100.0 0.0 2.0 34.0 98510683.0 3788377.0 0.0 60220000.0 302.0 2.0 1000.0 18140940.0
11200.0 1.0 0.0 35.0 97459281.0 3842329.0 0.0 60220000.0 296.0 2.0 1000.0 19138390.0
11300.0 1.0 3.0 38.0 96360330.0 3867782.0 0.0 60220000.0 327.0 2.0 1000.0 20211888.0
11400.0 0.0 0.0 39.0 95200974.0 3876930.0 0.0 60220000.0 327.0 2.0 1000.0 21362096.0
11500.0 0.0 0.0 39.0 94050725.0 3883056.0 0.0 60220000.0 322.0 2.0 1000.0 22506219.0
11600.0 0.0 0.0 39.0 92921722.0 3865581.0 0.0 60220000.0 317.0 2.0 1000.0 23652697.0
11700.0 0.0 0.0 37.0 91805957.0 3878869.0 0.0 60220000.0 314.0 2.0 1000.0 24755174.0
11800.0 0.0 0.0 35.0 90696149.0 3922031.0 0.0 60220000.0 311.0 2.0 1000.0 25821820.0
11900.0 0.0 0.0 33.0 89598984.0 4007545.0 0.0 60220000.0 308.0 2.0 1000.0 26833471.0
12000.0 1.0 3.0 33.0 88524832.0 4111942.0 0.0 60220000.0 303.0 2.0 1000.0 27803226.0
12100.0 1.0 3.0 38.0 87397970.0 4175400.0 0.0 60220000.0 332.0 2.0 1000.0 28866630.0
12200.0 0.0 3.0 39.0 86208810.0 4218083.0 0.0 60220000.0 337.0 2.0 1000.0 30013107.0
12300.0 1.0 2.0 40.0 85029935.0 4246683.0 0.0 60220000.0 334.0 2.0 1000.0 31163382.0
12400.0 1.0 2.0 42.0 83794136.0 4281365.0 0.0 60220000.0 362.0 2.0 1000.0 32364499.0
12500.0 1.0 3.0 45.0 82464862.0 4322416.0 0.0 60220000.0 382.0 2.0 1000.0 33652722.0
12600.0 3.0 1.0 53.0 81033232.0 4312945.0 0.0 60220000.0 427.0 2.0 1000.0 35093823.0
12700.0 2.0 2.0 61.0 79397228.0 4259219.0 0.0 60220000.0 493.0 2.0 1000.0 36783553.0
12800.0 2.0 2.0 68.0 77582505.0 4159228.0 0.0 60220000.0 534.0 2.0 1000.0 38698267.0
12900.0 1.0 0.0 73.0 75646252.0 4005456.0 0.0 60220000.0 562.0 2.0 1000.0 40788292.0
13000.0 1.0 2.0 72.0 73665935.0 3892181.0 0.0 60220000.0 559.0 2.0 1000.0 42881884.0
13100.0 1.0 2.0 72.0 71660180.0 3780604.0 0.0 60220000.0 564.0 2.0 1000.0 44999216.0
13200.0 1.0 0.0 74.0 69622591.0 3703094.0 0.0 60220000.0 591.0 2.0 1000.0 47114315.0
13300.0 0.0 1.0 73.0 67548531.0 3609485.0 0.0 60220000.0 581.0 2.0 1000.0 49281984.0
13400.0 0.0 1.0 73.0 65516484.0 3503679.0 0.0 60220000.0 570.0 2.0 1000.0 51419837.0
13500.0 0.0 1.0 71.0 63526277.0 3400647.0 0.0 60220000.0 555.0 2.0 1000.0 53513076.0
13600.0 1.0 1.0 74.0 61533034.0 3294172.0 0.0 60220000.0 580.0 2.0 1000.0 55612794.0
13700.0 2.0 1.0 81.0 59401274.0 3184003.0 0.0 60220000.0 629.0 2.0 1000.0 57854723.0
13800.0 1.0 1.0 83.0 57136623.0 3052072.0 0.0 60220000.0 649.0 2.0 1000.0 60251305.0
13900.0 0.0 1.0 83.0 54830574.0 2928003.0 0.0 60220000.0 648.0 2.0 1000.0 62681423.0
14000.0 0.0 1.0 82.0 52565894.0 2792173.0 0.0 60220000.0 633.0 2.0 1000.0 65081933.0
14100.0 0.0 2.0 80.0 50341250.0 2656604.0 0.0 60220000.0 624.0 2.0 1000.0 67442146.0
14200.0 0.0 2.0 80.0 48154573.0 2521649.0 0.0 60220000.0 613.0 2.0 1000.0 69763778.0
14300.0 0.0 2.0 79.0 45994804.0 2366013.0 0.0 60220000.0 606.0 2.0 1000.0 72079183.0
14400.0 0.0 2.0 79.0 43858729.0 2211815.0 0.0 60220000.0 599.0 2.0 1000.0 74369456.0
14500.0 0.0 2.0 79.0 41752843.0 2037233.0 0.0 60220000.0 590.0 2.0 1000.0 76649924.0
14600.0 0.0 2.0 78.0 39681545.0 1846295.0 0.0 60220000.0 583.0 2.0 1000.0 78912160.0
14700.0 0.0 2.0 77.0 37638163.0 1662745.0 0.0 60220000.0 569.0 2.0 1000.0 81139092.0
14800.0 0.0 2.0 75.0 35630695.0 1521565.0 0.0 60220000.0 560.0 2.0 1000.0 83287740.0
14900.0 0.0 2.0 73.0 33655996.0 1403418.0 0.0 60220000.0 553.0 2.0 1000.0 85380586.0
15000.0 0.0 2.0 72.0 31725302.0 1298614.0 0.0 60220000.0 539.0 2.0 1000.0 87416084.0
15100.0 0.0 2.0 71.0 29828771.0 1189720.0 0.0 60220000.0 530.0 2.0 1000.0 89421509.0
15200.0 0.0 2.0 71.0 27964420.0 1072018.0 0.0 60220000.0 521.0 2.0 1000.0 91403562.0
15300.0 1.0 2.0 69.0 26106815.0 1002861.0 0.0 60220000.0 531.0 2.0 1000.0 93330324.0
15400.0 1.0 3.0 69.0 24198572.0 998158.0 0.0 60220000.0 545.0 2.0 1000.0 95243270.0
15500.0 1.0 1.0 74.0 22245091.0 967056.0 0.0 60220000.0 560.0 2.0 1000.0 97227853.0
15600.0 0.0 2.0 75.0 20271761.0 879312.0 0.0 60220000.0 550.0 2.0 1000.0 99288927.0
15700.0 0.0 2.0 75.0 18330663.0 780980.0 0.0 60220000.0 543.0 2.0 1000.0 101328357.0
15800.0 0.0 2.0 73.0 16418929.0 690409.0 0.0 60220000.0 538.0 2.0 1000.0 103330662.0
15900.0 0.0 2.0 72.0 14537295.0 634990.0 0.0 60220000.0 527.0 2.0 1000.0 105267715.0
16000.0 0.0 2.0 72.0 12703930.0 571343.0 0.0 60220000.0 514.0 2.0 1000.0 107164727.0
16100.0 0.0 2.0 70.0 10904125.0 521350.0 0.0 60220000.0 504.0 2.0 1000.0 109014525.0
16200.0 0.0 2.0 70.0 9150001.0 478532.0 0.0 60220000.0 496.0 2.0 1000.0 110811467.0
16300.0 0.0 2.0 69.0 7428360.0 442729.0 0.0 60220000.0 486.0 2.0 1000.0 112568911.0
16400.0 0.0 2.0 68.0 5741816.0 420531.0 0.0 60220000.0 480.0 2.0 1000.0 114277653.0
16500.0 0.0 2.0 66.0 4098180.0 404050.0 0.0 60220000.0 467.0 2.0 1000.0 115937770.0
16600.0 0.0 2.0 64.0 2514483.0 381149.0 0.0 60220000.0 459.0 2.0 1000.0 117544368.0
16700.0 0.0 2.0 61.0 1030309.0 327984.0 0.0 60220000.0 447.0 2.0 1000.0 119081707.0
16800.0 0.0 2.0 60.0 25056.0 45921.0 0.0 60220000.0 442.0 2.0 1000.0 120369023.0
16900.0 0.0 2.0 59.0 2.0 4.0 0.0 60220000.0 434.0 2.0 1000.0 120439994.0
17000.0 0.0 2.0 59.0 0.0 0.0 0.0 60220000.0 423.0 2.0 1000.0 120440000.0
17100.0 0.0 2.0 57.0 0.0 0.0 0.0 60220000.0 414.0 2.0 1000.0 120440000.0
17200.0 0.0 2.0 56.0 0.0 0.0 0.0 60220000.0 410.0 2.0 1000.0 120440000.0
17300.0 0.0 2.0 55.0 0.0 0.0 0.0 60220000.0 401.0 2.0 1000.0 120440000.0
17400.0 0.0 2.0 55.0 0.0 0.0 0.0 60220000.0 394.0 2.0 1000.0 120440000.0
17500.0 0.0 2.0 54.0 0.0 0.0 0.0 60220000.0 385.0 2.0 1000.0 120440000.0
17600.0 1.0 2.0 54.0 0.0 0.0 0.0 60220000.0 383.0 2.0 1000.0 120440000.0
17700.0 0.0 3.0 57.0 0.0 0.0 0.0 60220000.0 409.0 2.0 1000.0 120440000.0
17800.0 0.0 3.0 56.0 0.0 0.0 0.0 60220000.0 405.0 2.0 1000.0 120440000.0
17900.0 0.0 3.0 56.0 0.0 0.0 0.0 60220000.0 400.0 2.0 1000.0 120440000.0
18000.0 0.0 3.0 55.0 0.0 0.0 0.0 60220000.0 398.0 2.0 1000.0 120440000.0
18100.0 0.0 3.0 54.0 0.0 0.0 0.0 60220000.0 395.0 2.0 1000.0 120440000.0
18200.0 0.0 3.0 53.0 0.0 0.0 0.0 60220000.0 385.0 2.0 1000.0 120440000.0
18300.0 0.0 3.0 51.0 0.0 0.0 0.0 60220000.0 375.0 2.0 1000.0 120440000.0
18400.0 0.0 3.0 50.0 0.0 0.0 0.0 60220000.0 369.0 2.0 1000.0 120440000.0
18500.0 0.0 3.0 48.0 0.0 0.0 0.0 60220000.0 364.0 2.0 1000.0 120440000.0
18600.0 0.0 3.0 47.0 0.0 0.0 0.0 60220000.0 357.0 2.0 1000.0 120440000.0
18700.0 0.0 3.0 46.0 0.0 0.0 0.0 60220000.0 355.0 2.0 1000.0 120440000.0
18800.0 0.0 3.0 45.0 0.0 0.0 0.0 60220000.0 349.0 2.0 1000.0 120440000.0
18900.0 0.0 3.0 45.0 0.0 0.0 0.0 60220000.0 343.0 2.0 1000.0 120440000.0
19000.0 1.0 0.0 49.0 0.0 0.0 0.0 60220000.0 346.0 2.0 1000.0 120440000.0
19100.0 0.0 3.0 49.0 0.0 0.0 0.0 60220000.0 344.0 2.0 1000.0 120440000.0
19200.0 0.0 3.0 49.0 0.0 0.0 0.0 60220000.0 337.0 2.0 1000.0 120440000.0
19300.0 0.0 3.0 48.0 0.0 0.0 0.0 60220000.0 329.0 2.0 1000.0 120440000.0
19400.0 0.0 3.0 48.0 0.0 0.0 0.0 60220000.0 323.0 2.0 1000.0 120440000.0
19500.0 0.0 3.0 48.0 0.0 0.0 0.0 60220000.0 320.0 2.0 1000.0 120440000.0
19600.0 0.0 3.0 48.0 0.0 0.0 0.0 60220000.0 316.0 2.0 1000.0 120440000.0
19700.0 0.0 3.0 47.0 0.0 0.0 0.0 60220000.0 312.0 2.0 1000.0 120440000.0
19800.0 0.0 3.0 45.0 0.0 0.0 0.0 60220000.0 305.0 2.0 1000.0 120440000.0
19900.0 0.0 3.0 43.0 0.0 0.0 0.0 60220000.0 300.0 2.0 1000.0 120440000.0
