time rna_M monomer_betaGal protein_betaGal Lactose_external Lactose_internal Glucose_external Glucose_internal protein_Lactose_Permease dna_Lac_Operon Biomass Lactose_consumed
0.0 0.0 0.0 0.0 120440000.0 0.0 60220000.0 0.0 0.0 2.0 1000.0 0.0
100.0 0.0 0.0 0.0 120440000.0 0.0 30140860.0 30079140.0 0.0 2.0 1000.0 0.0
200.0 0.0 0.0 0.0 120440000.0 0.0 95841.0 60124159.0 0.0 2.0 1000.0 0.0
300.0 0.0 0.0 0.0 120440000.0 0.0 0.0 60220000.0 0.0 2.0 1000.0 0.0
400.0 0.0 0.0 0.0 120440000.0 0.0 0.0 60220000.0 0.0 2.0 1000.0 0.0
500.0 0.0 0.0 0.0 120440000.0 0.0 0.0 60220000.0 0.0 2.0 1000.0 0.0
600.0 0.0 0.0 0.0 120440000.0 0.0 0.0 60220000.0 0.0 2.0 1000.0 0.0
700.0 0.0 0.0 0.0 120440000.0 0.0 0.0 60220000.0 0.0 2.0 1000.0 0.0
800.0 0.0 0.0 0.0 120440000.0 0.0 0.0 60220000.0 0.0 2.0 1000.0 0.0
900.0 0.0 0.0 0.0 120440000.0 0.0 0.0 60220000.0 0.0 2.0 1000.0 0.0
1000.0 0.0 0.0 0.0 120440000.0 0.0 0.0 60220000.0 0.0 2.0 1000.0 0.0
1100.0 0.0 0.0 0.0 120440000.0 0.0 0.0 60220000.0 0.0 2.0 1000.0 0.0
1200.0 0.0 0.0 0.0 120440000.0 0.0 0.0 60220000.0 0.0 2.0 1000.0 0.0
1300.0 0.0 0.0 0.0 120440000.0 0.0 0.0 60220000.0 0.0 2.0 1000.0 0.0
1400.0 0.0 0.0 0.0 120440000.0 0.0 0.0 60220000.0 0.0 2.0 1000.0 0.0
1500.0 0.0 0.0 0.0 120440000.0 0.0 0.0 60220000.0 0.0 2.0 1000.0 0.0
1600.0 0.0 0.0 0.0 120440000.0 0.0 0.0 60220000.0 0.0 2.0 1000.0 0.0
1700.0 0.0 0.0 0.0 120440000.0 0.0 0.0 60220000.0 0.0 2.0 1000.0 0.0
1800.0 0.0 0.0 0.0 120440000.0 0.0 0.0 60220000.0 0.0 2.0 1000.0 0.0
1900.0 0.0 0.0 0.0 120440000.0 0.0 0.0 60220000.0 0.0 2.0 1000.0 0.0
2000.0 0.0 0.0 0.0 120440000.0 0.0 0.0 60220000.0 0.0 2.0 1000.0 0.0
2100.0 0.0 0.0 0.0 120440000.0 0.0 0.0 60220000.0 0.0 2.0 1000.0 0.0
2200.0 0.0 0.0 0.0 120440000.0 0.0 0.0 60220000.0 0.0 2.0 1000.0 0.0
2300.0 0.0 0.0 0.0 120440000.0 0.0 0.0 60220000.0 0.0 2.0 1000.0 0.0
2400.0 0.0 0.0 0.0 120440000.0 0.0 0.0 60220000.0 0.0 2.0 1000.0 0.0
2500.0 0.0 0.0 0.0 120440000.0 0.0 0.0 60220000.0 0.0 2.0 1000.0 0.0
2600.0 0.0 0.0 0.0 120440000.0 0.0 0.0 60220000.0 0.0 2.0 1000.0 0.0
2700.0 0.0 0.0 0.0 120440000.0 0.0 0.0 60220000.0 0.0 2.0 1000.0 0.0
2800.0 0.0 0.0 0.0 120440000.0 0.0 0.0 60220000.0 0.0 2.0 1000.0 0.0
2900.0 0.0 0.0 0.0 120440000.0 0.0 0.0 60220000.0 0.0 2.0 1000.0 0.0
3000.0 0.0 0.0 0.0 120440000.0 0.0 0.0 60220000.0 0.0 2.0 1000.0 0.0
3100.0 0.0 0.0 0.0 120440000.0 0.0 0.0 60220000.0 0.0 2.0 1000.0 0.0
3200.0 0.0 0.0 0.0 120440000.0 0.0 0.0 60220000.0 0.0 2.0 1000.0 0.0
3300.0 0.0 0.0 0.0 120440000.0 0.0 0.0 60220000.0 0.0 2.0 1000.0 0.0
3400.0 0.0 0.0 0.0 120440000.0 0.0 0.0 60220000.0 0.0 2.0 1000.0 0.0
3500.0 0.0 0.0 0.0 120440000.0 0.0 0.0 60220000.0 0.0 2.0 1000.0 0.0
3600.0 0.0 0.0 0.0 120440000.0 0.0 0.0 60220000.0 0.0 2.0 1000.0 0.0
3700.0 0.0 0.0 0.0 120440000.0 0.0 0.0 60220000.0 0.0 2.0 1000.0 0.0
3800.0 0.0 0.0 0.0 120440000.0 0.0 0.0 60220000.0 0.0 2.0 1000.0 0.0
3900.0 0.0 0.0 0.0 120440000.0 0.0 0.0 60220000.0 0.0 2.0 1000.0 0.0
4000.0 0.0 0.0 0.0 120440000.0 0.0 0.0 60220000.0 0.0 2.0 1000.0 0.0
4100.0 0.0 0.0 0.0 120440000.0 0.0 0.0 60220000.0 0.0 2.0 1000.0 0.0
4200.0 0.0 0.0 0.0 120440000.0 0.0 0.0 60220000.0 0.0 2.0 1000.0 0.0
4300.0 0.0 0.0 0.0 120440000.0 0.0 0.0 60220000.0 0.0 2.0 1000.0 0.0
4400.0 0.0 0.0 0.0 120440000.0 0.0 0.0 60220000.0 0.0 2.0 1000.0 0.0
4500.0 0.0 0.0 0.0 120440000.0 0.0 0.0 60220000.0 0.0 2.0 1000.0 0.0
4600.0 0.0 0.0 0.0 120440000.0 0.0 0.0 60220000.0 0.0 2.0 1000.0 0.0
4700.0 0.0 0.0 0.0 120440000.0 0.0 0.0 60220000.0 0.0 2.0 1000.0 0.0
4800.0 0.0 0.0 0.0 120440000.0 0.0 0.0 60220000.0 0.0 2.0 1000.0 0.0
4900.0 0.0 0.0 0.0 120440000.0 0.0 0.0 60220000.0 0.0 2.0 1000.0 0.0
5000.0 0.0 0.0 0.0 120440000.0 0.0 0.0 60220000.0 0.0 2.0 1000.0 0.0
5100.0 0.0 0.0 0.0 120440000.0 0.0 0.0 60220000.0 0.0 2.0 1000.0 0.0
5200.0 0.0 0.0 0.0 120440000.0 0.0 0.0 60220000.0 0.0 2.0 1000.0 0.0
5300.0 0.0 0.0 0.0 120440000.0 0.0 0.0 60220000.0 0.0 2.0 1000.0 0.0
5400.0 0.0 0.0 0.0 120440000.0 0.0 0.0 60220000.0 0.0 2.0 1000.0 0.0
5500.0 0.0 0.0 0.0 120440000.0 0.0 0.0 60220000.0 0.0 2.0 1000.0 0.0
5600.0 0.0 0.0 0.0 120440000.0 0.0 0.0 60220000.0 0.0 2.0 1000.0 0.0
5700.0 0.0 0.0 0.0 120440000.0 0.0 0.0 60220000.0 0.0 2.0 1000.0 0.0
5800.0 0.0 0.0 0.0 120440000.0 0.0 0.0 60220000.0 0.0 2.0 1000.0 0.0
5900.0 0.0 0.0 0.0 120440000.0 0.0 0.0 60220000.0 0.0 2.0 1000.0 0.0
6000.0 0.0 0.0 0.0 120440000.0 0.0 0.0 60220000.0 0.0 2.0 1000.0 0.0
6100.0 0.0 0.0 0.0 120440000.0 0.0 0.0 60220000.0 0.0 2.0 1000.0 0.0
6200.0 0.0 0.0 0.0 120440000.0 0.0 0.0 60220000.0 0.0 2.0 1000.0 0.0
6300.0 0.0 0.0 0.0 120440000.0 0.0 0.0 60220000.0 0.0 2.0 1000.0 0.0
6400.0 0.0 0.0 0.0 120440000.0 0.0 0.0 60220000.0 0.0 2.0 1000.0 0.0
6500.0 0.0 0.0 0.0 120440000.0 0.0 0.0 60220000.0 0.0 2.0 1000.0 0.0
6600.0 0.0 0.0 0.0 120440000.0 0.0 0.0 60220000.0 0.0 2.0 1000.0 0.0
6700.0 0.0 0.0 0.0 120440000.0 0.0 0.0 60220000.0 0.0 2.0 1000.0 0.0
6800.0 0.0 0.0 0.0 120440000.0 0.0 0.0 60220000.0 0.0 2.0 1000.0 0.0
6900.0 0.0 0.0 0.0 120440000.0 0.0 0.0 60220000.0 0.0 2.0 1000.0 0.0
7000.0 0.0 0.0 0.0 120440000.0 0.0 0.0 60220000.0 0.0 2.0 1000.0 0.0
7100.0 0.0 0.0 0.0 120440000.0 0.0 0.0 60220000.0 0.0 2.0 1000.0 0.0
7200.0 0.0 0.0 0.0 120440000.0 0.0 0.0 60220000.0 0.0 2.0 1000.0 0.0
7300.0 0.0 0.0 0.0 120440000.0 0.0 0.0 60220000.0 0.0 2.0 1000.0 0.0
7400.0 0.0 0.0 0.0 120440000.0 0.0 0.0 60220000.0 0.0 2.0 1000.0 0.0
7500.0 0.0 0.0 0.0 120440000.0 0.0 0.0 60220000.0 0.0 2.0 1000.0 0.0
7600.0 0.0 0.0 0.0 120440000.0 0.0 0.0 60220000.0 0.0 2.0 1000.0 0.0
7700.0 0.0 0.0 0.0 120440000.0 0.0 0.0 60220000.0 0.0 2.0 1000.0 0.0
7800.0 0.0 0.0 0.0 120440000.0 0.0 0.0 60220000.0 0.0 2.0 1000.0 0.0
7900.0 0.0 0.0 0.0 120440000.0 0.0 0.0 60220000.0 0.0 2.0 1000.0 0.0
8000.0 0.0 0.0 0.0 120440000.0 0.0 0.0 60220000.0 0.0 2.0 1000.0 0.0
8100.0 0.0 0.0 0.0 120440000.0 0.0 0.0 60220000.0 0.0 2.0 1000.0 0.0
8200.0 0.0 0.0 0.0 120440000.0 0.0 0.0 60220000.0 0.0 2.0 1000.0 0.0
8300.0 0.0 0.0 0.0 120440000.0 0.0 0.0 60220000.0 0.0 2.0 1000.0 0.0
8400.0 0.0 0.0 0.0 120440000.0 0.0 0.0 60220000.0 0.0 2.0 1000.0 0.0
8500.0 0.0 0.0 0.0 120440000.0 0.0 0.0 60220000.0 0.0 2.0 1000.0 0.0
8600.0 0.0 0.0 0.0 120440000.0 0.0 0.0 60220000.0 0.0 2.0 1000.0 0.0
8700.0 1.0 3.0 3.0 120407968.0 25707.0 0.0 60220000.0 21.0 2.0 1000.0 6325.0
8800.0 1.0 1.0 6.0 120279642.0 97989.0 0.0 60220000.0 52.0 2.0 1000.0 62369.0
8900.0 1.0 0.0 11.0 120060660.0 162992.0 0.0 60220000.0 74.0 2.0 1000.0 216348.0
9000.0 1.0 1.0 15.0 119767804.0 204072.0 0.0 60220000.0 88.0 2.0 1000.0 468124.0
9100.0 1.0 2.0 18.0 119401888.0 209250.0 0.0 60220000.0 117.0 2.0 1000.0 828862.0
9200.0 1.0 3.0 22.0 118931186.0 243464.0 0.0 60220000.0 146.0 2.0 1000.0 1265350.0
9300.0 1.0 1.0 27.0 118364684.0 260472.0 0.0 60220000.0 170.0 2.0 1000.0 1814844.0
9400.0 1.0 1.0 29.0 117716787.0 269649.0 0.0 60220000.0 191.0 2.0 1000.0 2453564.0
9500.0 1.0 0.0 30.0 116994407.0 308001.0 0.0 60220000.0 212.0 2.0 1000.0 3137592.0
9600.0 1.0 2.0 29.0 116189676.0 388629.0 0.0 60220000.0 233.0 2.0 1000.0 3861695.0
9700.0 1.0 2.0 34.0 115318410.0 464359.0 0.0 60220000.0 254.0 2.0 1000.0 4657231.0
9800.0 1.0 3.0 37.0 114351598.0 509718.0 0.0 60220000.0 284.0 2.0 1000.0 5578684.0
9900.0 0.0 1.0 38.0 113310762.0 565735.0 0.0 60220000.0 293.0 2.0 1000.0 6563503.0
10000.0 0.0 1.0 38.0 112271181.0 607040.0 0.0 60220000.0 288.0 2.0 1000.0 7561779.0
10100.0 0.0 1.0 37.0 111250775.0 645898.0 0.0 60220000.0 284.0 2.0 1000.0 8543327.0
10200.0 0.0 1.0 35.0 110241587.0 684145.0 0.0 60220000.0 282.0 2.0 1000.0 9514268.0
10300.0 0.0 1.0 35.0 109249811.0 738842.0 0.0 60220000.0 273.0 2.0 1000.0 10451347.0
10400.0 0.0 1.0 34.0 108277489.0 767671.0 0.0 60220000.0 271.0 2.0 1000.0 11394840.0
10500.0 0.0 1.0 34.0 107327724.0 796036.0 0.0 60220000.0 263.0 2.0 1000.0 12316240.0
10600.0 0.0 1.0 34.0 106396317.0 804361.0 0.0 60220000.0 260.0 2.0 1000.0 13239322.0
10700.0 0.0 1.0 33.0 105480559.0 821679.0 0.0 60220000.0 256.0 2.0 1000.0 14137762.0
10800.0 0.0 1.0 33.0 104571996.0 830832.0 0.0 60220000.0 252.0 2.0 1000.0 15037172.0
10900.0 0.0 1.0 32.0 103676317.0 846346.0 0.0 60220000.0 249.0 2.0 1000.0 15917337.0
11000.0 0.0 1.0 31.0 102796674.0 856592.0 0.0 60220000.0 246.0 2.0 1000.0 16786734.0
11100.0 0.0 1.0 31.0 101930302.0 874715.0 0.0 60220000.0 242.0 2.0 1000.0 17634983.0
11200.0 0.0 1.0 30.0 101077499.0 901190.0 0.0 60220000.0 238.0 2.0 1000.0 18461311.0
11300.0 0.0 1.0 30.0 100234838.0 920077.0 0.0 60220000.0 235.0 2.0 1000.0 19285085.0
11400.0 0.0 1.0 30.0 99408959.0 921050.0 0.0 60220000.0 230.0 2.0 1000.0 20109991.0
11500.0 0.0 1.0 30.0 98599092.0 906304.0 0.0 60220000.0 226.0 2.0 1000.0 20934604.0
11600.0 0.0 1.0 30.0 97800375.0 882943.0 0.0 60220000.0 223.0 2.0 1000.0 21756682.0
11700.0 0.0 1.0 29.0 97020490.0 866199.0 0.0 60220000.0 216.0 2.0 1000.0 22553311.0
11800.0 0.0 1.0 28.0 96252121.0 868592.0 0.0 60220000.0 214.0 2.0 1000.0 23319287.0
11900.0 0.0 1.0 27.0 95504514.0 858060.0 0.0 60220000.0 208.0 2.0 1000.0 24077426.0
12000.0 0.0 1.0 27.0 94764057.0 860348.0 0.0 60220000.0 207.0 2.0 1000.0 24815595.0
12100.0 0.0 1.0 27.0 94034888.0 852890.0 0.0 60220000.0 203.0 2.0 1000.0 25552222.0
12200.0 0.0 1.0 27.0 93314339.0 835949.0 0.0 60220000.0 201.0 2.0 1000.0 26289712.0
12300.0 0.0 1.0 26.0 92604386.0 819916.0 0.0 60220000.0 198.0 2.0 1000.0 27015698.0
12400.0 0.0 1.0 26.0 91910097.0 808403.0 0.0 60220000.0 192.0 2.0 1000.0 27721500.0
12500.0 0.0 1.0 26.0 91233363.0 780221.0 0.0 60220000.0 188.0 2.0 1000.0 28426416.0
12600.0 0.0 1.0 25.0 90566207.0 752801.0 0.0 60220000.0 187.0 2.0 1000.0 29120992.0
12700.0 0.0 1.0 25.0 89902388.0 742554.0 0.0 60220000.0 185.0 2.0 1000.0 29795058.0
12800.0 0.0 1.0 25.0 89246192.0 725224.0 0.0 60220000.0 184.0 2.0 1000.0 30468584.0
12900.0 0.0 1.0 25.0 88602775.0 699667.0 0.0 60220000.0 178.0 2.0 1000.0 31137558.0
13000.0 0.0 1.0 24.0 87976968.0 668550.0 0.0 60220000.0 174.0 2.0 1000.0 31794482.0
13100.0 0.0 1.0 23.0 87362791.0 649941.0 0.0 60220000.0 171.0 2.0 1000.0 32427268.0
13200.0 1.0 0.0 23.0 86755814.0 647811.0 0.0 60220000.0 173.0 2.0 1000.0 33036375.0
13300.0 1.0 0.0 26.0 86085088.0 688377.0 0.0 60220000.0 205.0 2.0 1000.0 33666535.0
13400.0 1.0 1.0 29.0 85280535.0 751066.0 0.0 60220000.0 243.0 2.0 1000.0 34408399.0
13500.0 0.0 3.0 30.0 84410782.0 811086.0 0.0 60220000.0 242.0 2.0 1000.0 35218132.0
13600.0 0.0 3.0 30.0 83551887.0 850941.0 0.0 60220000.0 240.0 2.0 1000.0 36037172.0
13700.0 0.0 3.0 28.0 82712812.0 891263.0 0.0 60220000.0 234.0 2.0 1000.0 36835925.0
13800.0 0.0 3.0 28.0 81881408.0 951769.0 0.0 60220000.0 231.0 2.0 1000.0 37606823.0
13900.0 0.0 3.0 27.0 81065161.0 998353.0 0.0 60220000.0 227.0 2.0 1000.0 38376486.0
14000.0 0.0 3.0 26.0 80259829.0 1065428.0 0.0 60220000.0 223.0 2.0 1000.0 39114743.0
14100.0 0.0 3.0 26.0 79471709.0 1129363.0 0.0 60220000.0 219.0 2.0 1000.0 39838928.0
14200.0 0.0 3.0 24.0 78695218.0 1209150.0 0.0 60220000.0 216.0 2.0 1000.0 40535632.0
14300.0 0.0 3.0 23.0 77930784.0 1305696.0 0.0 60220000.0 214.0 2.0 1000.0 41203520.0
14400.0 0.0 3.0 23.0 77174383.0 1413069.0 0.0 60220000.0 210.0 2.0 1000.0 41852548.0
14500.0 0.0 3.0 22.0 76437855.0 1503492.0 0.0 60220000.0 205.0 2.0 1000.0 42498653.0
14600.0 0.0 3.0 22.0 75716917.0 1598137.0 0.0 60220000.0 201.0 2.0 1000.0 43124946.0
14700.0 0.0 3.0 22.0 75014020.0 1673754.0 0.0 60220000.0 195.0 2.0 1000.0 43752226.0
14800.0 0.0 3.0 22.0 74322929.0 1735491.0 0.0 60220000.0 195.0 2.0 1000.0 44381580.0
14900.0 0.0 3.0 22.0 73637229.0 1791382.0 0.0 60220000.0 191.0 2.0 1000.0 45011389.0
15000.0 0.0 3.0 22.0 72964217.0 1831561.0 0.0 60220000.0 188.0 2.0 1000.0 45644222.0
15100.0 0.0 3.0 22.0 72299965.0 1864143.0 0.0 60220000.0 185.0 2.0 1000.0 46275892.0
15200.0 0.0 3.0 22.0 71645172.0 1888047.0 0.0 60220000.0 183.0 2.0 1000.0 46906781.0
15300.0 0.0 2.0 23.0 70978756.0 1898852.0 0.0 60220000.0 188.0 2.0 1000.0 47562392.0
15400.0 0.0 2.0 22.0 70322776.0 1906837.0 0.0 60220000.0 183.0 2.0 1000.0 48210387.0
15500.0 0.0 2.0 22.0 69676173.0 1921149.0 0.0 60220000.0 180.0 2.0 1000.0 48842678.0
15600.0 0.0 2.0 22.0 69044509.0 1920868.0 0.0 60220000.0 177.0 2.0 1000.0 49474623.0
15700.0 0.0 2.0 22.0 68421227.0 1912355.0 0.0 60220000.0 175.0 2.0 1000.0 50106418.0
15800.0 0.0 2.0 22.0 67804239.0 1897192.0 0.0 60220000.0 173.0 2.0 1000.0 50738569.0
15900.0 0.0 2.0 22.0 67197945.0 1871832.0 0.0 60220000.0 168.0 2.0 1000.0 51370223.0
16000.0 0.0 2.0 22.0 66605046.0 1833582.0 0.0 60220000.0 164.0 2.0 1000.0 52001372.0
16100.0 0.0 2.0 21.0 66027083.0 1804001.0 0.0 60220000.0 161.0 2.0 1000.0 52608916.0
16200.0 0.0 2.0 21.0 65461507.0 1768123.0 0.0 60220000.0 158.0 2.0 1000.0 53210370.0
16300.0 0.0 2.0 20.0 64908094.0 1746692.0 0.0 60220000.0 155.0 2.0 1000.0 53785214.0
16400.0 0.0 2.0 19.0 64364036.0 1731889.0 0.0 60220000.0 152.0 2.0 1000.0 54344075.0
16500.0 0.0 2.0 18.0 63825258.0 1738932.0 0.0 60220000.0 151.0 2.0 1000.0 54875810.0
16600.0 0.0 2.0 18.0 63290853.0 1758234.0 0.0 60220000.0 149.0 2.0 1000.0 55390913.0
16700.0 0.0 2.0 18.0 62762581.0 1771951.0 0.0 60220000.0 148.0 2.0 1000.0 55905468.0
16800.0 0.0 2.0 18.0 62244267.0 1774043.0 0.0 60220000.0 145.0 2.0 1000.0 56421690.0
16900.0 0.0 2.0 18.0 61732744.0 1770480.0 0.0 60220000.0 144.0 2.0 1000.0 56936776.0
17000.0 0.0 2.0 18.0 61221451.0 1765929.0 0.0 60220000.0 142.0 2.0 1000.0 57452620.0
17100.0 0.0 2.0 18.0 60720783.0 1751380.0 0.0 60220000.0 139.0 2.0 1000.0 57967837.0
17200.0 0.0 2.0 18.0 60231132.0 1724514.0 0.0 60220000.0 137.0 2.0 1000.0 58484354.0
17300.0 0.0 2.0 18.0 59761252.0 1679861.0 0.0 60220000.0 129.0 2.0 1000.0 58998887.0
17400.0 0.0 2.0 17.0 59307689.0 1622737.0 0.0 60220000.0 126.0 2.0 1000.0 59509574.0
17500.0 0.0 2.0 17.0 58860318.0 1584859.0 0.0 60220000.0 125.0 2.0 1000.0 59994823.0
17600.0 0.0 2.0 17.0 58420971.0 1539557.0 0.0 60220000.0 123.0 2.0 1000.0 60479472.0
17700.0 0.0 2.0 17.0 57986570.0 1491339.0 0.0 60220000.0 122.0 2.0 1000.0 60962091.0
17800.0 0.0 2.0 17.0 57553806.0 1441229.0 0.0 60220000.0 122.0 2.0 1000.0 61444965.0
17900.0 0.0 2.0 17.0 57131859.0 1381867.0 0.0 60220000.0 117.0 2.0 1000.0 61926274.0
18000.0 0.0 2.0 17.0 56719897.0 1312646.0 0.0 60220000.0 116.0 2.0 1000.0 62407457.0
18100.0 0.0 2.0 17.0 56308092.0 1246316.0 0.0 60220000.0 115.0 2.0 1000.0 62885592.0
18200.0 0.0 2.0 17.0 55884578.0 1206677.0 0.0 60220000.0 123.0 2.0 1000.0 63348745.0
18300.0 0.0 2.0 17.0 55455289.0 1159838.0 0.0 60220000.0 120.0 2.0 1000.0 63824873.0
18400.0 0.0 2.0 17.0 55031537.0 1109220.0 0.0 60220000.0 117.0 2.0 1000.0 64299243.0
18500.0 0.0 2.0 17.0 54619242.0 1048508.0 0.0 60220000.0 115.0 2.0 1000.0 64772250.0
18600.0 0.0 2.0 17.0 54214224.0 983110.0 0.0 60220000.0 113.0 2.0 1000.0 65242666.0
18700.0 0.0 2.0 16.0 53812142.0 942963.0 0.0 60220000.0 112.0 2.0 1000.0 65684895.0
18800.0 0.0 2.0 15.0 53416634.0 906285.0 0.0 60220000.0 110.0 2.0 1000.0 66117081.0
18900.0 0.0 2.0 15.0 53025266.0 886101.0 0.0 60220000.0 110.0 2.0 1000.0 66528633.0
19000.0 0.0 2.0 15.0 52634283.0 866536.0 0.0 60220000.0 110.0 2.0 1000.0 66939181.0
19100.0 0.0 2.0 15.0 52252408.0 838817.0 0.0 60220000.0 105.0 2.0 1000.0 67348775.0
19200.0 0.0 2.0 13.0 51877971.0 829830.0 0.0 60220000.0 105.0 2.0 1000.0 67732199.0
19300.0 0.0 2.0 13.0 51504211.0 848658.0 0.0 60220000.0 104.0 2.0 1000.0 68087131.0
19400.0 0.0 2.0 13.0 51136679.0 860920.0 0.0 60220000.0 103.0 2.0 1000.0 68442401.0
19500.0 0.0 2.0 12.0 50771706.0 877065.0 0.0 60220000.0 101.0 2.0 1000.0 68791229.0
19600.0 0.0 2.0 12.0 50412504.0 908176.0 0.0 60220000.0 101.0 2.0 1000.0 69119320.0
19700.0 0.0 2.0 12.0 50055530.0 935038.0 0.0 60220000.0 99.0 2.0 1000.0 69449432.0
19800.0 0.0 2.0 12.0 49707161.0 953436.0 0.0 60220000.0 96.0 2.0 1000.0 69779403.0
19900.0 0.0 2.0 11.0 49371892.0 974860.0 0.0 60220000.0 93.0 2.0 1000.0 70093248.0
