time rna_M monomer_betaGal protein_betaGal Lactose_external Lactose_internal Glucose_external Glucose_internal protein_Lactose_Permease dna_Lac_Operon Biomass Lactose_consumed
0.0 0.0 0.0 0.0 120440000.0 0.0 60220000.0 0.0 0.0 2.0 1000.0 0.0
100.0 0.0 0.0 0.0 120440000.0 0.0 30131515.0 30088485.0 0.0 2.0 1000.0 0.0
200.0 0.0 0.0 0.0 120440000.0 0.0 76487.0 60143513.0 0.0 2.0 1000.0 0.0
300.0 0.0 0.0 0.0 120440000.0 0.0 0.0 60220000.0 0.0 2.0 1000.0 0.0
400.0 0.0 0.0 0.0 120440000.0 0.0 0.0 60220000.0 0.0 2.0 1000.0 0.0
500.0 0.0 0.0 0.0 120440000.0 0.0 0.0 60220000.0 0.0 2.0 1000.0 0.0
600.0 0.0 0.0 0.0 120440000.0 0.0 0.0 60220000.0 0.0 2.0 1000.0 0.0
700.0 0.0 0.0 0.0 120440000.0 0.0 0.0 60220000.0 0.0 2.0 1000.0 0.0
800.0 0.0 0.0 0.0 120440000.0 0.0 0.0 60220000.0 0.0 2.0 1000.0 0.0
900.0 0.0 0.0 0.0 120440000.0 0.0 0.0 60220000.0 0.0 2.0 1000.0 0.0
1000.0 0.0 0.0 0.0 120440000.0 0.0 0.0 60220000.0 0.0 2.0 1000.0 0.0
1100.0 0.0 0.0 0.0 120440000.0 0.0 0.0 60220000.0 0.0 2.0 1000.0 0.0
1200.0 0.0 0.0 0.0 120440000.0 0.0 0.0 60220000.0 0.0 2.0 1000.0 0.0
1300.0 0.0 0.0 0.0 120440000.0 0.0 0.0 60220000.0 0.0 2.0 1000.0 0.0
1400.0 0.0 0.0 0.0 120440000.0 0.0 0.0 60220000.0 0.0 2.0 1000.0 0.0
1500.0 0.0 0.0 0.0 120440000.0 0.0 0.0 60220000.0 0.0 2.0 1000.0 0.0
1600.0 0.0 0.0 0.0 120440000.0 0.0 0.0 60220000.0 0.0 2.0 1000.0 0.0
1700.0 0.0 0.0 0.0 120440000.0 0.0 0.0 60220000.0 0.0 2.0 1000.0 0.0
1800.0 0.0 0.0 0.0 120440000.0 0.0 0.0 60220000.0 0.0 2.0 1000.0 0.0
1900.0 0.0 0.0 0.0 120440000.0 0.0 0.0 60220000.0 0.0 2.0 1000.0 0.0
2000.0 0.0 0.0 0.0 120440000.0 0.0 0.0 60220000.0 0.0 2.0 1000.0 0.0
2100.0 0.0 0.0 0.0 120440000.0 0.0 0.0 60220000.0 0.0 2.0 1000.0 0.0
2200.0 0.0 0.0 0.0 120440000.0 0.0 0.0 60220000.0 0.0 2.0 1000.0 0.0
2300.0 0.0 0.0 0.0 120440000.0 0.0 0.0 60220000.0 0.0 2.0 1000.0 0.0
2400.0 0.0 0.0 0.0 120440000.0 0.0 0.0 60220000.0 0.0 2.0 1000.0 0.0
2500.0 0.0 0.0 0.0 120440000.0 0.0 0.0 60220000.0 0.0 2.0 1000.0 0.0
2600.0 0.0 0.0 0.0 120440000.0 0.0 0.0 60220000.0 0.0 2.0 1000.0 0.0
2700.0 0.0 0.0 0.0 120440000.0 0.0 0.0 60220000.0 0.0 2.0 1000.0 0.0
2800.0 0.0 0.0 0.0 120440000.0 0.0 0.0 60220000.0 0.0 2.0 1000.0 0.0
2900.0 0.0 0.0 0.0 120440000.0 0.0 0.0 60220000.0 0.0 2.0 1000.0 0.0
3000.0 0.0 0.0 0.0 120440000.0 0.0 0.0 60220000.0 0.0 2.0 1000.0 0.0
3100.0 0.0 0.0 0.0 120440000.0 0.0 0.0 60220000.0 0.0 2.0 1000.0 0.0
3200.0 0.0 0.0 0.0 120440000.0 0.0 0.0 60220000.0 0.0 2.0 1000.0 0.0
3300.0 0.0 0.0 0.0 120440000.0 0.0 0.0 60220000.0 0.0 2.0 1000.0 0.0
3400.0 0.0 0.0 0.0 120440000.0 0.0 0.0 60220000.0 0.0 2.0 1000.0 0.0
3500.0 0.0 0.0 0.0 120440000.0 0.0 0.0 60220000.0 0.0 2.0 1000.0 0.0
3600.0 0.0 0.0 0.0 120440000.0 0.0 0.0 60220000.0 0.0 2.0 1000.0 0.0
3700.0 0.0 0.0 0.0 120440000.0 0.0 0.0 60220000.0 0.0 2.0 1000.0 0.0
3800.0 0.0 0.0 0.0 120440000.0 0.0 0.0 60220000.0 0.0 2.0 1000.0 0.0
3900.0 0.0 0.0 0.0 120440000.0 0.0 0.0 60220000.0 0.0 2.0 1000.0 0.0
4000.0 0.0 0.0 0.0 120440000.0 0.0 0.0 60220000.0 0.0 2.0 1000.0 0.0
4100.0 0.0 0.0 0.0 120440000.0 0.0 0.0 60220000.0 0.0 2.0 1000.0 0.0
4200.0 0.0 0.0 0.0 120440000.0 0.0 0.0 60220000.0 0.0 2.0 1000.0 0.0
4300.0 0.0 0.0 0.0 120440000.0 0.0 0.0 60220000.0 0.0 2.0 1000.0 0.0
4400.0 0.0 0.0 0.0 120440000.0 0.0 0.0 60220000.0 0.0 2.0 1000.0 0.0
4500.0 0.0 0.0 0.0 120440000.0 0.0 0.0 60220000.0 0.0 2.0 1000.0 0.0
4600.0 0.0 0.0 0.0 120440000.0 0.0 0.0 60220000.0 0.0 2.0 1000.0 0.0
4700.0 0.0 0.0 0.0 120440000.0 0.0 0.0 60220000.0 0.0 2.0 1000.0 0.0
4800.0 0.0 0.0 0.0 120440000.0 0.0 0.0 60220000.0 0.0 2.0 1000.0 0.0
4900.0 0.0 0.0 0.0 120440000.0 0.0 0.0 60220000.0 0.0 2.0 1000.0 0.0
5000.0 0.0 0.0 0.0 120440000.0 0.0 0.0 60220000.0 0.0 2.0 1000.0 0.0
5100.0 0.0 0.0 0.0 120440000.0 0.0 0.0 60220000.0 0.0 2.0 1000.0 0.0
5200.0 0.0 0.0 0.0 120440000.0 0.0 0.0 60220000.0 0.0 2.0 1000.0 0.0
5300.0 0.0 0.0 0.0 120440000.0 0.0 0.0 60220000.0 0.0 2.0 1000.0 0.0
5400.0 0.0 0.0 0.0 120440000.0 0.0 0.0 60220000.0 0.0 2.0 1000.0 0.0
5500.0 0.0 0.0 0.0 120440000.0 0.0 0.0 60220000.0 0.0 2.0 1000.0 0.0
5600.0 0.0 0.0 0.0 120440000.0 0.0 0.0 60220000.0 0.0 2.0 1000.0 0.0
5700.0 0.0 0.0 0.0 120440000.0 0.0 0.0 60220000.0 0.0 2.0 1000.0 0.0
5800.0 1.0 0.0 0.0 120440000.0 0.0 0.0 60220000.0 0.0 2.0 1000.0 0.0
5900.0 1.0 0.0 5.0 120373254.0 48852.0 0.0 60220000.0 37.0 2.0 1000.0 17894.0
6000.0 0.0 2.0 5.0 120231937.0 116075.0 0.0 60220000.0 39.0 2.0 1000.0 91988.0
6100.0 0.0 2.0 5.0 120092670.0 162075.0 0.0 60220000.0 39.0 2.0 1000.0 185255.0
6200.0 0.0 2.0 5.0 119953278.0 199718.0 0.0 60220000.0 39.0 2.0 1000.0 287004.0
6300.0 0.0 2.0 5.0 119815708.0 229769.0 0.0 60220000.0 38.0 2.0 1000.0 394523.0
6400.0 1.0 1.0 6.0 119681024.0 251408.0 0.0 60220000.0 41.0 2.0 1000.0 507568.0
6500.0 1.0 3.0 10.0 119504963.0 242049.0 0.0 60220000.0 59.0 2.0 1000.0 692988.0
6600.0 1.0 1.0 14.0 119233231.0 245345.0 0.0 60220000.0 87.0 2.0 1000.0 961424.0
6700.0 1.0 2.0 18.0 118879078.0 229212.0 0.0 60220000.0 111.0 2.0 1000.0 1331710.0
6800.0 0.0 0.0 19.0 118446420.0 246152.0 0.0 60220000.0 123.0 2.0 1000.0 1747428.0
6900.0 0.0 0.0 19.0 118007258.0 257448.0 0.0 60220000.0 123.0 2.0 1000.0 2175294.0
7000.0 0.0 0.0 19.0 117572137.0 261763.0 0.0 60220000.0 121.0 2.0 1000.0 2606100.0
7100.0 0.0 0.0 19.0 117138888.0 263247.0 0.0 60220000.0 121.0 2.0 1000.0 3037865.0
7200.0 0.0 0.0 19.0 116710969.0 259399.0 0.0 60220000.0 119.0 2.0 1000.0 3469632.0
7300.0 0.0 0.0 19.0 116287695.0 253899.0 0.0 60220000.0 118.0 2.0 1000.0 3898406.0
7400.0 0.0 0.0 19.0 115867996.0 247273.0 0.0 60220000.0 117.0 2.0 1000.0 4324731.0
7500.0 0.0 0.0 18.0 115457840.0 235442.0 0.0 60220000.0 112.0 2.0 1000.0 4746718.0
7600.0 0.0 0.0 18.0 115059025.0 235787.0 0.0 60220000.0 111.0 2.0 1000.0 5145188.0
7700.0 0.0 0.0 18.0 114661335.0 235840.0 0.0 60220000.0 111.0 2.0 1000.0 5542825.0
7800.0 0.0 0.0 17.0 114269126.0 246376.0 0.0 60220000.0 109.0 2.0 1000.0 5924498.0
7900.0 0.0 0.0 17.0 113881521.0 252892.0 0.0 60220000.0 108.0 2.0 1000.0 6305587.0
8000.0 0.0 0.0 17.0 113495287.0 257139.0 0.0 60220000.0 108.0 2.0 1000.0 6687574.0
8100.0 0.0 0.0 16.0 113117941.0 255508.0 0.0 60220000.0 104.0 2.0 1000.0 7066551.0
8200.0 0.0 0.0 15.0 112750844.0 277744.0 0.0 60220000.0 102.0 2.0 1000.0 7411412.0
8300.0 0.0 0.0 15.0 112386302.0 294053.0 0.0 60220000.0 102.0 2.0 1000.0 7759645.0
8400.0 0.0 0.0 15.0 112021410.0 307398.0 0.0 60220000.0 102.0 2.0 1000.0 8111192.0
8500.0 0.0 0.0 15.0 111658121.0 316250.0 0.0 60220000.0 102.0 2.0 1000.0 8465629.0
8600.0 0.0 0.0 15.0 111298212.0 320750.0 0.0 60220000.0 100.0 2.0 1000.0 8821038.0
8700.0 0.0 0.0 15.0 110943446.0 319242.0 0.0 60220000.0 99.0 2.0 1000.0 9177312.0
8800.0 0.0 0.0 15.0 110591254.0 316311.0 0.0 60220000.0 97.0 2.0 1000.0 9532435.0
8900.0 0.0 0.0 15.0 110251962.0 302144.0 0.0 60220000.0 94.0 2.0 1000.0 9885894.0
9000.0 0.0 0.0 15.0 109916094.0 287888.0 0.0 60220000.0 94.0 2.0 1000.0 10236018.0
9100.0 0.0 0.0 15.0 109581040.0 276662.0 0.0 60220000.0 94.0 2.0 1000.0 10582298.0
9200.0 0.0 0.0 15.0 109245737.0 268328.0 0.0 60220000.0 94.0 2.0 1000.0 10925935.0
9300.0 0.0 0.0 15.0 108917130.0 256291.0 0.0 60220000.0 92.0 2.0 1000.0 11266579.0
9400.0 0.0 0.0 15.0 108592262.0 244388.0 0.0 60220000.0 91.0 2.0 1000.0 11603350.0
9500.0 0.0 0.0 15.0 108269319.0 235078.0 0.0 60220000.0 90.0 2.0 1000.0 11935603.0
9600.0 0.0 0.0 14.0 107952128.0 241561.0 0.0 60220000.0 88.0 2.0 1000.0 12246311.0
9700.0 0.0 0.0 14.0 107637529.0 244346.0 0.0 60220000.0 88.0 2.0 1000.0 12558125.0
9800.0 0.0 0.0 14.0 107322380.0 246650.0 0.0 60220000.0 88.0 2.0 1000.0 12870970.0
9900.0 0.0 0.0 14.0 107007938.0 247654.0 0.0 60220000.0 88.0 2.0 1000.0 13184408.0
10000.0 0.0 0.0 14.0 106696453.0 245887.0 0.0 60220000.0 87.0 2.0 1000.0 13497660.0
10100.0 0.0 0.0 14.0 106389113.0 240558.0 0.0 60220000.0 86.0 2.0 1000.0 13810329.0
10200.0 0.0 0.0 14.0 106082714.0 236447.0 0.0 60220000.0 86.0 2.0 1000.0 14120839.0
10300.0 0.0 0.0 13.0 105776579.0 239589.0 0.0 60220000.0 86.0 2.0 1000.0 14423832.0
10400.0 0.0 0.0 13.0 105469245.0 255402.0 0.0 60220000.0 85.0 2.0 1000.0 14715353.0
10500.0 0.0 0.0 13.0 105168712.0 261122.0 0.0 60220000.0 83.0 2.0 1000.0 15010166.0
10600.0 0.0 0.0 13.0 104874479.0 260944.0 0.0 60220000.0 82.0 2.0 1000.0 15304577.0
10700.0 0.0 0.0 13.0 104585809.0 255691.0 0.0 60220000.0 80.0 2.0 1000.0 15598500.0
10800.0 0.0 0.0 13.0 104303080.0 246210.0 0.0 60220000.0 78.0 2.0 1000.0 15890710.0
10900.0 0.0 0.0 13.0 104025571.0 235209.0 0.0 60220000.0 77.0 2.0 1000.0 16179220.0
11000.0 0.0 0.0 12.0 103753818.0 221654.0 0.0 60220000.0 75.0 2.0 1000.0 16464528.0
11100.0 0.0 0.0 12.0 103487032.0 227054.0 0.0 60220000.0 74.0 2.0 1000.0 16725914.0
11200.0 0.0 0.0 12.0 103227484.0 223933.0 0.0 60220000.0 72.0 2.0 1000.0 16988583.0
11300.0 1.0 3.0 12.0 102959959.0 229675.0 0.0 60220000.0 84.0 2.0 1000.0 17250366.0
11400.0 0.0 3.0 15.0 102613530.0 264361.0 0.0 60220000.0 107.0 2.0 1000.0 17562109.0
11500.0 0.0 3.0 15.0 102231549.0 299806.0 0.0 60220000.0 107.0 2.0 1000.0 17908645.0
11600.0 0.0 2.0 16.0 101845683.0 324481.0 0.0 60220000.0 113.0 2.0 1000.0 18269836.0
11700.0 0.0 2.0 16.0 101442709.0 342955.0 0.0 60220000.0 112.0 2.0 1000.0 18654336.0
11800.0 0.0 2.0 16.0 101048339.0 350446.0 0.0 60220000.0 110.0 2.0 1000.0 19041215.0
11900.0 0.0 2.0 16.0 100656467.0 353826.0 0.0 60220000.0 110.0 2.0 1000.0 19429707.0
12000.0 0.0 2.0 16.0 100269900.0 353920.0 0.0 60220000.0 108.0 2.0 1000.0 19816180.0
12100.0 0.0 2.0 16.0 99892958.0 343588.0 0.0 60220000.0 105.0 2.0 1000.0 20203454.0
12200.0 0.0 2.0 16.0 99518883.0 333202.0 0.0 60220000.0 103.0 2.0 1000.0 20587915.0
12300.0 0.0 2.0 16.0 99151820.0 317519.0 0.0 60220000.0 102.0 2.0 1000.0 20970661.0
12400.0 0.0 2.0 16.0 98788187.0 304322.0 0.0 60220000.0 102.0 2.0 1000.0 21347491.0
12500.0 0.0 2.0 16.0 98424304.0 293621.0 0.0 60220000.0 101.0 2.0 1000.0 21722075.0
12600.0 0.0 2.0 16.0 98066573.0 280091.0 0.0 60220000.0 100.0 2.0 1000.0 22093336.0
12700.0 0.0 2.0 15.0 97709229.0 271280.0 0.0 60220000.0 99.0 2.0 1000.0 22459491.0
12800.0 0.0 2.0 14.0 97359304.0 293778.0 0.0 60220000.0 96.0 2.0 1000.0 22786918.0
12900.0 0.0 2.0 11.0 97018134.0 315954.0 0.0 60220000.0 94.0 2.0 1000.0 23105912.0
13000.0 0.0 2.0 11.0 96685847.0 381694.0 0.0 60220000.0 92.0 2.0 1000.0 23372459.0
13100.0 0.0 2.0 11.0 96357631.0 436413.0 0.0 60220000.0 91.0 2.0 1000.0 23645956.0
13200.0 0.0 2.0 11.0 96034095.0 480622.0 0.0 60220000.0 89.0 2.0 1000.0 23925283.0
13300.0 0.0 2.0 11.0 95721359.0 511612.0 0.0 60220000.0 87.0 2.0 1000.0 24207029.0
13400.0 0.0 2.0 11.0 95417039.0 532170.0 0.0 60220000.0 84.0 2.0 1000.0 24490791.0
13500.0 0.0 2.0 11.0 95121493.0 541862.0 0.0 60220000.0 81.0 2.0 1000.0 24776645.0
13600.0 0.0 2.0 11.0 94835493.0 542295.0 0.0 60220000.0 80.0 2.0 1000.0 25062212.0
13700.0 0.0 2.0 11.0 94550233.0 541518.0 0.0 60220000.0 80.0 2.0 1000.0 25348249.0
13800.0 0.0 2.0 11.0 94279603.0 526722.0 0.0 60220000.0 73.0 2.0 1000.0 25633675.0
13900.0 0.0 2.0 11.0 94018787.0 503617.0 0.0 60220000.0 73.0 2.0 1000.0 25917596.0
14000.0 0.0 2.0 11.0 93758583.0 482872.0 0.0 60220000.0 73.0 2.0 1000.0 26198545.0
14100.0 0.0 2.0 10.0 93498937.0 466531.0 0.0 60220000.0 72.0 2.0 1000.0 26474532.0
14200.0 0.0 2.0 10.0 93242231.0 469641.0 0.0 60220000.0 72.0 2.0 1000.0 26728128.0
14300.0 0.0 2.0 10.0 92986565.0 469418.0 0.0 60220000.0 71.0 2.0 1000.0 26984017.0
14400.0 0.0 2.0 10.0 92735382.0 466447.0 0.0 60220000.0 70.0 2.0 1000.0 27238171.0
14500.0 0.0 2.0 10.0 92485413.0 462275.0 0.0 60220000.0 70.0 2.0 1000.0 27492312.0
14600.0 0.0 2.0 10.0 92238171.0 455879.0 0.0 60220000.0 69.0 2.0 1000.0 27745950.0
14700.0 0.0 2.0 10.0 91994264.0 446309.0 0.0 60220000.0 68.0 2.0 1000.0 27999427.0
14800.0 0.0 2.0 10.0 91755238.0 434359.0 0.0 60220000.0 66.0 2.0 1000.0 28250403.0
14900.0 0.0 2.0 10.0 91518817.0 419985.0 0.0 60220000.0 66.0 2.0 1000.0 28501198.0
15000.0 0.0 2.0 10.0 91290687.0 399247.0 0.0 60220000.0 63.0 2.0 1000.0 28750066.0
15100.0 0.0 2.0 9.0 91066320.0 395907.0 0.0 60220000.0 63.0 2.0 1000.0 28977773.0
15200.0 0.0 2.0 9.0 90841206.0 398582.0 0.0 60220000.0 63.0 2.0 1000.0 29200212.0
15300.0 0.0 2.0 9.0 90622572.0 393729.0 0.0 60220000.0 61.0 2.0 1000.0 29423699.0
15400.0 0.0 2.0 9.0 90404944.0 389078.0 0.0 60220000.0 61.0 2.0 1000.0 29645978.0
15500.0 0.0 2.0 9.0 90187927.0 384674.0 0.0 60220000.0 60.0 2.0 1000.0 29867399.0
15600.0 0.0 2.0 9.0 89976657.0 375222.0 0.0 60220000.0 58.0 2.0 1000.0 30088121.0
15700.0 0.0 2.0 9.0 89774324.0 357879.0 0.0 60220000.0 55.0 2.0 1000.0 30307797.0
15800.0 0.0 2.0 9.0 89577702.0 337279.0 0.0 60220000.0 54.0 2.0 1000.0 30525019.0
15900.0 0.0 2.0 9.0 89389498.0 311244.0 0.0 60220000.0 53.0 2.0 1000.0 30739258.0
16000.0 0.0 2.0 9.0 89204223.0 285810.0 0.0 60220000.0 51.0 2.0 1000.0 30949967.0
16100.0 0.0 2.0 9.0 89023316.0 260207.0 0.0 60220000.0 50.0 2.0 1000.0 31156477.0
16200.0 0.0 2.0 9.0 88848003.0 233971.0 0.0 60220000.0 47.0 2.0 1000.0 31358026.0
16300.0 0.0 2.0 9.0 88681674.0 205326.0 0.0 60220000.0 46.0 2.0 1000.0 31553000.0
16400.0 0.0 2.0 8.0 88523670.0 182069.0 0.0 60220000.0 44.0 2.0 1000.0 31734261.0
16500.0 0.0 2.0 8.0 88366579.0 176254.0 0.0 60220000.0 44.0 2.0 1000.0 31897167.0
16600.0 0.0 2.0 8.0 88209580.0 172094.0 0.0 60220000.0 44.0 2.0 1000.0 32058326.0
16700.0 0.0 2.0 8.0 88051716.0 169652.0 0.0 60220000.0 44.0 2.0 1000.0 32218632.0
16800.0 0.0 2.0 8.0 87895148.0 166924.0 0.0 60220000.0 43.0 2.0 1000.0 32377928.0
16900.0 0.0 2.0 8.0 87741428.0 162037.0 0.0 60220000.0 43.0 2.0 1000.0 32536535.0
17000.0 0.0 2.0 8.0 87587982.0 158663.0 0.0 60220000.0 43.0 2.0 1000.0 32693355.0
17100.0 0.0 2.0 8.0 87436270.0 154050.0 0.0 60220000.0 42.0 2.0 1000.0 32849680.0
17200.0 0.0 2.0 8.0 87289373.0 147216.0 0.0 60220000.0 41.0 2.0 1000.0 33003411.0
17300.0 0.0 2.0 8.0 87143130.0 141642.0 0.0 60220000.0 41.0 2.0 1000.0 33155228.0
17400.0 0.0 2.0 8.0 87001579.0 133840.0 0.0 60220000.0 39.0 2.0 1000.0 33304581.0
17500.0 0.0 2.0 8.0 86865767.0 123995.0 0.0 60220000.0 37.0 2.0 1000.0 33450238.0
17600.0 0.0 2.0 7.0 86738772.0 112776.0 0.0 60220000.0 35.0 2.0 1000.0 33588452.0
17700.0 0.0 2.0 7.0 86616268.0 115119.0 0.0 60220000.0 34.0 2.0 1000.0 33708613.0
17800.0 0.0 2.0 7.0 86495032.0 115035.0 0.0 60220000.0 34.0 2.0 1000.0 33829933.0
17900.0 0.0 2.0 7.0 86373851.0 115181.0 0.0 60220000.0 34.0 2.0 1000.0 33950968.0
18000.0 0.0 2.0 7.0 86253252.0 114176.0 0.0 60220000.0 33.0 2.0 1000.0 34072572.0
18100.0 0.0 2.0 6.0 86135723.0 122450.0 0.0 60220000.0 33.0 2.0 1000.0 34181827.0
18200.0 0.0 2.0 6.0 86018281.0 131677.0 0.0 60220000.0 33.0 2.0 1000.0 34290042.0
18300.0 0.0 2.0 6.0 85902852.0 137154.0 0.0 60220000.0 32.0 2.0 1000.0 34399994.0
18400.0 0.0 2.0 6.0 85792182.0 136772.0 0.0 60220000.0 31.0 2.0 1000.0 34511046.0
18500.0 0.0 2.0 6.0 85682119.0 135324.0 0.0 60220000.0 31.0 2.0 1000.0 34622557.0
18600.0 0.0 2.0 6.0 85571193.0 134956.0 0.0 60220000.0 31.0 2.0 1000.0 34733851.0
18700.0 0.0 2.0 6.0 85460119.0 134874.0 0.0 60220000.0 31.0 2.0 1000.0 34845007.0
18800.0 0.0 2.0 6.0 85353840.0 130796.0 0.0 60220000.0 29.0 2.0 1000.0 34955364.0
18900.0 0.0 2.0 6.0 85250494.0 125497.0 0.0 60220000.0 29.0 2.0 1000.0 35064009.0
19000.0 0.0 2.0 6.0 85146688.0 122405.0 0.0 60220000.0 29.0 2.0 1000.0 35170907.0
19100.0 0.0 2.0 6.0 85042723.0 120627.0 0.0 60220000.0 29.0 2.0 1000.0 35276650.0
19200.0 0.0 2.0 5.0 84942784.0 126001.0 0.0 60220000.0 28.0 2.0 1000.0 35371215.0
19300.0 0.0 2.0 5.0 84842389.0 135393.0 0.0 60220000.0 28.0 2.0 1000.0 35462218.0
19400.0 0.0 2.0 5.0 84742057.0 142160.0 0.0 60220000.0 28.0 2.0 1000.0 35555783.0
19500.0 0.0 2.0 5.0 84641889.0 147893.0 0.0 60220000.0 28.0 2.0 1000.0 35650218.0
19600.0 0.0 2.0 5.0 84541984.0 151567.0 0.0 60220000.0 28.0 2.0 1000.0 35746449.0
19700.0 0.0 2.0 5.0 84442315.0 154603.0 0.0 60220000.0 28.0 2.0 1000.0 35843082.0
19800.0 0.0 2.0 4.0 84341640.0 173745.0 0.0 60220000.0 28.0 2.0 1000.0 35924615.0
19900.0 0.0 2.0 4.0 84243080.0 190021.0 0.0 60220000.0 27.0 2.0 1000.0 36006899.0
