time rna_M monomer_betaGal protein_betaGal Lactose_external Lactose_internal Glucose_external Glucose_internal protein_Lactose_Permease dna_Lac_Operon Biomass Lactose_consumed
0.0 0.0 0.0 0.0 120440000.0 0.0 60220000.0 0.0 0.0 2.0 1000.0 0.0
100.0 0.0 0.0 0.0 120440000.0 0.0 30123885.0 30096115.0 0.0 2.0 1000.0 0.0
200.0 0.0 0.0 0.0 120440000.0 0.0 79624.0 60140376.0 0.0 2.0 1000.0 0.0
300.0 0.0 0.0 0.0 120440000.0 0.0 0.0 60220000.0 0.0 2.0 1000.0 0.0
400.0 0.0 0.0 0.0 120440000.0 0.0 0.0 60220000.0 0.0 2.0 1000.0 0.0
500.0 0.0 0.0 0.0 120440000.0 0.0 0.0 60220000.0 0.0 2.0 1000.0 0.0
600.0 0.0 3.0 2.0 120416840.0 19203.0 0.0 60220000.0 10.0 2.0 1000.0 3957.0
700.0 0.0 3.0 2.0 120381335.0 39005.0 0.0 60220000.0 10.0 2.0 1000.0 19660.0
800.0 0.0 3.0 2.0 120345589.0 53386.0 0.0 60220000.0 10.0 2.0 1000.0 41025.0
900.0 0.0 3.0 2.0 120309612.0 64608.0 0.0 60220000.0 10.0 2.0 1000.0 65780.0
1000.0 0.0 3.0 2.0 120274150.0 73186.0 0.0 60220000.0 10.0 2.0 1000.0 92664.0
1100.0 0.0 3.0 2.0 120241634.0 77180.0 0.0 60220000.0 9.0 2.0 1000.0 121186.0
1200.0 0.0 3.0 2.0 120209542.0 80747.0 0.0 60220000.0 9.0 2.0 1000.0 149711.0
1300.0 0.0 3.0 2.0 120177183.0 83322.0 0.0 60220000.0 9.0 2.0 1000.0 179495.0
1400.0 0.0 3.0 2.0 120145173.0 85357.0 0.0 60220000.0 9.0 2.0 1000.0 209470.0
1500.0 0.0 3.0 1.0 120113384.0 86966.0 0.0 60220000.0 8.0 2.0 1000.0 239650.0
1600.0 0.0 3.0 1.0 120086736.0 98099.0 0.0 60220000.0 7.0 2.0 1000.0 255165.0
1700.0 0.0 3.0 1.0 120061659.0 106886.0 0.0 60220000.0 7.0 2.0 1000.0 271455.0
1800.0 0.0 3.0 1.0 120036691.0 114816.0 0.0 60220000.0 7.0 2.0 1000.0 288493.0
1900.0 0.0 3.0 1.0 120012004.0 122104.0 0.0 60220000.0 7.0 2.0 1000.0 305892.0
2000.0 0.0 3.0 1.0 119987004.0 128969.0 0.0 60220000.0 7.0 2.0 1000.0 324027.0
2100.0 0.0 3.0 1.0 119962107.0 135648.0 0.0 60220000.0 7.0 2.0 1000.0 342245.0
2200.0 0.0 3.0 1.0 119939070.0 140233.0 0.0 60220000.0 6.0 2.0 1000.0 360697.0
2300.0 0.0 3.0 1.0 119917541.0 142809.0 0.0 60220000.0 6.0 2.0 1000.0 379650.0
2400.0 0.0 3.0 1.0 119895871.0 145451.0 0.0 60220000.0 6.0 2.0 1000.0 398678.0
2500.0 0.0 3.0 1.0 119874356.0 147758.0 0.0 60220000.0 6.0 2.0 1000.0 417886.0
2600.0 0.0 3.0 1.0 119852926.0 150031.0 0.0 60220000.0 6.0 2.0 1000.0 437043.0
2700.0 0.0 3.0 1.0 119831400.0 152084.0 0.0 60220000.0 6.0 2.0 1000.0 456516.0
2800.0 0.0 3.0 1.0 119809851.0 154367.0 0.0 60220000.0 6.0 2.0 1000.0 475782.0
2900.0 0.0 3.0 1.0 119788437.0 156245.0 0.0 60220000.0 6.0 2.0 1000.0 495318.0
3000.0 0.0 3.0 1.0 119766846.0 158354.0 0.0 60220000.0 6.0 2.0 1000.0 514800.0
3100.0 0.0 3.0 1.0 119745423.0 160141.0 0.0 60220000.0 6.0 2.0 1000.0 534436.0
3200.0 0.0 3.0 1.0 119724159.0 161695.0 0.0 60220000.0 6.0 2.0 1000.0 554146.0
3300.0 0.0 3.0 1.0 119702819.0 163169.0 0.0 60220000.0 6.0 2.0 1000.0 574012.0
3400.0 0.0 3.0 1.0 119681343.0 164883.0 0.0 60220000.0 6.0 2.0 1000.0 593774.0
3500.0 0.0 3.0 1.0 119662210.0 164120.0 0.0 60220000.0 5.0 2.0 1000.0 613670.0
3600.0 0.0 3.0 1.0 119644501.0 162298.0 0.0 60220000.0 5.0 2.0 1000.0 633201.0
3700.0 0.0 3.0 1.0 119626621.0 160641.0 0.0 60220000.0 5.0 2.0 1000.0 652738.0
3800.0 0.0 3.0 1.0 119608722.0 158834.0 0.0 60220000.0 5.0 2.0 1000.0 672444.0
3900.0 0.0 3.0 1.0 119591007.0 157086.0 0.0 60220000.0 5.0 2.0 1000.0 691907.0
4000.0 0.0 3.0 1.0 119572972.0 155489.0 0.0 60220000.0 5.0 2.0 1000.0 711539.0
4100.0 0.0 3.0 1.0 119555075.0 153940.0 0.0 60220000.0 5.0 2.0 1000.0 730985.0
4200.0 0.0 3.0 1.0 119539644.0 150032.0 0.0 60220000.0 4.0 2.0 1000.0 750324.0
4300.0 0.0 3.0 1.0 119525137.0 145435.0 0.0 60220000.0 4.0 2.0 1000.0 769428.0
4400.0 0.0 3.0 1.0 119510690.0 140947.0 0.0 60220000.0 4.0 2.0 1000.0 788363.0
4500.0 0.0 3.0 1.0 119496181.0 136992.0 0.0 60220000.0 4.0 2.0 1000.0 806827.0
4600.0 0.0 3.0 1.0 119481861.0 132867.0 0.0 60220000.0 4.0 2.0 1000.0 825272.0
4700.0 0.0 3.0 1.0 119467480.0 128836.0 0.0 60220000.0 4.0 2.0 1000.0 843684.0
4800.0 0.0 3.0 1.0 119453433.0 124708.0 0.0 60220000.0 4.0 2.0 1000.0 861859.0
4900.0 0.0 3.0 1.0 119439084.0 121363.0 0.0 60220000.0 4.0 2.0 1000.0 879553.0
5000.0 0.0 3.0 1.0 119424926.0 118036.0 0.0 60220000.0 4.0 2.0 1000.0 897038.0
5100.0 0.0 3.0 1.0 119412548.0 113101.0 0.0 60220000.0 3.0 2.0 1000.0 914351.0
5200.0 0.0 3.0 1.0 119401928.0 106482.0 0.0 60220000.0 3.0 2.0 1000.0 931590.0
5300.0 0.0 3.0 1.0 119391212.0 100825.0 0.0 60220000.0 3.0 2.0 1000.0 947963.0
5400.0 0.0 3.0 1.0 119384005.0 91887.0 0.0 60220000.0 2.0 2.0 1000.0 964108.0
5500.0 0.0 3.0 1.0 119376839.0 83488.0 0.0 60220000.0 2.0 2.0 1000.0 979673.0
5600.0 0.0 3.0 0.0 119369696.0 83786.0 0.0 60220000.0 2.0 2.0 1000.0 986518.0
5700.0 0.0 3.0 0.0 119362762.0 90720.0 0.0 60220000.0 2.0 2.0 1000.0 986518.0
5800.0 0.0 3.0 0.0 119355570.0 97912.0 0.0 60220000.0 2.0 2.0 1000.0 986518.0
5900.0 0.0 3.0 0.0 119348465.0 105017.0 0.0 60220000.0 2.0 2.0 1000.0 986518.0
6000.0 0.0 3.0 0.0 119341299.0 112183.0 0.0 60220000.0 2.0 2.0 1000.0 986518.0
6100.0 0.0 3.0 0.0 119334187.0 119295.0 0.0 60220000.0 2.0 2.0 1000.0 986518.0
6200.0 0.0 3.0 0.0 119327073.0 126409.0 0.0 60220000.0 2.0 2.0 1000.0 986518.0
6300.0 0.0 3.0 0.0 119319854.0 133628.0 0.0 60220000.0 2.0 2.0 1000.0 986518.0
6400.0 0.0 3.0 0.0 119312552.0 140930.0 0.0 60220000.0 2.0 2.0 1000.0 986518.0
6500.0 0.0 3.0 0.0 119305302.0 148180.0 0.0 60220000.0 2.0 2.0 1000.0 986518.0
6600.0 0.0 3.0 0.0 119298126.0 155356.0 0.0 60220000.0 2.0 2.0 1000.0 986518.0
6700.0 0.0 3.0 0.0 119290962.0 162520.0 0.0 60220000.0 2.0 2.0 1000.0 986518.0
6800.0 0.0 3.0 0.0 119283822.0 169660.0 0.0 60220000.0 2.0 2.0 1000.0 986518.0
6900.0 0.0 3.0 0.0 119276706.0 176776.0 0.0 60220000.0 2.0 2.0 1000.0 986518.0
7000.0 0.0 3.0 0.0 119269709.0 183773.0 0.0 60220000.0 2.0 2.0 1000.0 986518.0
7100.0 0.0 3.0 0.0 119262535.0 190947.0 0.0 60220000.0 2.0 2.0 1000.0 986518.0
7200.0 0.0 3.0 0.0 119255466.0 198016.0 0.0 60220000.0 2.0 2.0 1000.0 986518.0
7300.0 0.0 3.0 0.0 119248333.0 205149.0 0.0 60220000.0 2.0 2.0 1000.0 986518.0
7400.0 0.0 3.0 0.0 119241588.0 211894.0 0.0 60220000.0 1.0 2.0 1000.0 986518.0
7500.0 0.0 3.0 0.0 119237936.0 215546.0 0.0 60220000.0 1.0 2.0 1000.0 986518.0
7600.0 0.0 3.0 0.0 119234386.0 219096.0 0.0 60220000.0 1.0 2.0 1000.0 986518.0
7700.0 0.0 3.0 0.0 119230801.0 222681.0 0.0 60220000.0 1.0 2.0 1000.0 986518.0
7800.0 0.0 3.0 0.0 119227182.0 226300.0 0.0 60220000.0 1.0 2.0 1000.0 986518.0
7900.0 0.0 3.0 0.0 119223708.0 229774.0 0.0 60220000.0 1.0 2.0 1000.0 986518.0
8000.0 0.0 3.0 0.0 119220152.0 233330.0 0.0 60220000.0 1.0 2.0 1000.0 986518.0
8100.0 0.0 3.0 0.0 119216612.0 236870.0 0.0 60220000.0 1.0 2.0 1000.0 986518.0
8200.0 0.0 3.0 0.0 119213080.0 240402.0 0.0 60220000.0 1.0 2.0 1000.0 986518.0
8300.0 0.0 3.0 0.0 119209445.0 244037.0 0.0 60220000.0 1.0 2.0 1000.0 986518.0
8400.0 0.0 3.0 0.0 119205874.0 247608.0 0.0 60220000.0 1.0 2.0 1000.0 986518.0
8500.0 0.0 3.0 0.0 119202346.0 251136.0 0.0 60220000.0 1.0 2.0 1000.0 986518.0
8600.0 0.0 3.0 0.0 119198759.0 254723.0 0.0 60220000.0 1.0 2.0 1000.0 986518.0
8700.0 0.0 3.0 0.0 119195161.0 258321.0 0.0 60220000.0 1.0 2.0 1000.0 986518.0
8800.0 0.0 3.0 0.0 119191610.0 261872.0 0.0 60220000.0 1.0 2.0 1000.0 986518.0
8900.0 0.0 3.0 0.0 119188011.0 265471.0 0.0 60220000.0 1.0 2.0 1000.0 986518.0
9000.0 0.0 3.0 0.0 119184356.0 269126.0 0.0 60220000.0 1.0 2.0 1000.0 986518.0
9100.0 0.0 3.0 0.0 119180730.0 272752.0 0.0 60220000.0 1.0 2.0 1000.0 986518.0
9200.0 0.0 3.0 0.0 119177164.0 276318.0 0.0 60220000.0 1.0 2.0 1000.0 986518.0
9300.0 0.0 3.0 0.0 119173618.0 279864.0 0.0 60220000.0 1.0 2.0 1000.0 986518.0
9400.0 0.0 3.0 0.0 119170042.0 283440.0 0.0 60220000.0 1.0 2.0 1000.0 986518.0
9500.0 0.0 3.0 0.0 119166416.0 287066.0 0.0 60220000.0 1.0 2.0 1000.0 986518.0
9600.0 0.0 3.0 0.0 119162888.0 290594.0 0.0 60220000.0 1.0 2.0 1000.0 986518.0
9700.0 0.0 3.0 0.0 119159319.0 294163.0 0.0 60220000.0 1.0 2.0 1000.0 986518.0
9800.0 0.0 3.0 0.0 119155707.0 297775.0 0.0 60220000.0 1.0 2.0 1000.0 986518.0
9900.0 0.0 3.0 0.0 119152126.0 301356.0 0.0 60220000.0 1.0 2.0 1000.0 986518.0
10000.0 0.0 3.0 0.0 119148461.0 305021.0 0.0 60220000.0 1.0 2.0 1000.0 986518.0
10100.0 0.0 3.0 0.0 119144922.0 308560.0 0.0 60220000.0 1.0 2.0 1000.0 986518.0
10200.0 0.0 3.0 0.0 119141369.0 312113.0 0.0 60220000.0 1.0 2.0 1000.0 986518.0
10300.0 0.0 3.0 0.0 119137729.0 315753.0 0.0 60220000.0 1.0 2.0 1000.0 986518.0
10400.0 0.0 3.0 0.0 119134227.0 319255.0 0.0 60220000.0 1.0 2.0 1000.0 986518.0
10500.0 0.0 3.0 0.0 119130667.0 322815.0 0.0 60220000.0 1.0 2.0 1000.0 986518.0
10600.0 0.0 3.0 0.0 119127157.0 326325.0 0.0 60220000.0 1.0 2.0 1000.0 986518.0
10700.0 0.0 3.0 0.0 119123595.0 329887.0 0.0 60220000.0 1.0 2.0 1000.0 986518.0
10800.0 0.0 3.0 0.0 119119939.0 333543.0 0.0 60220000.0 1.0 2.0 1000.0 986518.0
10900.0 0.0 3.0 0.0 119116328.0 337154.0 0.0 60220000.0 1.0 2.0 1000.0 986518.0
11000.0 0.0 3.0 0.0 119112701.0 340781.0 0.0 60220000.0 1.0 2.0 1000.0 986518.0
11100.0 0.0 3.0 0.0 119109173.0 344309.0 0.0 60220000.0 1.0 2.0 1000.0 986518.0
11200.0 0.0 3.0 0.0 119105631.0 347851.0 0.0 60220000.0 1.0 2.0 1000.0 986518.0
11300.0 0.0 3.0 0.0 119102074.0 351408.0 0.0 60220000.0 1.0 2.0 1000.0 986518.0
11400.0 0.0 3.0 0.0 119098559.0 354923.0 0.0 60220000.0 1.0 2.0 1000.0 986518.0
11500.0 0.0 3.0 0.0 119094972.0 358510.0 0.0 60220000.0 1.0 2.0 1000.0 986518.0
11600.0 0.0 3.0 0.0 119091421.0 362061.0 0.0 60220000.0 1.0 2.0 1000.0 986518.0
11700.0 0.0 3.0 0.0 119087907.0 365575.0 0.0 60220000.0 1.0 2.0 1000.0 986518.0
11800.0 0.0 3.0 0.0 119084400.0 369082.0 0.0 60220000.0 1.0 2.0 1000.0 986518.0
11900.0 0.0 3.0 0.0 119080834.0 372648.0 0.0 60220000.0 1.0 2.0 1000.0 986518.0
12000.0 0.0 3.0 0.0 119077285.0 376197.0 0.0 60220000.0 1.0 2.0 1000.0 986518.0
12100.0 0.0 3.0 0.0 119073720.0 379762.0 0.0 60220000.0 1.0 2.0 1000.0 986518.0
12200.0 0.0 3.0 0.0 119070170.0 383312.0 0.0 60220000.0 1.0 2.0 1000.0 986518.0
12300.0 0.0 3.0 0.0 119066689.0 386793.0 0.0 60220000.0 1.0 2.0 1000.0 986518.0
12400.0 0.0 3.0 0.0 119063219.0 390263.0 0.0 60220000.0 1.0 2.0 1000.0 986518.0
12500.0 0.0 3.0 0.0 119059657.0 393825.0 0.0 60220000.0 1.0 2.0 1000.0 986518.0
12600.0 0.0 3.0 0.0 119056067.0 397415.0 0.0 60220000.0 1.0 2.0 1000.0 986518.0
12700.0 0.0 3.0 0.0 119052454.0 401028.0 0.0 60220000.0 1.0 2.0 1000.0 986518.0
12800.0 0.0 3.0 0.0 119048956.0 404526.0 0.0 60220000.0 1.0 2.0 1000.0 986518.0
12900.0 0.0 3.0 0.0 119045380.0 408102.0 0.0 60220000.0 1.0 2.0 1000.0 986518.0
13000.0 0.0 3.0 0.0 119041817.0 411665.0 0.0 60220000.0 1.0 2.0 1000.0 986518.0
13100.0 0.0 3.0 0.0 119038227.0 415255.0 0.0 60220000.0 1.0 2.0 1000.0 986518.0
13200.0 1.0 0.0 4.0 118981475.0 424372.0 0.0 60220000.0 34.0 2.0 1000.0 1034153.0
13300.0 2.0 0.0 12.0 118730484.0 484434.0 0.0 60220000.0 106.0 2.0 1000.0 1225082.0
13400.0 1.0 3.0 16.0 118284799.0 569918.0 0.0 60220000.0 148.0 2.0 1000.0 1585283.0
13500.0 1.0 2.0 22.0 117710623.0 657134.0 0.0 60220000.0 179.0 2.0 1000.0 2072243.0
13600.0 1.0 1.0 26.0 117026393.0 685307.0 0.0 60220000.0 203.0 2.0 1000.0 2728300.0
13700.0 0.0 1.0 26.0 116282690.0 726580.0 0.0 60220000.0 209.0 2.0 1000.0 3430730.0
13800.0 0.0 1.0 24.0 115547035.0 804222.0 0.0 60220000.0 204.0 2.0 1000.0 4088743.0
13900.0 0.0 1.0 24.0 114822693.0 876187.0 0.0 60220000.0 203.0 2.0 1000.0 4741120.0
14000.0 0.0 1.0 24.0 114103070.0 936786.0 0.0 60220000.0 201.0 2.0 1000.0 5400144.0
14100.0 0.0 1.0 24.0 113396872.0 979733.0 0.0 60220000.0 197.0 2.0 1000.0 6063395.0
14200.0 0.0 1.0 23.0 112696574.0 1024363.0 0.0 60220000.0 196.0 2.0 1000.0 6719063.0
14300.0 0.0 1.0 22.0 112003357.0 1099660.0 0.0 60220000.0 192.0 2.0 1000.0 7336983.0
14400.0 0.0 1.0 22.0 111327347.0 1161482.0 0.0 60220000.0 189.0 2.0 1000.0 7951171.0
14500.0 0.0 1.0 21.0 110661689.0 1216573.0 0.0 60220000.0 184.0 2.0 1000.0 8561738.0
14600.0 0.0 1.0 21.0 110014634.0 1274088.0 0.0 60220000.0 181.0 2.0 1000.0 9151278.0
14700.0 0.0 1.0 21.0 109372549.0 1323678.0 0.0 60220000.0 180.0 2.0 1000.0 9743773.0
14800.0 0.0 1.0 19.0 108735439.0 1415432.0 0.0 60220000.0 177.0 2.0 1000.0 10289129.0
14900.0 0.0 1.0 18.0 108112340.0 1502794.0 0.0 60220000.0 173.0 2.0 1000.0 10824866.0
15000.0 0.0 1.0 18.0 107501979.0 1600962.0 0.0 60220000.0 170.0 2.0 1000.0 11337059.0
15100.0 0.0 1.0 18.0 106903478.0 1686236.0 0.0 60220000.0 167.0 2.0 1000.0 11850286.0
15200.0 0.0 1.0 18.0 106309698.0 1764631.0 0.0 60220000.0 166.0 2.0 1000.0 12365671.0
15300.0 0.0 1.0 17.0 105722242.0 1863189.0 0.0 60220000.0 164.0 2.0 1000.0 12854569.0
15400.0 0.0 1.0 16.0 105144043.0 1967201.0 0.0 60220000.0 160.0 2.0 1000.0 13328756.0
15500.0 0.0 1.0 16.0 104576437.0 2073314.0 0.0 60220000.0 160.0 2.0 1000.0 13790249.0
15600.0 0.0 1.0 16.0 104008627.0 2179408.0 0.0 60220000.0 159.0 2.0 1000.0 14251965.0
15700.0 0.0 1.0 16.0 103446601.0 2280056.0 0.0 60220000.0 156.0 2.0 1000.0 14713343.0
15800.0 0.0 1.0 16.0 102897003.0 2367559.0 0.0 60220000.0 154.0 2.0 1000.0 15175438.0
15900.0 0.0 1.0 16.0 102355808.0 2443733.0 0.0 60220000.0 151.0 2.0 1000.0 15640459.0
16000.0 0.0 1.0 16.0 101824913.0 2510188.0 0.0 60220000.0 148.0 2.0 1000.0 16104899.0
16100.0 1.0 2.0 21.0 101239852.0 2567365.0 0.0 60220000.0 182.0 2.0 1000.0 16632783.0
16200.0 0.0 2.0 22.0 100566437.0 2602026.0 0.0 60220000.0 190.0 2.0 1000.0 17271537.0
16300.0 0.0 2.0 21.0 99900667.0 2651653.0 0.0 60220000.0 186.0 2.0 1000.0 17887680.0
16400.0 0.0 0.0 23.0 99236782.0 2672954.0 0.0 60220000.0 187.0 2.0 1000.0 18530264.0
16500.0 0.0 0.0 23.0 98582662.0 2659910.0 0.0 60220000.0 181.0 2.0 1000.0 19197428.0
16600.0 1.0 3.0 25.0 97916735.0 2632762.0 0.0 60220000.0 207.0 2.0 1000.0 19890503.0
16700.0 0.0 3.0 27.0 97130603.0 2642040.0 0.0 60220000.0 233.0 2.0 1000.0 20667357.0
16800.0 0.0 3.0 27.0 96320960.0 2666022.0 0.0 60220000.0 223.0 2.0 1000.0 21453018.0
16900.0 0.0 3.0 27.0 95540204.0 2661843.0 0.0 60220000.0 217.0 2.0 1000.0 22237953.0
17000.0 0.0 3.0 27.0 94775879.0 2642080.0 0.0 60220000.0 215.0 2.0 1000.0 23022041.0
17100.0 0.0 3.0 27.0 94017404.0 2615398.0 0.0 60220000.0 212.0 2.0 1000.0 23807198.0
17200.0 0.0 3.0 27.0 93266982.0 2580910.0 0.0 60220000.0 209.0 2.0 1000.0 24592108.0
17300.0 1.0 0.0 29.0 92515993.0 2537811.0 0.0 60220000.0 221.0 2.0 1000.0 25386196.0
17400.0 1.0 0.0 33.0 91683346.0 2484347.0 0.0 60220000.0 246.0 2.0 1000.0 26272307.0
17500.0 2.0 1.0 42.0 90747263.0 2417475.0 0.0 60220000.0 292.0 2.0 1000.0 27275262.0
17600.0 1.0 1.0 49.0 89618448.0 2204481.0 0.0 60220000.0 334.0 2.0 1000.0 28617071.0
17700.0 1.0 1.0 52.0 88388382.0 1966145.0 0.0 60220000.0 357.0 2.0 1000.0 30085473.0
17800.0 1.0 0.0 56.0 87094700.0 1712389.0 0.0 60220000.0 371.0 2.0 1000.0 31632911.0
17900.0 1.0 0.0 57.0 85722544.0 1466159.0 0.0 60220000.0 401.0 2.0 1000.0 33251297.0
18000.0 1.0 2.0 60.0 84261283.0 1284029.0 0.0 60220000.0 418.0 2.0 1000.0 34894688.0
18100.0 1.0 0.0 63.0 82728035.0 1085681.0 0.0 60220000.0 452.0 2.0 1000.0 36626284.0
18200.0 1.0 1.0 63.0 81058978.0 1001910.0 0.0 60220000.0 486.0 2.0 1000.0 38379112.0
18300.0 1.0 0.0 67.0 79270618.0 990933.0 0.0 60220000.0 522.0 2.0 1000.0 40178449.0
18400.0 0.0 0.0 69.0 77381544.0 994062.0 0.0 60220000.0 531.0 2.0 1000.0 42064394.0
18500.0 0.0 0.0 69.0 75506819.0 963148.0 0.0 60220000.0 521.0 2.0 1000.0 43970033.0
18600.0 0.0 0.0 68.0 73668555.0 907965.0 0.0 60220000.0 513.0 2.0 1000.0 45863480.0
18700.0 0.0 0.0 68.0 71848820.0 864115.0 0.0 60220000.0 507.0 2.0 1000.0 47727065.0
18800.0 0.0 0.0 67.0 70059441.0 807117.0 0.0 60220000.0 496.0 2.0 1000.0 49573442.0
18900.0 0.0 0.0 67.0 68320249.0 732789.0 0.0 60220000.0 485.0 2.0 1000.0 51386962.0
19000.0 0.0 0.0 67.0 66604798.0 656118.0 0.0 60220000.0 477.0 2.0 1000.0 53179084.0
19100.0 0.0 0.0 67.0 64922209.0 572415.0 0.0 60220000.0 468.0 2.0 1000.0 54945376.0
19200.0 0.0 0.0 66.0 63264563.0 503952.0 0.0 60220000.0 461.0 2.0 1000.0 56671485.0
19300.0 0.0 0.0 66.0 61635495.0 447943.0 0.0 60220000.0 454.0 2.0 1000.0 58356562.0
19400.0 0.0 0.0 65.0 60027610.0 404207.0 0.0 60220000.0 447.0 2.0 1000.0 60008183.0
19500.0 0.0 0.0 63.0 58442259.0 408950.0 0.0 60220000.0 439.0 2.0 1000.0 61588791.0
19600.0 0.0 0.0 62.0 56899178.0 402542.0 0.0 60220000.0 427.0 2.0 1000.0 63138280.0
19700.0 0.0 0.0 62.0 55387121.0 382545.0 0.0 60220000.0 422.0 2.0 1000.0 64670334.0
19800.0 0.0 0.0 62.0 53890790.0 362305.0 0.0 60220000.0 418.0 2.0 1000.0 66186905.0
19900.0 0.0 0.0 62.0 52406780.0 343514.0 0.0 60220000.0 412.0 2.0 1000.0 67689706.0
