time rna_M monomer_betaGal protein_betaGal Lactose_external Lactose_internal Glucose_external Glucose_internal protein_Lactose_Permease dna_Lac_Operon Biomass Lactose_consumed
0.0 0.0 0.0 0.0 120440000.0 0.0 60220000.0 0.0 0.0 2.0 1000.0 0.0
100.0 0.0 0.0 0.0 120440000.0 0.0 30120062.0 30099938.0 0.0 2.0 1000.0 0.0
200.0 0.0 0.0 0.0 120440000.0 0.0 73611.0 60146389.0 0.0 2.0 1000.0 0.0
300.0 0.0 0.0 0.0 120440000.0 0.0 0.0 60220000.0 0.0 2.0 1000.0 0.0
400.0 0.0 0.0 0.0 120440000.0 0.0 0.0 60220000.0 0.0 2.0 1000.0 0.0
500.0 0.0 0.0 0.0 120440000.0 0.0 0.0 60220000.0 0.0 2.0 1000.0 0.0
600.0 0.0 0.0 0.0 120440000.0 0.0 0.0 60220000.0 0.0 2.0 1000.0 0.0
700.0 0.0 0.0 0.0 120440000.0 0.0 0.0 60220000.0 0.0 2.0 1000.0 0.0
800.0 0.0 0.0 0.0 120440000.0 0.0 0.0 60220000.0 0.0 2.0 1000.0 0.0
900.0 0.0 0.0 0.0 120440000.0 0.0 0.0 60220000.0 0.0 2.0 1000.0 0.0
1000.0 0.0 0.0 0.0 120440000.0 0.0 0.0 60220000.0 0.0 2.0 1000.0 0.0
1100.0 0.0 0.0 0.0 120440000.0 0.0 0.0 60220000.0 0.0 2.0 1000.0 0.0
1200.0 0.0 0.0 0.0 120440000.0 0.0 0.0 60220000.0 0.0 2.0 1000.0 0.0
1300.0 0.0 0.0 0.0 120440000.0 0.0 0.0 60220000.0 0.0 2.0 1000.0 0.0
1400.0 0.0 0.0 0.0 120440000.0 0.0 0.0 60220000.0 0.0 2.0 1000.0 0.0
1500.0 0.0 0.0 0.0 120440000.0 0.0 0.0 60220000.0 0.0 2.0 1000.0 0.0
1600.0 0.0 0.0 0.0 120440000.0 0.0 0.0 60220000.0 0.0 2.0 1000.0 0.0
1700.0 0.0 0.0 0.0 120440000.0 0.0 0.0 60220000.0 0.0 2.0 1000.0 0.0
1800.0 0.0 0.0 0.0 120440000.0 0.0 0.0 60220000.0 0.0 2.0 1000.0 0.0
1900.0 0.0 0.0 0.0 120440000.0 0.0 0.0 60220000.0 0.0 2.0 1000.0 0.0
2000.0 0.0 0.0 0.0 120440000.0 0.0 0.0 60220000.0 0.0 2.0 1000.0 0.0
2100.0 0.0 0.0 0.0 120440000.0 0.0 0.0 60220000.0 0.0 2.0 1000.0 0.0
2200.0 0.0 0.0 0.0 120440000.0 0.0 0.0 60220000.0 0.0 2.0 1000.0 0.0
2300.0 0.0 0.0 0.0 120440000.0 0.0 0.0 60220000.0 0.0 2.0 1000.0 0.0
2400.0 0.0 0.0 0.0 120440000.0 0.0 0.0 60220000.0 0.0 2.0 1000.0 0.0
2500.0 0.0 0.0 0.0 120440000.0 0.0 0.0 60220000.0 0.0 2.0 1000.0 0.0
2600.0 0.0 0.0 0.0 120440000.0 0.0 0.0 60220000.0 0.0 2.0 1000.0 0.0
2700.0 0.0 0.0 0.0 120440000.0 0.0 0.0 60220000.0 0.0 2.0 1000.0 0.0
2800.0 0.0 0.0 0.0 120440000.0 0.0 0.0 60220000.0 0.0 2.0 1000.0 0.0
2900.0 0.0 0.0 0.0 120440000.0 0.0 0.0 60220000.0 0.0 2.0 1000.0 0.0
3000.0 0.0 0.0 0.0 120440000.0 0.0 0.0 60220000.0 0.0 2.0 1000.0 0.0
3100.0 0.0 0.0 0.0 120440000.0 0.0 0.0 60220000.0 0.0 2.0 1000.0 0.0
3200.0 0.0 0.0 0.0 120440000.0 0.0 0.0 60220000.0 0.0 2.0 1000.0 0.0
3300.0 0.0 0.0 0.0 120440000.0 0.0 0.0 60220000.0 0.0 2.0 1000.0 0.0
3400.0 0.0 0.0 0.0 120440000.0 0.0 0.0 60220000.0 0.0 2.0 1000.0 0.0
3500.0 0.0 0.0 0.0 120440000.0 0.0 0.0 60220000.0 0.0 2.0 1000.0 0.0
3600.0 0.0 0.0 0.0 120440000.0 0.0 0.0 60220000.0 0.0 2.0 1000.0 0.0
3700.0 0.0 0.0 0.0 120440000.0 0.0 0.0 60220000.0 0.0 2.0 1000.0 0.0
3800.0 0.0 0.0 0.0 120440000.0 0.0 0.0 60220000.0 0.0 2.0 1000.0 0.0
3900.0 0.0 0.0 0.0 120440000.0 0.0 0.0 60220000.0 0.0 2.0 1000.0 0.0
4000.0 0.0 0.0 0.0 120440000.0 0.0 0.0 60220000.0 0.0 2.0 1000.0 0.0
4100.0 0.0 0.0 0.0 120440000.0 0.0 0.0 60220000.0 0.0 2.0 1000.0 0.0
4200.0 0.0 0.0 0.0 120440000.0 0.0 0.0 60220000.0 0.0 2.0 1000.0 0.0
4300.0 0.0 0.0 0.0 120440000.0 0.0 0.0 60220000.0 0.0 2.0 1000.0 0.0
4400.0 0.0 2.0 0.0 120431385.0 8615.0 0.0 60220000.0 3.0 2.0 1000.0 0.0
4500.0 0.0 2.0 0.0 120421459.0 18541.0 0.0 60220000.0 2.0 2.0 1000.0 0.0
4600.0 0.0 2.0 0.0 120414276.0 25724.0 0.0 60220000.0 2.0 2.0 1000.0 0.0
4700.0 0.0 2.0 0.0 120407269.0 32731.0 0.0 60220000.0 2.0 2.0 1000.0 0.0
4800.0 0.0 2.0 0.0 120400034.0 39966.0 0.0 60220000.0 2.0 2.0 1000.0 0.0
4900.0 0.0 2.0 0.0 120392988.0 47012.0 0.0 60220000.0 2.0 2.0 1000.0 0.0
5000.0 0.0 2.0 0.0 120385939.0 54061.0 0.0 60220000.0 2.0 2.0 1000.0 0.0
5100.0 0.0 2.0 0.0 120378765.0 61235.0 0.0 60220000.0 2.0 2.0 1000.0 0.0
5200.0 0.0 2.0 0.0 120371517.0 68483.0 0.0 60220000.0 2.0 2.0 1000.0 0.0
5300.0 0.0 2.0 0.0 120364488.0 75512.0 0.0 60220000.0 2.0 2.0 1000.0 0.0
5400.0 0.0 2.0 0.0 120357414.0 82586.0 0.0 60220000.0 2.0 2.0 1000.0 0.0
5500.0 0.0 2.0 0.0 120350410.0 89590.0 0.0 60220000.0 2.0 2.0 1000.0 0.0
5600.0 0.0 2.0 0.0 120343138.0 96862.0 0.0 60220000.0 2.0 2.0 1000.0 0.0
5700.0 0.0 2.0 0.0 120335916.0 104084.0 0.0 60220000.0 2.0 2.0 1000.0 0.0
5800.0 0.0 2.0 0.0 120328784.0 111216.0 0.0 60220000.0 2.0 2.0 1000.0 0.0
5900.0 0.0 2.0 0.0 120321657.0 118343.0 0.0 60220000.0 2.0 2.0 1000.0 0.0
6000.0 0.0 2.0 0.0 120314539.0 125461.0 0.0 60220000.0 2.0 2.0 1000.0 0.0
6100.0 0.0 2.0 0.0 120307376.0 132624.0 0.0 60220000.0 2.0 2.0 1000.0 0.0
6200.0 0.0 2.0 0.0 120300154.0 139846.0 0.0 60220000.0 2.0 2.0 1000.0 0.0
6300.0 0.0 2.0 0.0 120292865.0 147135.0 0.0 60220000.0 2.0 2.0 1000.0 0.0
6400.0 0.0 2.0 0.0 120285599.0 154401.0 0.0 60220000.0 2.0 2.0 1000.0 0.0
6500.0 0.0 2.0 0.0 120278534.0 161466.0 0.0 60220000.0 2.0 2.0 1000.0 0.0
6600.0 0.0 2.0 0.0 120271502.0 168498.0 0.0 60220000.0 2.0 2.0 1000.0 0.0
6700.0 0.0 2.0 0.0 120264440.0 175560.0 0.0 60220000.0 2.0 2.0 1000.0 0.0
6800.0 0.0 2.0 0.0 120257373.0 182627.0 0.0 60220000.0 2.0 2.0 1000.0 0.0
6900.0 0.0 2.0 0.0 120250271.0 189729.0 0.0 60220000.0 2.0 2.0 1000.0 0.0
7000.0 0.0 2.0 0.0 120243090.0 196910.0 0.0 60220000.0 2.0 2.0 1000.0 0.0
7100.0 0.0 2.0 0.0 120235871.0 204129.0 0.0 60220000.0 2.0 2.0 1000.0 0.0
7200.0 0.0 2.0 0.0 120228689.0 211311.0 0.0 60220000.0 2.0 2.0 1000.0 0.0
7300.0 0.0 2.0 0.0 120221377.0 218623.0 0.0 60220000.0 2.0 2.0 1000.0 0.0
7400.0 0.0 2.0 0.0 120214151.0 225849.0 0.0 60220000.0 2.0 2.0 1000.0 0.0
7500.0 0.0 2.0 0.0 120207061.0 232939.0 0.0 60220000.0 2.0 2.0 1000.0 0.0
7600.0 0.0 2.0 0.0 120199956.0 240044.0 0.0 60220000.0 2.0 2.0 1000.0 0.0
7700.0 0.0 2.0 0.0 120192828.0 247172.0 0.0 60220000.0 2.0 2.0 1000.0 0.0
7800.0 0.0 2.0 0.0 120185710.0 254290.0 0.0 60220000.0 2.0 2.0 1000.0 0.0
7900.0 0.0 2.0 0.0 120178660.0 261340.0 0.0 60220000.0 2.0 2.0 1000.0 0.0
8000.0 0.0 2.0 0.0 120171548.0 268452.0 0.0 60220000.0 2.0 2.0 1000.0 0.0
8100.0 0.0 2.0 0.0 120164448.0 275552.0 0.0 60220000.0 2.0 2.0 1000.0 0.0
8200.0 0.0 2.0 0.0 120157289.0 282711.0 0.0 60220000.0 2.0 2.0 1000.0 0.0
8300.0 0.0 2.0 0.0 120150189.0 289811.0 0.0 60220000.0 2.0 2.0 1000.0 0.0
8400.0 0.0 2.0 0.0 120143017.0 296983.0 0.0 60220000.0 2.0 2.0 1000.0 0.0
8500.0 0.0 2.0 0.0 120136023.0 303977.0 0.0 60220000.0 2.0 2.0 1000.0 0.0
8600.0 0.0 2.0 0.0 120128879.0 311121.0 0.0 60220000.0 2.0 2.0 1000.0 0.0
8700.0 0.0 2.0 0.0 120121722.0 318278.0 0.0 60220000.0 2.0 2.0 1000.0 0.0
8800.0 0.0 2.0 0.0 120114484.0 325516.0 0.0 60220000.0 2.0 2.0 1000.0 0.0
8900.0 0.0 2.0 0.0 120107295.0 332705.0 0.0 60220000.0 2.0 2.0 1000.0 0.0
9000.0 0.0 2.0 0.0 120100039.0 339961.0 0.0 60220000.0 2.0 2.0 1000.0 0.0
9100.0 0.0 2.0 0.0 120092961.0 347039.0 0.0 60220000.0 2.0 2.0 1000.0 0.0
9200.0 0.0 2.0 0.0 120085989.0 354011.0 0.0 60220000.0 2.0 2.0 1000.0 0.0
9300.0 0.0 2.0 0.0 120078817.0 361183.0 0.0 60220000.0 2.0 2.0 1000.0 0.0
9400.0 0.0 2.0 0.0 120071597.0 368403.0 0.0 60220000.0 2.0 2.0 1000.0 0.0
9500.0 0.0 2.0 0.0 120064430.0 375570.0 0.0 60220000.0 2.0 2.0 1000.0 0.0
9600.0 0.0 2.0 0.0 120057137.0 382863.0 0.0 60220000.0 2.0 2.0 1000.0 0.0
9700.0 0.0 2.0 0.0 120049897.0 390103.0 0.0 60220000.0 2.0 2.0 1000.0 0.0
9800.0 0.0 2.0 0.0 120042744.0 397256.0 0.0 60220000.0 2.0 2.0 1000.0 0.0
9900.0 0.0 2.0 0.0 120035502.0 404498.0 0.0 60220000.0 2.0 2.0 1000.0 0.0
10000.0 0.0 2.0 0.0 120028367.0 411633.0 0.0 60220000.0 2.0 2.0 1000.0 0.0
10100.0 0.0 2.0 0.0 120021199.0 418801.0 0.0 60220000.0 2.0 2.0 1000.0 0.0
10200.0 0.0 2.0 0.0 120014160.0 425840.0 0.0 60220000.0 2.0 2.0 1000.0 0.0
10300.0 0.0 2.0 0.0 120007167.0 432833.0 0.0 60220000.0 2.0 2.0 1000.0 0.0
10400.0 0.0 2.0 0.0 119999991.0 440009.0 0.0 60220000.0 2.0 2.0 1000.0 0.0
10500.0 0.0 2.0 0.0 119992946.0 447054.0 0.0 60220000.0 2.0 2.0 1000.0 0.0
10600.0 0.0 2.0 0.0 119985722.0 454278.0 0.0 60220000.0 2.0 2.0 1000.0 0.0
10700.0 0.0 2.0 0.0 119978575.0 461425.0 0.0 60220000.0 2.0 2.0 1000.0 0.0
10800.0 0.0 2.0 0.0 119971512.0 468488.0 0.0 60220000.0 2.0 2.0 1000.0 0.0
10900.0 0.0 2.0 0.0 119964432.0 475568.0 0.0 60220000.0 2.0 2.0 1000.0 0.0
11000.0 0.0 2.0 0.0 119957169.0 482831.0 0.0 60220000.0 2.0 2.0 1000.0 0.0
11100.0 0.0 2.0 0.0 119949924.0 490076.0 0.0 60220000.0 2.0 2.0 1000.0 0.0
11200.0 0.0 2.0 0.0 119942863.0 497137.0 0.0 60220000.0 2.0 2.0 1000.0 0.0
11300.0 0.0 2.0 0.0 119936259.0 503741.0 0.0 60220000.0 1.0 2.0 1000.0 0.0
11400.0 0.0 2.0 0.0 119932715.0 507285.0 0.0 60220000.0 1.0 2.0 1000.0 0.0
11500.0 0.0 2.0 0.0 119929131.0 510869.0 0.0 60220000.0 1.0 2.0 1000.0 0.0
11600.0 0.0 2.0 0.0 119925607.0 514393.0 0.0 60220000.0 1.0 2.0 1000.0 0.0
11700.0 0.0 2.0 0.0 119922019.0 517981.0 0.0 60220000.0 1.0 2.0 1000.0 0.0
11800.0 0.0 2.0 0.0 119918469.0 521531.0 0.0 60220000.0 1.0 2.0 1000.0 0.0
11900.0 0.0 2.0 0.0 119914892.0 525108.0 0.0 60220000.0 1.0 2.0 1000.0 0.0
12000.0 0.0 2.0 0.0 119911326.0 528674.0 0.0 60220000.0 1.0 2.0 1000.0 0.0
12100.0 0.0 2.0 0.0 119907824.0 532176.0 0.0 60220000.0 1.0 2.0 1000.0 0.0
12200.0 0.0 2.0 0.0 119904316.0 535684.0 0.0 60220000.0 1.0 2.0 1000.0 0.0
12300.0 0.0 2.0 0.0 119900773.0 539227.0 0.0 60220000.0 1.0 2.0 1000.0 0.0
12400.0 0.0 2.0 0.0 119897233.0 542767.0 0.0 60220000.0 1.0 2.0 1000.0 0.0
12500.0 0.0 2.0 0.0 119893711.0 546289.0 0.0 60220000.0 1.0 2.0 1000.0 0.0
12600.0 0.0 2.0 0.0 119890247.0 549753.0 0.0 60220000.0 1.0 2.0 1000.0 0.0
12700.0 0.0 2.0 0.0 119886692.0 553308.0 0.0 60220000.0 1.0 2.0 1000.0 0.0
12800.0 0.0 2.0 0.0 119883185.0 556815.0 0.0 60220000.0 1.0 2.0 1000.0 0.0
12900.0 0.0 2.0 0.0 119879552.0 560448.0 0.0 60220000.0 1.0 2.0 1000.0 0.0
13000.0 0.0 2.0 0.0 119875982.0 564018.0 0.0 60220000.0 1.0 2.0 1000.0 0.0
13100.0 0.0 2.0 0.0 119872468.0 567532.0 0.0 60220000.0 1.0 2.0 1000.0 0.0
13200.0 1.0 0.0 1.0 119868210.0 569750.0 0.0 60220000.0 4.0 2.0 1000.0 2040.0
13300.0 0.0 0.0 1.0 119839913.0 571783.0 0.0 60220000.0 8.0 2.0 1000.0 28304.0
13400.0 0.0 0.0 1.0 119811875.0 573670.0 0.0 60220000.0 7.0 2.0 1000.0 54455.0
13500.0 0.0 0.0 1.0 119786514.0 572635.0 0.0 60220000.0 7.0 2.0 1000.0 80851.0
13600.0 0.0 0.0 1.0 119761669.0 571265.0 0.0 60220000.0 7.0 2.0 1000.0 107066.0
13700.0 0.0 0.0 1.0 119736462.0 569991.0 0.0 60220000.0 7.0 2.0 1000.0 133547.0
13800.0 0.0 0.0 1.0 119711140.0 569337.0 0.0 60220000.0 7.0 2.0 1000.0 159523.0
13900.0 0.0 0.0 1.0 119686060.0 568373.0 0.0 60220000.0 7.0 2.0 1000.0 185567.0
14000.0 0.0 0.0 1.0 119661154.0 567011.0 0.0 60220000.0 7.0 2.0 1000.0 211835.0
14100.0 0.0 0.0 1.0 119638151.0 563763.0 0.0 60220000.0 6.0 2.0 1000.0 238086.0
14200.0 0.0 0.0 1.0 119616776.0 559281.0 0.0 60220000.0 6.0 2.0 1000.0 263943.0
14300.0 0.0 0.0 1.0 119595502.0 554420.0 0.0 60220000.0 6.0 2.0 1000.0 290078.0
14400.0 0.0 0.0 1.0 119574122.0 549939.0 0.0 60220000.0 6.0 2.0 1000.0 315939.0
14500.0 0.0 0.0 1.0 119553826.0 544470.0 0.0 60220000.0 5.0 2.0 1000.0 341704.0
14600.0 0.0 0.0 1.0 119535838.0 536630.0 0.0 60220000.0 5.0 2.0 1000.0 367532.0
14700.0 0.0 0.0 1.0 119517848.0 528882.0 0.0 60220000.0 5.0 2.0 1000.0 393270.0
14800.0 0.0 0.0 1.0 119500093.0 520776.0 0.0 60220000.0 5.0 2.0 1000.0 419131.0
14900.0 0.0 0.0 1.0 119482198.0 512845.0 0.0 60220000.0 5.0 2.0 1000.0 444957.0
15000.0 0.0 0.0 1.0 119464179.0 505018.0 0.0 60220000.0 5.0 2.0 1000.0 470803.0
15100.0 0.0 0.0 1.0 119446314.0 497149.0 0.0 60220000.0 5.0 2.0 1000.0 496537.0
15200.0 0.0 0.0 1.0 119428617.0 489117.0 0.0 60220000.0 5.0 2.0 1000.0 522266.0
15300.0 1.0 3.0 4.0 119341108.0 520811.0 0.0 60220000.0 45.0 2.0 1000.0 578081.0
15400.0 0.0 2.0 5.0 119165452.0 568574.0 0.0 60220000.0 50.0 2.0 1000.0 705974.0
15500.0 0.0 2.0 5.0 118987303.0 615269.0 0.0 60220000.0 50.0 2.0 1000.0 837428.0
15600.0 0.0 2.0 5.0 118808161.0 662299.0 0.0 60220000.0 50.0 2.0 1000.0 969540.0
15700.0 0.0 2.0 5.0 118629485.0 707045.0 0.0 60220000.0 50.0 2.0 1000.0 1103470.0
15800.0 0.0 2.0 5.0 118453503.0 748554.0 0.0 60220000.0 49.0 2.0 1000.0 1237943.0
15900.0 0.0 2.0 5.0 118280145.0 786682.0 0.0 60220000.0 48.0 2.0 1000.0 1373173.0
16000.0 0.0 2.0 5.0 118110867.0 820256.0 0.0 60220000.0 47.0 2.0 1000.0 1508877.0
16100.0 0.0 2.0 5.0 117945726.0 848677.0 0.0 60220000.0 45.0 2.0 1000.0 1645597.0
16200.0 0.0 2.0 5.0 117787327.0 870119.0 0.0 60220000.0 44.0 2.0 1000.0 1782554.0
16300.0 0.0 2.0 5.0 117631869.0 887904.0 0.0 60220000.0 43.0 2.0 1000.0 1920227.0
16400.0 0.0 2.0 5.0 117481428.0 901218.0 0.0 60220000.0 42.0 2.0 1000.0 2057354.0
16500.0 0.0 2.0 5.0 117332242.0 913746.0 0.0 60220000.0 42.0 2.0 1000.0 2194012.0
16600.0 0.0 2.0 4.0 117182498.0 947227.0 0.0 60220000.0 42.0 2.0 1000.0 2310275.0
16700.0 0.0 2.0 4.0 117032768.0 986046.0 0.0 60220000.0 42.0 2.0 1000.0 2421186.0
16800.0 0.0 2.0 4.0 116885060.0 1022765.0 0.0 60220000.0 41.0 2.0 1000.0 2532175.0
16900.0 0.0 2.0 4.0 116739855.0 1056529.0 0.0 60220000.0 40.0 2.0 1000.0 2643616.0
17000.0 0.0 2.0 4.0 116597287.0 1087255.0 0.0 60220000.0 40.0 2.0 1000.0 2755458.0
17100.0 0.0 2.0 3.0 116458392.0 1123500.0 0.0 60220000.0 38.0 2.0 1000.0 2858108.0
17200.0 0.0 2.0 3.0 116322957.0 1175273.0 0.0 60220000.0 38.0 2.0 1000.0 2941770.0
17300.0 0.0 2.0 3.0 116187839.0 1226200.0 0.0 60220000.0 38.0 2.0 1000.0 3025961.0
17400.0 0.0 2.0 3.0 116055914.0 1274035.0 0.0 60220000.0 37.0 2.0 1000.0 3110051.0
17500.0 0.0 2.0 3.0 115924106.0 1320835.0 0.0 60220000.0 37.0 2.0 1000.0 3195059.0
17600.0 0.0 2.0 3.0 115794598.0 1365011.0 0.0 60220000.0 36.0 2.0 1000.0 3280391.0
17700.0 0.0 2.0 3.0 115668672.0 1406250.0 0.0 60220000.0 34.0 2.0 1000.0 3365078.0
17800.0 0.0 0.0 4.0 115543066.0 1428106.0 0.0 60220000.0 36.0 2.0 1000.0 3468828.0
17900.0 0.0 0.0 4.0 115417883.0 1440518.0 0.0 60220000.0 35.0 2.0 1000.0 3581599.0
18000.0 0.0 0.0 4.0 115294041.0 1451450.0 0.0 60220000.0 35.0 2.0 1000.0 3694509.0
18100.0 0.0 0.0 4.0 115170103.0 1462175.0 0.0 60220000.0 34.0 2.0 1000.0 3807722.0
18200.0 0.0 0.0 4.0 115049167.0 1469990.0 0.0 60220000.0 34.0 2.0 1000.0 3920843.0
18300.0 0.0 0.0 4.0 114928570.0 1476853.0 0.0 60220000.0 34.0 2.0 1000.0 4034577.0
18400.0 0.0 0.0 4.0 114810367.0 1481976.0 0.0 60220000.0 33.0 2.0 1000.0 4147657.0
18500.0 0.0 0.0 4.0 114694627.0 1484059.0 0.0 60220000.0 31.0 2.0 1000.0 4261314.0
18600.0 0.0 0.0 4.0 114586147.0 1479201.0 0.0 60220000.0 30.0 2.0 1000.0 4374652.0
18700.0 0.0 0.0 4.0 114479153.0 1472945.0 0.0 60220000.0 30.0 2.0 1000.0 4487902.0
18800.0 0.0 0.0 4.0 114372707.0 1465970.0 0.0 60220000.0 30.0 2.0 1000.0 4601323.0
18900.0 0.0 0.0 4.0 114266408.0 1459629.0 0.0 60220000.0 30.0 2.0 1000.0 4713963.0
19000.0 1.0 1.0 5.0 114137408.0 1466684.0 0.0 60220000.0 47.0 2.0 1000.0 4835908.0
19100.0 1.0 2.0 7.0 113922049.0 1492558.0 0.0 60220000.0 75.0 2.0 1000.0 5025393.0
19200.0 1.0 0.0 11.0 113607740.0 1544650.0 0.0 60220000.0 100.0 2.0 1000.0 5287610.0
19300.0 0.0 0.0 11.0 113250523.0 1589879.0 0.0 60220000.0 98.0 2.0 1000.0 5599598.0
19400.0 0.0 0.0 9.0 112906243.0 1658900.0 0.0 60220000.0 96.0 2.0 1000.0 5874857.0
19500.0 0.0 0.0 8.0 112564608.0 1749057.0 0.0 60220000.0 96.0 2.0 1000.0 6126335.0
19600.0 0.0 0.0 8.0 112224188.0 1860601.0 0.0 60220000.0 95.0 2.0 1000.0 6355211.0
19700.0 0.0 0.0 8.0 111887231.0 1968159.0 0.0 60220000.0 95.0 2.0 1000.0 6584610.0
19800.0 0.0 0.0 8.0 111552187.0 2073014.0 0.0 60220000.0 94.0 2.0 1000.0 6814799.0
19900.0 0.0 0.0 8.0 111219997.0 2174961.0 0.0 60220000.0 93.0 2.0 1000.0 7045042.0
