time rna_M monomer_betaGal protein_betaGal Lactose_external Lactose_internal Glucose_external Glucose_internal protein_Lactose_Permease dna_Lac_Operon Biomass Lactose_consumed
0.0 0.0 0.0 0.0 120440000.0 0.0 60220000.0 0.0 0.0 2.0 1000.0 0.0
100.0 0.0 0.0 0.0 120440000.0 0.0 30120753.0 30099247.0 0.0 2.0 1000.0 0.0
200.0 0.0 0.0 0.0 120440000.0 0.0 70818.0 60149182.0 0.0 2.0 1000.0 0.0
300.0 0.0 0.0 0.0 120440000.0 0.0 0.0 60220000.0 0.0 2.0 1000.0 0.0
400.0 0.0 0.0 0.0 120440000.0 0.0 0.0 60220000.0 0.0 2.0 1000.0 0.0
500.0 0.0 0.0 0.0 120440000.0 0.0 0.0 60220000.0 0.0 2.0 1000.0 0.0
600.0 0.0 0.0 0.0 120440000.0 0.0 0.0 60220000.0 0.0 2.0 1000.0 0.0
700.0 0.0 0.0 0.0 120440000.0 0.0 0.0 60220000.0 0.0 2.0 1000.0 0.0
800.0 0.0 0.0 0.0 120440000.0 0.0 0.0 60220000.0 0.0 2.0 1000.0 0.0
900.0 0.0 0.0 0.0 120440000.0 0.0 0.0 60220000.0 0.0 2.0 1000.0 0.0
1000.0 0.0 0.0 0.0 120440000.0 0.0 0.0 60220000.0 0.0 2.0 1000.0 0.0
1100.0 0.0 0.0 0.0 120440000.0 0.0 0.0 60220000.0 0.0 2.0 1000.0 0.0
1200.0 0.0 0.0 0.0 120440000.0 0.0 0.0 60220000.0 0.0 2.0 1000.0 0.0
1300.0 0.0 0.0 0.0 120440000.0 0.0 0.0 60220000.0 0.0 2.0 1000.0 0.0
1400.0 0.0 0.0 0.0 120440000.0 0.0 0.0 60220000.0 0.0 2.0 1000.0 0.0
1500.0 0.0 0.0 0.0 120440000.0 0.0 0.0 60220000.0 0.0 2.0 1000.0 0.0
1600.0 0.0 0.0 0.0 120440000.0 0.0 0.0 60220000.0 0.0 2.0 1000.0 0.0
1700.0 0.0 0.0 0.0 120440000.0 0.0 0.0 60220000.0 0.0 2.0 1000.0 0.0
1800.0 0.0 0.0 2.0 120434968.0 4780.0 0.0 60220000.0 7.0 2.0 1000.0 252.0
1900.0 0.0 0.0 2.0 120410185.0 21263.0 0.0 60220000.0 7.0 2.0 1000.0 8552.0
2000.0 0.0 0.0 2.0 120385173.0 31753.0 0.0 60220000.0 7.0 2.0 1000.0 23074.0
2100.0 0.0 0.0 2.0 120360027.0 39110.0 0.0 60220000.0 7.0 2.0 1000.0 40863.0
2200.0 0.0 0.0 2.0 120334922.0 44017.0 0.0 60220000.0 7.0 2.0 1000.0 61061.0
2300.0 0.0 0.0 2.0 120310794.0 46832.0 0.0 60220000.0 6.0 2.0 1000.0 82374.0
2400.0 0.0 0.0 1.0 120289636.0 46661.0 0.0 60220000.0 6.0 2.0 1000.0 103703.0
2500.0 0.0 0.0 1.0 120268042.0 56858.0 0.0 60220000.0 6.0 2.0 1000.0 115100.0
2600.0 0.0 0.0 1.0 120246856.0 65393.0 0.0 60220000.0 6.0 2.0 1000.0 127751.0
2700.0 0.0 0.0 0.0 120226385.0 76583.0 0.0 60220000.0 5.0 2.0 1000.0 137032.0
2800.0 0.0 0.0 0.0 120208635.0 94333.0 0.0 60220000.0 5.0 2.0 1000.0 137032.0
2900.0 0.0 0.0 0.0 120190816.0 112152.0 0.0 60220000.0 5.0 2.0 1000.0 137032.0
3000.0 0.0 0.0 0.0 120173001.0 129967.0 0.0 60220000.0 5.0 2.0 1000.0 137032.0
3100.0 0.0 0.0 0.0 120155187.0 147781.0 0.0 60220000.0 5.0 2.0 1000.0 137032.0
3200.0 0.0 0.0 0.0 120137314.0 165654.0 0.0 60220000.0 5.0 2.0 1000.0 137032.0
3300.0 0.0 0.0 0.0 120122132.0 180836.0 0.0 60220000.0 4.0 2.0 1000.0 137032.0
3400.0 0.0 0.0 0.0 120107667.0 195301.0 0.0 60220000.0 4.0 2.0 1000.0 137032.0
3500.0 0.0 0.0 0.0 120093544.0 209424.0 0.0 60220000.0 4.0 2.0 1000.0 137032.0
3600.0 0.0 0.0 0.0 120079087.0 223881.0 0.0 60220000.0 4.0 2.0 1000.0 137032.0
3700.0 0.0 0.0 0.0 120064966.0 238002.0 0.0 60220000.0 4.0 2.0 1000.0 137032.0
3800.0 0.0 0.0 0.0 120050818.0 252150.0 0.0 60220000.0 4.0 2.0 1000.0 137032.0
3900.0 0.0 0.0 0.0 120036401.0 266567.0 0.0 60220000.0 4.0 2.0 1000.0 137032.0
4000.0 0.0 0.0 0.0 120022118.0 280850.0 0.0 60220000.0 4.0 2.0 1000.0 137032.0
4100.0 0.0 0.0 0.0 120008083.0 294885.0 0.0 60220000.0 4.0 2.0 1000.0 137032.0
4200.0 0.0 0.0 0.0 119993701.0 309267.0 0.0 60220000.0 4.0 2.0 1000.0 137032.0
4300.0 0.0 0.0 0.0 119979345.0 323623.0 0.0 60220000.0 4.0 2.0 1000.0 137032.0
4400.0 0.0 0.0 0.0 119965108.0 337860.0 0.0 60220000.0 4.0 2.0 1000.0 137032.0
4500.0 0.0 0.0 0.0 119950922.0 352046.0 0.0 60220000.0 4.0 2.0 1000.0 137032.0
4600.0 0.0 0.0 0.0 119936509.0 366459.0 0.0 60220000.0 4.0 2.0 1000.0 137032.0
4700.0 0.0 0.0 0.0 119922670.0 380298.0 0.0 60220000.0 3.0 2.0 1000.0 137032.0
4800.0 0.0 0.0 0.0 119911963.0 391005.0 0.0 60220000.0 3.0 2.0 1000.0 137032.0
4900.0 0.0 0.0 0.0 119901230.0 401738.0 0.0 60220000.0 3.0 2.0 1000.0 137032.0
5000.0 0.0 0.0 2.0 119882141.0 402138.0 0.0 60220000.0 9.0 2.0 1000.0 155721.0
5100.0 0.0 0.0 2.0 119849958.0 384855.0 0.0 60220000.0 9.0 2.0 1000.0 205187.0
5200.0 0.0 0.0 2.0 119817474.0 368344.0 0.0 60220000.0 9.0 2.0 1000.0 254182.0
5300.0 0.0 0.0 2.0 119784849.0 352584.0 0.0 60220000.0 9.0 2.0 1000.0 302567.0
5400.0 0.0 0.0 2.0 119752789.0 336733.0 0.0 60220000.0 9.0 2.0 1000.0 350478.0
5500.0 0.0 0.0 2.0 119720715.0 320953.0 0.0 60220000.0 9.0 2.0 1000.0 398332.0
5600.0 0.0 0.0 2.0 119691636.0 302883.0 0.0 60220000.0 8.0 2.0 1000.0 445481.0
5700.0 0.0 0.0 2.0 119663103.0 284802.0 0.0 60220000.0 8.0 2.0 1000.0 492095.0
5800.0 0.0 0.0 2.0 119634588.0 267237.0 0.0 60220000.0 8.0 2.0 1000.0 538175.0
5900.0 0.0 0.0 2.0 119606592.0 250177.0 0.0 60220000.0 7.0 2.0 1000.0 583231.0
6000.0 0.0 0.0 2.0 119581761.0 230455.0 0.0 60220000.0 7.0 2.0 1000.0 627784.0
6100.0 0.0 0.0 2.0 119556665.0 212288.0 0.0 60220000.0 7.0 2.0 1000.0 671047.0
6200.0 0.0 0.0 2.0 119531569.0 194671.0 0.0 60220000.0 7.0 2.0 1000.0 713760.0
6300.0 0.0 0.0 2.0 119508971.0 176200.0 0.0 60220000.0 6.0 2.0 1000.0 754829.0
6400.0 0.0 0.0 2.0 119487562.0 157909.0 0.0 60220000.0 6.0 2.0 1000.0 794529.0
6500.0 0.0 0.0 2.0 119466278.0 140707.0 0.0 60220000.0 6.0 2.0 1000.0 833015.0
6600.0 0.0 0.0 2.0 119444768.0 125204.0 0.0 60220000.0 6.0 2.0 1000.0 870028.0
6700.0 0.0 0.0 2.0 119423132.0 111907.0 0.0 60220000.0 6.0 2.0 1000.0 904961.0
6800.0 0.0 0.0 2.0 119401459.0 99928.0 0.0 60220000.0 6.0 2.0 1000.0 938613.0
6900.0 0.0 0.0 2.0 119380088.0 89266.0 0.0 60220000.0 6.0 2.0 1000.0 970646.0
7000.0 0.0 0.0 2.0 119358611.0 80434.0 0.0 60220000.0 6.0 2.0 1000.0 1000955.0
7100.0 0.0 0.0 2.0 119337100.0 73037.0 0.0 60220000.0 6.0 2.0 1000.0 1029863.0
7200.0 0.0 0.0 2.0 119315519.0 67733.0 0.0 60220000.0 6.0 2.0 1000.0 1056748.0
7300.0 0.0 0.0 2.0 119294217.0 62835.0 0.0 60220000.0 6.0 2.0 1000.0 1082948.0
7400.0 0.0 0.0 2.0 119272796.0 59376.0 0.0 60220000.0 6.0 2.0 1000.0 1107828.0
7500.0 0.0 0.0 2.0 119251747.0 55794.0 0.0 60220000.0 5.0 2.0 1000.0 1132459.0
7600.0 0.0 0.0 2.0 119233876.0 50397.0 0.0 60220000.0 5.0 2.0 1000.0 1155727.0
7700.0 0.0 0.0 1.0 119215731.0 47968.0 0.0 60220000.0 5.0 2.0 1000.0 1176301.0
7800.0 0.0 0.0 1.0 119197934.0 54415.0 0.0 60220000.0 5.0 2.0 1000.0 1187651.0
7900.0 0.0 0.0 1.0 119179875.0 60416.0 0.0 60220000.0 5.0 2.0 1000.0 1199709.0
8000.0 0.0 0.0 1.0 119161846.0 65458.0 0.0 60220000.0 5.0 2.0 1000.0 1212696.0
8100.0 0.0 0.0 1.0 119143917.0 69781.0 0.0 60220000.0 5.0 2.0 1000.0 1226302.0
8200.0 0.0 0.0 1.0 119125915.0 73822.0 0.0 60220000.0 5.0 2.0 1000.0 1240263.0
8300.0 0.0 0.0 1.0 119108201.0 77376.0 0.0 60220000.0 5.0 2.0 1000.0 1254423.0
8400.0 0.0 0.0 0.0 119090242.0 82155.0 0.0 60220000.0 5.0 2.0 1000.0 1267603.0
8500.0 0.0 0.0 0.0 119072398.0 99999.0 0.0 60220000.0 5.0 2.0 1000.0 1267603.0
8600.0 0.0 0.0 0.0 119054548.0 117849.0 0.0 60220000.0 5.0 2.0 1000.0 1267603.0
8700.0 0.0 0.0 0.0 119036810.0 135587.0 0.0 60220000.0 5.0 2.0 1000.0 1267603.0
8800.0 0.0 0.0 0.0 119018970.0 153427.0 0.0 60220000.0 5.0 2.0 1000.0 1267603.0
8900.0 0.0 0.0 0.0 119001444.0 170953.0 0.0 60220000.0 5.0 2.0 1000.0 1267603.0
9000.0 0.0 0.0 0.0 118983606.0 188791.0 0.0 60220000.0 5.0 2.0 1000.0 1267603.0
9100.0 0.0 0.0 0.0 118965585.0 206812.0 0.0 60220000.0 5.0 2.0 1000.0 1267603.0
9200.0 0.0 0.0 0.0 118947961.0 224436.0 0.0 60220000.0 5.0 2.0 1000.0 1267603.0
9300.0 0.0 0.0 0.0 118930164.0 242233.0 0.0 60220000.0 5.0 2.0 1000.0 1267603.0
9400.0 0.0 0.0 0.0 118912440.0 259957.0 0.0 60220000.0 5.0 2.0 1000.0 1267603.0
9500.0 0.0 0.0 0.0 118894612.0 277785.0 0.0 60220000.0 5.0 2.0 1000.0 1267603.0
9600.0 0.0 0.0 0.0 118876665.0 295732.0 0.0 60220000.0 5.0 2.0 1000.0 1267603.0
9700.0 0.0 0.0 0.0 118858929.0 313468.0 0.0 60220000.0 5.0 2.0 1000.0 1267603.0
9800.0 0.0 0.0 0.0 118841283.0 331114.0 0.0 60220000.0 5.0 2.0 1000.0 1267603.0
9900.0 0.0 0.0 0.0 118823288.0 349109.0 0.0 60220000.0 5.0 2.0 1000.0 1267603.0
10000.0 0.0 0.0 0.0 118805335.0 367062.0 0.0 60220000.0 5.0 2.0 1000.0 1267603.0
10100.0 0.0 0.0 0.0 118787637.0 384760.0 0.0 60220000.0 4.0 2.0 1000.0 1267603.0
10200.0 0.0 0.0 0.0 118773358.0 399039.0 0.0 60220000.0 4.0 2.0 1000.0 1267603.0
10300.0 0.0 0.0 0.0 118762191.0 410206.0 0.0 60220000.0 2.0 2.0 1000.0 1267603.0
10400.0 0.0 0.0 0.0 118755081.0 417316.0 0.0 60220000.0 2.0 2.0 1000.0 1267603.0
10500.0 0.0 0.0 0.0 118748167.0 424230.0 0.0 60220000.0 2.0 2.0 1000.0 1267603.0
10600.0 0.0 0.0 0.0 118740994.0 431403.0 0.0 60220000.0 2.0 2.0 1000.0 1267603.0
10700.0 0.0 0.0 0.0 118733878.0 438519.0 0.0 60220000.0 2.0 2.0 1000.0 1267603.0
10800.0 0.0 0.0 0.0 118726840.0 445557.0 0.0 60220000.0 2.0 2.0 1000.0 1267603.0
10900.0 0.0 0.0 0.0 118719703.0 452694.0 0.0 60220000.0 2.0 2.0 1000.0 1267603.0
11000.0 0.0 0.0 0.0 118714858.0 457539.0 0.0 60220000.0 1.0 2.0 1000.0 1267603.0
11100.0 0.0 0.0 0.0 118711356.0 461041.0 0.0 60220000.0 1.0 2.0 1000.0 1267603.0
11200.0 0.0 0.0 0.0 118707801.0 464596.0 0.0 60220000.0 1.0 2.0 1000.0 1267603.0
11300.0 0.0 0.0 0.0 118704257.0 468140.0 0.0 60220000.0 1.0 2.0 1000.0 1267603.0
11400.0 0.0 0.0 0.0 118700691.0 471706.0 0.0 60220000.0 1.0 2.0 1000.0 1267603.0
11500.0 0.0 0.0 0.0 118697110.0 475287.0 0.0 60220000.0 1.0 2.0 1000.0 1267603.0
11600.0 0.0 0.0 0.0 118693468.0 478929.0 0.0 60220000.0 1.0 2.0 1000.0 1267603.0
11700.0 1.0 0.0 1.0 118680649.0 490998.0 0.0 60220000.0 16.0 2.0 1000.0 1268353.0
11800.0 1.0 1.0 4.0 118565465.0 540388.0 0.0 60220000.0 49.0 2.0 1000.0 1334147.0
11900.0 1.0 3.0 8.0 118345835.0 607280.0 0.0 60220000.0 78.0 2.0 1000.0 1486885.0
12000.0 0.0 1.0 10.0 118041207.0 654117.0 0.0 60220000.0 85.0 2.0 1000.0 1744676.0
12100.0 0.0 1.0 9.0 117741389.0 694268.0 0.0 60220000.0 83.0 2.0 1000.0 2004343.0
12200.0 0.0 1.0 9.0 117445510.0 749066.0 0.0 60220000.0 83.0 2.0 1000.0 2245424.0
12300.0 0.0 1.0 9.0 117152008.0 799661.0 0.0 60220000.0 82.0 2.0 1000.0 2488331.0
12400.0 0.0 1.0 9.0 116865976.0 840880.0 0.0 60220000.0 80.0 2.0 1000.0 2733144.0
12500.0 0.0 1.0 9.0 116588086.0 874049.0 0.0 60220000.0 77.0 2.0 1000.0 2977865.0
12600.0 0.0 1.0 9.0 116312874.0 902840.0 0.0 60220000.0 77.0 2.0 1000.0 3224286.0
12700.0 0.0 1.0 9.0 116040953.0 927701.0 0.0 60220000.0 75.0 2.0 1000.0 3471346.0
12800.0 0.0 1.0 9.0 115773253.0 948086.0 0.0 60220000.0 75.0 2.0 1000.0 3718661.0
12900.0 0.0 1.0 9.0 115505773.0 967169.0 0.0 60220000.0 74.0 2.0 1000.0 3967058.0
13000.0 1.0 2.0 10.0 115240793.0 981146.0 0.0 60220000.0 79.0 2.0 1000.0 4218061.0
13100.0 1.0 0.0 14.0 114900546.0 991109.0 0.0 60220000.0 109.0 2.0 1000.0 4548345.0
13200.0 1.0 0.0 18.0 114449294.0 1020556.0 0.0 60220000.0 142.0 2.0 1000.0 4970150.0
13300.0 1.0 0.0 22.0 113885587.0 1024510.0 0.0 60220000.0 177.0 2.0 1000.0 5529903.0
13400.0 0.0 2.0 22.0 113248059.0 1051304.0 0.0 60220000.0 174.0 2.0 1000.0 6140637.0
13500.0 0.0 2.0 22.0 112630321.0 1057015.0 0.0 60220000.0 172.0 2.0 1000.0 6752664.0
13600.0 0.0 2.0 22.0 112027617.0 1049627.0 0.0 60220000.0 167.0 2.0 1000.0 7362756.0
13700.0 0.0 2.0 21.0 111435963.0 1046310.0 0.0 60220000.0 164.0 2.0 1000.0 7957727.0
13800.0 0.0 2.0 20.0 110859033.0 1045138.0 0.0 60220000.0 161.0 2.0 1000.0 8535829.0
13900.0 0.0 2.0 20.0 110297147.0 1052691.0 0.0 60220000.0 157.0 2.0 1000.0 9090162.0
14000.0 0.0 2.0 20.0 109743897.0 1050821.0 0.0 60220000.0 153.0 2.0 1000.0 9645282.0
14100.0 0.0 2.0 20.0 109204149.0 1035561.0 0.0 60220000.0 150.0 2.0 1000.0 10200290.0
14200.0 0.0 2.0 20.0 108678764.0 1007094.0 0.0 60220000.0 146.0 2.0 1000.0 10754142.0
14300.0 0.0 2.0 20.0 108159252.0 974154.0 0.0 60220000.0 145.0 2.0 1000.0 11306594.0
14400.0 0.0 2.0 19.0 107647421.0 962664.0 0.0 60220000.0 142.0 2.0 1000.0 11829915.0
14500.0 0.0 2.0 19.0 107144515.0 940986.0 0.0 60220000.0 141.0 2.0 1000.0 12354499.0
14600.0 0.0 2.0 18.0 106641417.0 941196.0 0.0 60220000.0 141.0 2.0 1000.0 12857387.0
14700.0 0.0 2.0 18.0 106139994.0 946017.0 0.0 60220000.0 139.0 2.0 1000.0 13353989.0
14800.0 0.0 2.0 18.0 105646538.0 944235.0 0.0 60220000.0 136.0 2.0 1000.0 13849227.0
14900.0 0.0 2.0 17.0 105164625.0 942047.0 0.0 60220000.0 134.0 2.0 1000.0 14333328.0
15000.0 0.0 2.0 17.0 104690125.0 948299.0 0.0 60220000.0 132.0 2.0 1000.0 14801576.0
15100.0 0.0 2.0 17.0 104223536.0 945787.0 0.0 60220000.0 130.0 2.0 1000.0 15270677.0
15200.0 0.0 2.0 17.0 103766722.0 935856.0 0.0 60220000.0 126.0 2.0 1000.0 15737422.0
15300.0 0.0 2.0 16.0 103323247.0 911860.0 0.0 60220000.0 124.0 2.0 1000.0 16204893.0
15400.0 0.0 2.0 16.0 102886168.0 910096.0 0.0 60220000.0 122.0 2.0 1000.0 16643736.0
15500.0 0.0 3.0 16.0 102434285.0 921570.0 0.0 60220000.0 128.0 2.0 1000.0 17084145.0
15600.0 0.0 3.0 16.0 101981398.0 935209.0 0.0 60220000.0 126.0 2.0 1000.0 17523393.0
15700.0 0.0 3.0 16.0 101534365.0 941508.0 0.0 60220000.0 124.0 2.0 1000.0 17964127.0
15800.0 0.0 3.0 16.0 101094040.0 941937.0 0.0 60220000.0 122.0 2.0 1000.0 18404023.0
15900.0 0.0 3.0 16.0 100666842.0 929554.0 0.0 60220000.0 119.0 2.0 1000.0 18843604.0
16000.0 0.0 3.0 16.0 100246432.0 910785.0 0.0 60220000.0 115.0 2.0 1000.0 19282783.0
16100.0 0.0 3.0 16.0 99838940.0 878444.0 0.0 60220000.0 114.0 2.0 1000.0 19722616.0
16200.0 0.0 3.0 16.0 99434297.0 845358.0 0.0 60220000.0 113.0 2.0 1000.0 20160345.0
16300.0 0.0 3.0 15.0 99032158.0 825992.0 0.0 60220000.0 112.0 2.0 1000.0 20581850.0
16400.0 0.0 3.0 15.0 98639233.0 812423.0 0.0 60220000.0 108.0 2.0 1000.0 20988344.0
16500.0 0.0 3.0 15.0 98255423.0 788647.0 0.0 60220000.0 107.0 2.0 1000.0 21395930.0
16600.0 0.0 3.0 14.0 97876920.0 774675.0 0.0 60220000.0 106.0 2.0 1000.0 21788405.0
16700.0 0.0 3.0 14.0 97499048.0 773344.0 0.0 60220000.0 106.0 2.0 1000.0 22167608.0
16800.0 0.0 3.0 14.0 97123515.0 771368.0 0.0 60220000.0 104.0 2.0 1000.0 22545117.0
16900.0 0.0 3.0 13.0 96755681.0 767209.0 0.0 60220000.0 103.0 2.0 1000.0 22917110.0
17000.0 0.0 3.0 12.0 96388647.0 786142.0 0.0 60220000.0 103.0 2.0 1000.0 23265211.0
17100.0 0.0 3.0 12.0 96027307.0 821449.0 0.0 60220000.0 100.0 2.0 1000.0 23591244.0
17200.0 0.0 3.0 11.0 95671213.0 858700.0 0.0 60220000.0 100.0 2.0 1000.0 23910087.0
17300.0 0.0 3.0 10.0 95319295.0 918887.0 0.0 60220000.0 98.0 2.0 1000.0 24201818.0
17400.0 0.0 3.0 10.0 94972589.0 990357.0 0.0 60220000.0 97.0 2.0 1000.0 24477054.0
17500.0 0.0 3.0 10.0 94630335.0 1055407.0 0.0 60220000.0 95.0 2.0 1000.0 24754258.0
17600.0 0.0 3.0 9.0 94295490.0 1126490.0 0.0 60220000.0 94.0 2.0 1000.0 25018020.0
17700.0 0.0 3.0 9.0 93963207.0 1206905.0 0.0 60220000.0 92.0 2.0 1000.0 25269888.0
17800.0 0.0 3.0 9.0 93638593.0 1279073.0 0.0 60220000.0 91.0 2.0 1000.0 25522334.0
17900.0 1.0 1.0 13.0 93294502.0 1316937.0 0.0 60220000.0 108.0 2.0 1000.0 25828561.0
18000.0 0.0 2.0 12.0 92886555.0 1381490.0 0.0 60220000.0 113.0 2.0 1000.0 26171955.0
18100.0 0.0 2.0 12.0 92488016.0 1439295.0 0.0 60220000.0 110.0 2.0 1000.0 26512689.0
18200.0 0.0 2.0 12.0 92100916.0 1485903.0 0.0 60220000.0 108.0 2.0 1000.0 26853181.0
18300.0 0.0 2.0 12.0 91722630.0 1523083.0 0.0 60220000.0 104.0 2.0 1000.0 27194287.0
18400.0 0.0 2.0 12.0 91354626.0 1548861.0 0.0 60220000.0 102.0 2.0 1000.0 27536513.0
18500.0 1.0 2.0 11.0 90992808.0 1580348.0 0.0 60220000.0 104.0 2.0 1000.0 27866844.0
18600.0 0.0 3.0 14.0 90561350.0 1643358.0 0.0 60220000.0 132.0 2.0 1000.0 28235292.0
18700.0 0.0 3.0 14.0 90093343.0 1711622.0 0.0 60220000.0 130.0 2.0 1000.0 28635035.0
18800.0 0.0 3.0 14.0 89634460.0 1770067.0 0.0 60220000.0 127.0 2.0 1000.0 29035473.0
18900.0 0.0 3.0 13.0 89190006.0 1814704.0 0.0 60220000.0 123.0 2.0 1000.0 29435290.0
19000.0 0.0 3.0 13.0 88753569.0 1878685.0 0.0 60220000.0 121.0 2.0 1000.0 29807746.0
19100.0 0.0 3.0 13.0 88324920.0 1934116.0 0.0 60220000.0 121.0 2.0 1000.0 30180964.0
19200.0 0.0 3.0 13.0 87899571.0 1985856.0 0.0 60220000.0 118.0 2.0 1000.0 30554573.0
19300.0 0.0 3.0 13.0 87489687.0 2021196.0 0.0 60220000.0 114.0 2.0 1000.0 30929117.0
19400.0 0.0 3.0 13.0 87085511.0 2050349.0 0.0 60220000.0 112.0 2.0 1000.0 31304140.0
19500.0 0.0 3.0 13.0 86689539.0 2072247.0 0.0 60220000.0 111.0 2.0 1000.0 31678214.0
19600.0 0.0 3.0 13.0 86301410.0 2086180.0 0.0 60220000.0 107.0 2.0 1000.0 32052410.0
19700.0 1.0 1.0 13.0 85920563.0 2094580.0 0.0 60220000.0 109.0 2.0 1000.0 32424857.0
19800.0 0.0 1.0 13.0 85525764.0 2113927.0 0.0 60220000.0 111.0 2.0 1000.0 32800309.0
19900.0 0.0 1.0 12.0 85130780.0 2146062.0 0.0 60220000.0 111.0 2.0 1000.0 33163158.0
