time rna_M monomer_betaGal protein_betaGal Lactose_external Lactose_internal Glucose_external Glucose_internal protein_Lactose_Permease dna_Lac_Operon Biomass Lactose_consumed
0.0 0.0 0.0 0.0 120440000.0 0.0 60220000.0 0.0 0.0 2.0 1000.0 0.0
100.0 0.0 0.0 0.0 120440000.0 0.0 30119735.0 30100265.0 0.0 2.0 1000.0 0.0
200.0 0.0 0.0 0.0 120440000.0 0.0 80948.0 60139052.0 0.0 2.0 1000.0 0.0
300.0 0.0 0.0 0.0 120440000.0 0.0 0.0 60220000.0 0.0 2.0 1000.0 0.0
400.0 0.0 0.0 0.0 120440000.0 0.0 0.0 60220000.0 0.0 2.0 1000.0 0.0
500.0 0.0 0.0 0.0 120440000.0 0.0 0.0 60220000.0 0.0 2.0 1000.0 0.0
600.0 0.0 0.0 0.0 120440000.0 0.0 0.0 60220000.0 0.0 2.0 1000.0 0.0
700.0 0.0 0.0 0.0 120440000.0 0.0 0.0 60220000.0 0.0 2.0 1000.0 0.0
800.0 0.0 0.0 0.0 120440000.0 0.0 0.0 60220000.0 0.0 2.0 1000.0 0.0
900.0 0.0 0.0 0.0 120440000.0 0.0 0.0 60220000.0 0.0 2.0 1000.0 0.0
1000.0 0.0 0.0 0.0 120440000.0 0.0 0.0 60220000.0 0.0 2.0 1000.0 0.0
1100.0 0.0 0.0 0.0 120440000.0 0.0 0.0 60220000.0 0.0 2.0 1000.0 0.0
1200.0 0.0 0.0 0.0 120440000.0 0.0 0.0 60220000.0 0.0 2.0 1000.0 0.0
1300.0 0.0 0.0 0.0 120440000.0 0.0 0.0 60220000.0 0.0 2.0 1000.0 0.0
1400.0 0.0 0.0 0.0 120440000.0 0.0 0.0 60220000.0 0.0 2.0 1000.0 0.0
1500.0 0.0 0.0 0.0 120440000.0 0.0 0.0 60220000.0 0.0 2.0 1000.0 0.0
1600.0 0.0 0.0 0.0 120440000.0 0.0 0.0 60220000.0 0.0 2.0 1000.0 0.0
1700.0 0.0 0.0 0.0 120440000.0 0.0 0.0 60220000.0 0.0 2.0 1000.0 0.0
1800.0 0.0 0.0 0.0 120440000.0 0.0 0.0 60220000.0 0.0 2.0 1000.0 0.0
1900.0 0.0 0.0 0.0 120440000.0 0.0 0.0 60220000.0 0.0 2.0 1000.0 0.0
2000.0 0.0 0.0 0.0 120440000.0 0.0 0.0 60220000.0 0.0 2.0 1000.0 0.0
2100.0 0.0 0.0 0.0 120440000.0 0.0 0.0 60220000.0 0.0 2.0 1000.0 0.0
2200.0 0.0 0.0 0.0 120440000.0 0.0 0.0 60220000.0 0.0 2.0 1000.0 0.0
2300.0 0.0 0.0 0.0 120440000.0 0.0 0.0 60220000.0 0.0 2.0 1000.0 0.0
2400.0 0.0 0.0 0.0 120440000.0 0.0 0.0 60220000.0 0.0 2.0 1000.0 0.0
2500.0 0.0 0.0 0.0 120440000.0 0.0 0.0 60220000.0 0.0 2.0 1000.0 0.0
2600.0 0.0 0.0 0.0 120440000.0 0.0 0.0 60220000.0 0.0 2.0 1000.0 0.0
2700.0 0.0 0.0 0.0 120440000.0 0.0 0.0 60220000.0 0.0 2.0 1000.0 0.0
2800.0 0.0 0.0 0.0 120440000.0 0.0 0.0 60220000.0 0.0 2.0 1000.0 0.0
2900.0 0.0 0.0 0.0 120440000.0 0.0 0.0 60220000.0 0.0 2.0 1000.0 0.0
3000.0 0.0 0.0 0.0 120440000.0 0.0 0.0 60220000.0 0.0 2.0 1000.0 0.0
3100.0 0.0 0.0 0.0 120440000.0 0.0 0.0 60220000.0 0.0 2.0 1000.0 0.0
3200.0 0.0 0.0 0.0 120440000.0 0.0 0.0 60220000.0 0.0 2.0 1000.0 0.0
3300.0 0.0 0.0 0.0 120440000.0 0.0 0.0 60220000.0 0.0 2.0 1000.0 0.0
3400.0 0.0 0.0 0.0 120440000.0 0.0 0.0 60220000.0 0.0 2.0 1000.0 0.0
3500.0 0.0 0.0 0.0 120440000.0 0.0 0.0 60220000.0 0.0 2.0 1000.0 0.0
3600.0 0.0 0.0 0.0 120440000.0 0.0 0.0 60220000.0 0.0 2.0 1000.0 0.0
3700.0 0.0 0.0 0.0 120440000.0 0.0 0.0 60220000.0 0.0 2.0 1000.0 0.0
3800.0 0.0 0.0 0.0 120440000.0 0.0 0.0 60220000.0 0.0 2.0 1000.0 0.0
3900.0 0.0 0.0 0.0 120440000.0 0.0 0.0 60220000.0 0.0 2.0 1000.0 0.0
4000.0 0.0 0.0 0.0 120440000.0 0.0 0.0 60220000.0 0.0 2.0 1000.0 0.0
4100.0 0.0 0.0 0.0 120440000.0 0.0 0.0 60220000.0 0.0 2.0 1000.0 0.0
4200.0 0.0 0.0 0.0 120440000.0 0.0 0.0 60220000.0 0.0 2.0 1000.0 0.0
4300.0 0.0 0.0 0.0 120440000.0 0.0 0.0 60220000.0 0.0 2.0 1000.0 0.0
4400.0 0.0 0.0 0.0 120440000.0 0.0 0.0 60220000.0 0.0 2.0 1000.0 0.0
4500.0 0.0 0.0 0.0 120440000.0 0.0 0.0 60220000.0 0.0 2.0 1000.0 0.0
4600.0 0.0 0.0 0.0 120440000.0 0.0 0.0 60220000.0 0.0 2.0 1000.0 0.0
4700.0 0.0 0.0 0.0 120440000.0 0.0 0.0 60220000.0 0.0 2.0 1000.0 0.0
4800.0 0.0 0.0 0.0 120440000.0 0.0 0.0 60220000.0 0.0 2.0 1000.0 0.0
4900.0 0.0 0.0 0.0 120440000.0 0.0 0.0 60220000.0 0.0 2.0 1000.0 0.0
5000.0 0.0 0.0 0.0 120440000.0 0.0 0.0 60220000.0 0.0 2.0 1000.0 0.0
5100.0 0.0 0.0 0.0 120440000.0 0.0 0.0 60220000.0 0.0 2.0 1000.0 0.0
5200.0 0.0 0.0 0.0 120440000.0 0.0 0.0 60220000.0 0.0 2.0 1000.0 0.0
5300.0 0.0 0.0 0.0 120440000.0 0.0 0.0 60220000.0 0.0 2.0 1000.0 0.0
5400.0 0.0 0.0 0.0 120440000.0 0.0 0.0 60220000.0 0.0 2.0 1000.0 0.0
5500.0 0.0 0.0 0.0 120440000.0 0.0 0.0 60220000.0 0.0 2.0 1000.0 0.0
5600.0 0.0 0.0 0.0 120440000.0 0.0 0.0 60220000.0 0.0 2.0 1000.0 0.0
5700.0 0.0 0.0 0.0 120440000.0 0.0 0.0 60220000.0 0.0 2.0 1000.0 0.0
5800.0 0.0 0.0 0.0 120440000.0 0.0 0.0 60220000.0 0.0 2.0 1000.0 0.0
5900.0 0.0 0.0 0.0 120440000.0 0.0 0.0 60220000.0 0.0 2.0 1000.0 0.0
6000.0 0.0 0.0 0.0 120440000.0 0.0 0.0 60220000.0 0.0 2.0 1000.0 0.0
6100.0 0.0 0.0 0.0 120440000.0 0.0 0.0 60220000.0 0.0 2.0 1000.0 0.0
6200.0 0.0 0.0 0.0 120440000.0 0.0 0.0 60220000.0 0.0 2.0 1000.0 0.0
6300.0 0.0 0.0 0.0 120440000.0 0.0 0.0 60220000.0 0.0 2.0 1000.0 0.0
6400.0 0.0 0.0 0.0 120440000.0 0.0 0.0 60220000.0 0.0 2.0 1000.0 0.0
6500.0 0.0 0.0 0.0 120440000.0 0.0 0.0 60220000.0 0.0 2.0 1000.0 0.0
6600.0 0.0 0.0 0.0 120440000.0 0.0 0.0 60220000.0 0.0 2.0 1000.0 0.0
6700.0 0.0 0.0 0.0 120440000.0 0.0 0.0 60220000.0 0.0 2.0 1000.0 0.0
6800.0 0.0 0.0 0.0 120440000.0 0.0 0.0 60220000.0 0.0 2.0 1000.0 0.0
6900.0 0.0 0.0 0.0 120440000.0 0.0 0.0 60220000.0 0.0 2.0 1000.0 0.0
7000.0 0.0 0.0 0.0 120440000.0 0.0 0.0 60220000.0 0.0 2.0 1000.0 0.0
7100.0 0.0 0.0 0.0 120440000.0 0.0 0.0 60220000.0 0.0 2.0 1000.0 0.0
7200.0 0.0 0.0 0.0 120440000.0 0.0 0.0 60220000.0 0.0 2.0 1000.0 0.0
7300.0 0.0 0.0 0.0 120440000.0 0.0 0.0 60220000.0 0.0 2.0 1000.0 0.0
7400.0 0.0 0.0 0.0 120440000.0 0.0 0.0 60220000.0 0.0 2.0 1000.0 0.0
7500.0 0.0 0.0 0.0 120440000.0 0.0 0.0 60220000.0 0.0 2.0 1000.0 0.0
7600.0 0.0 0.0 0.0 120440000.0 0.0 0.0 60220000.0 0.0 2.0 1000.0 0.0
7700.0 0.0 0.0 0.0 120440000.0 0.0 0.0 60220000.0 0.0 2.0 1000.0 0.0
7800.0 0.0 0.0 0.0 120440000.0 0.0 0.0 60220000.0 0.0 2.0 1000.0 0.0
7900.0 0.0 0.0 0.0 120440000.0 0.0 0.0 60220000.0 0.0 2.0 1000.0 0.0
8000.0 0.0 0.0 0.0 120440000.0 0.0 0.0 60220000.0 0.0 2.0 1000.0 0.0
8100.0 0.0 0.0 0.0 120440000.0 0.0 0.0 60220000.0 0.0 2.0 1000.0 0.0
8200.0 0.0 0.0 0.0 120440000.0 0.0 0.0 60220000.0 0.0 2.0 1000.0 0.0
8300.0 0.0 0.0 0.0 120440000.0 0.0 0.0 60220000.0 0.0 2.0 1000.0 0.0
8400.0 0.0 0.0 0.0 120440000.0 0.0 0.0 60220000.0 0.0 2.0 1000.0 0.0
8500.0 0.0 0.0 0.0 120440000.0 0.0 0.0 60220000.0 0.0 2.0 1000.0 0.0
8600.0 0.0 0.0 0.0 120440000.0 0.0 0.0 60220000.0 0.0 2.0 1000.0 0.0
8700.0 0.0 0.0 0.0 120440000.0 0.0 0.0 60220000.0 0.0 2.0 1000.0 0.0
8800.0 0.0 0.0 0.0 120440000.0 0.0 0.0 60220000.0 0.0 2.0 1000.0 0.0
8900.0 0.0 0.0 0.0 120440000.0 0.0 0.0 60220000.0 0.0 2.0 1000.0 0.0
9000.0 0.0 0.0 0.0 120440000.0 0.0 0.0 60220000.0 0.0 2.0 1000.0 0.0
9100.0 0.0 0.0 0.0 120440000.0 0.0 0.0 60220000.0 0.0 2.0 1000.0 0.0
9200.0 0.0 0.0 0.0 120440000.0 0.0 0.0 60220000.0 0.0 2.0 1000.0 0.0
9300.0 0.0 0.0 0.0 120440000.0 0.0 0.0 60220000.0 0.0 2.0 1000.0 0.0
9400.0 0.0 0.0 0.0 120440000.0 0.0 0.0 60220000.0 0.0 2.0 1000.0 0.0
9500.0 0.0 0.0 0.0 120440000.0 0.0 0.0 60220000.0 0.0 2.0 1000.0 0.0
9600.0 1.0 1.0 2.0 120413309.0 24541.0 0.0 60220000.0 28.0 2.0 1000.0 2150.0
9700.0 0.0 2.0 3.0 120291730.0 109302.0 0.0 60220000.0 35.0 2.0 1000.0 38968.0
9800.0 0.0 2.0 3.0 120166708.0 177750.0 0.0 60220000.0 35.0 2.0 1000.0 95542.0
9900.0 0.0 2.0 3.0 120043619.0 236996.0 0.0 60220000.0 34.0 2.0 1000.0 159385.0
10000.0 0.0 2.0 3.0 119924365.0 287900.0 0.0 60220000.0 33.0 2.0 1000.0 227735.0
10100.0 0.0 2.0 3.0 119806473.0 334861.0 0.0 60220000.0 33.0 2.0 1000.0 298666.0
10200.0 0.0 2.0 3.0 119688748.0 379466.0 0.0 60220000.0 33.0 2.0 1000.0 371786.0
10300.0 0.0 2.0 3.0 119576983.0 416554.0 0.0 60220000.0 31.0 2.0 1000.0 446463.0
10400.0 0.0 2.0 3.0 119469574.0 448601.0 0.0 60220000.0 30.0 2.0 1000.0 521825.0
10500.0 0.0 2.0 3.0 119365296.0 476519.0 0.0 60220000.0 29.0 2.0 1000.0 598185.0
10600.0 0.0 2.0 3.0 119261959.0 502784.0 0.0 60220000.0 29.0 2.0 1000.0 675257.0
10700.0 0.0 2.0 3.0 119158586.0 528301.0 0.0 60220000.0 29.0 2.0 1000.0 753113.0
10800.0 0.0 2.0 3.0 119058394.0 550159.0 0.0 60220000.0 28.0 2.0 1000.0 831447.0
10900.0 0.0 2.0 3.0 118958540.0 571787.0 0.0 60220000.0 28.0 2.0 1000.0 909673.0
11000.0 0.0 2.0 3.0 118858858.0 593254.0 0.0 60220000.0 28.0 2.0 1000.0 987888.0
11100.0 0.0 2.0 3.0 118759145.0 613865.0 0.0 60220000.0 28.0 2.0 1000.0 1066990.0
11200.0 0.0 2.0 3.0 118661633.0 632266.0 0.0 60220000.0 27.0 2.0 1000.0 1146101.0
11300.0 0.0 2.0 3.0 118565217.0 649013.0 0.0 60220000.0 27.0 2.0 1000.0 1225770.0
11400.0 0.0 2.0 3.0 118468821.0 666013.0 0.0 60220000.0 27.0 2.0 1000.0 1305166.0
11500.0 0.0 2.0 3.0 118375544.0 679179.0 0.0 60220000.0 26.0 2.0 1000.0 1385277.0
11600.0 0.0 2.0 3.0 118283013.0 691661.0 0.0 60220000.0 26.0 2.0 1000.0 1465326.0
11700.0 0.0 2.0 3.0 118190811.0 703258.0 0.0 60220000.0 25.0 2.0 1000.0 1545931.0
11800.0 0.0 2.0 3.0 118102016.0 711746.0 0.0 60220000.0 25.0 2.0 1000.0 1626238.0
11900.0 0.0 2.0 3.0 118014537.0 718025.0 0.0 60220000.0 24.0 2.0 1000.0 1707438.0
12000.0 0.0 2.0 3.0 117929099.0 723215.0 0.0 60220000.0 24.0 2.0 1000.0 1787686.0
12100.0 0.0 2.0 3.0 117843292.0 728134.0 0.0 60220000.0 24.0 2.0 1000.0 1868574.0
12200.0 0.0 2.0 3.0 117757817.0 732728.0 0.0 60220000.0 24.0 2.0 1000.0 1949455.0
12300.0 0.0 2.0 3.0 117677205.0 732264.0 0.0 60220000.0 21.0 2.0 1000.0 2030531.0
12400.0 0.0 2.0 3.0 117603575.0 725243.0 0.0 60220000.0 20.0 2.0 1000.0 2111182.0
12500.0 0.0 2.0 3.0 117531874.0 716669.0 0.0 60220000.0 20.0 2.0 1000.0 2191457.0
12600.0 0.0 2.0 3.0 117460216.0 707781.0 0.0 60220000.0 20.0 2.0 1000.0 2272003.0
12700.0 0.0 2.0 3.0 117389138.0 698728.0 0.0 60220000.0 20.0 2.0 1000.0 2352134.0
12800.0 0.0 2.0 3.0 117318029.0 689389.0 0.0 60220000.0 20.0 2.0 1000.0 2432582.0
12900.0 0.0 2.0 3.0 117246437.0 680964.0 0.0 60220000.0 20.0 2.0 1000.0 2512599.0
13000.0 0.0 2.0 3.0 117175394.0 671575.0 0.0 60220000.0 20.0 2.0 1000.0 2593031.0
13100.0 0.0 2.0 3.0 117107996.0 659584.0 0.0 60220000.0 18.0 2.0 1000.0 2672420.0
13200.0 0.0 2.0 3.0 117043479.0 644393.0 0.0 60220000.0 18.0 2.0 1000.0 2752128.0
13300.0 0.0 2.0 3.0 116982237.0 626329.0 0.0 60220000.0 17.0 2.0 1000.0 2831434.0
13400.0 0.0 2.0 3.0 116921569.0 607737.0 0.0 60220000.0 17.0 2.0 1000.0 2910694.0
13500.0 0.0 2.0 3.0 116864210.0 585947.0 0.0 60220000.0 15.0 2.0 1000.0 2989843.0
13600.0 0.0 2.0 3.0 116811139.0 560044.0 0.0 60220000.0 14.0 2.0 1000.0 3068817.0
13700.0 0.0 2.0 3.0 116761304.0 532570.0 0.0 60220000.0 14.0 2.0 1000.0 3146126.0
13800.0 0.0 2.0 3.0 116711253.0 505599.0 0.0 60220000.0 14.0 2.0 1000.0 3223148.0
13900.0 0.0 2.0 3.0 116663974.0 476495.0 0.0 60220000.0 13.0 2.0 1000.0 3299531.0
14000.0 0.0 2.0 3.0 116617848.0 446080.0 0.0 60220000.0 13.0 2.0 1000.0 3376072.0
14100.0 0.0 2.0 3.0 116571212.0 417407.0 0.0 60220000.0 13.0 2.0 1000.0 3451381.0
14200.0 0.0 2.0 3.0 116524982.0 389434.0 0.0 60220000.0 13.0 2.0 1000.0 3525584.0
14300.0 0.0 2.0 3.0 116478869.0 362268.0 0.0 60220000.0 13.0 2.0 1000.0 3598863.0
14400.0 0.0 2.0 3.0 116432460.0 336271.0 0.0 60220000.0 13.0 2.0 1000.0 3671269.0
14500.0 0.0 2.0 3.0 116385948.0 311099.0 0.0 60220000.0 13.0 2.0 1000.0 3742953.0
14600.0 0.0 2.0 3.0 116339684.0 287334.0 0.0 60220000.0 13.0 2.0 1000.0 3812982.0
14700.0 0.0 2.0 3.0 116293147.0 265255.0 0.0 60220000.0 13.0 2.0 1000.0 3881598.0
14800.0 0.0 2.0 2.0 116246951.0 244146.0 0.0 60220000.0 13.0 2.0 1000.0 3948903.0
14900.0 0.0 2.0 2.0 116200082.0 246491.0 0.0 60220000.0 13.0 2.0 1000.0 3993427.0
15000.0 0.0 2.0 2.0 116153890.0 248081.0 0.0 60220000.0 13.0 2.0 1000.0 4038029.0
15100.0 0.0 2.0 2.0 116107416.0 249772.0 0.0 60220000.0 13.0 2.0 1000.0 4082812.0
15200.0 0.0 2.0 2.0 116062828.0 249359.0 0.0 60220000.0 12.0 2.0 1000.0 4127813.0
15300.0 0.0 2.0 2.0 116020186.0 247302.0 0.0 60220000.0 12.0 2.0 1000.0 4172512.0
15400.0 0.0 2.0 2.0 115977513.0 245119.0 0.0 60220000.0 12.0 2.0 1000.0 4217368.0
15500.0 0.0 2.0 2.0 115934510.0 243431.0 0.0 60220000.0 12.0 2.0 1000.0 4262059.0
15600.0 0.0 2.0 2.0 115891226.0 241865.0 0.0 60220000.0 12.0 2.0 1000.0 4306909.0
15700.0 0.0 2.0 2.0 115848339.0 240114.0 0.0 60220000.0 12.0 2.0 1000.0 4351547.0
15800.0 0.0 2.0 2.0 115805419.0 238832.0 0.0 60220000.0 12.0 2.0 1000.0 4395749.0
15900.0 0.0 2.0 2.0 115764777.0 235151.0 0.0 60220000.0 11.0 2.0 1000.0 4440072.0
16000.0 0.0 2.0 2.0 115725373.0 230216.0 0.0 60220000.0 11.0 2.0 1000.0 4484411.0
16100.0 0.0 2.0 2.0 115686196.0 225538.0 0.0 60220000.0 11.0 2.0 1000.0 4528266.0
16200.0 0.0 2.0 2.0 115646976.0 221585.0 0.0 60220000.0 11.0 2.0 1000.0 4571439.0
16300.0 0.0 2.0 2.0 115607700.0 217611.0 0.0 60220000.0 11.0 2.0 1000.0 4614689.0
16400.0 0.0 2.0 2.0 115568108.0 213721.0 0.0 60220000.0 11.0 2.0 1000.0 4658171.0
16500.0 0.0 2.0 2.0 115528564.0 210372.0 0.0 60220000.0 11.0 2.0 1000.0 4701064.0
16600.0 0.0 2.0 2.0 115489059.0 207456.0 0.0 60220000.0 11.0 2.0 1000.0 4743485.0
16700.0 0.0 2.0 2.0 115449593.0 204477.0 0.0 60220000.0 11.0 2.0 1000.0 4785930.0
16800.0 0.0 2.0 2.0 115409996.0 201307.0 0.0 60220000.0 11.0 2.0 1000.0 4828697.0
16900.0 0.0 2.0 2.0 115370545.0 198408.0 0.0 60220000.0 11.0 2.0 1000.0 4871047.0
17000.0 0.0 2.0 2.0 115331534.0 195543.0 0.0 60220000.0 11.0 2.0 1000.0 4912923.0
17100.0 0.0 2.0 2.0 115292615.0 192788.0 0.0 60220000.0 11.0 2.0 1000.0 4954597.0
17200.0 0.0 2.0 2.0 115253262.0 190331.0 0.0 60220000.0 11.0 2.0 1000.0 4996407.0
17300.0 0.0 2.0 2.0 115213812.0 188494.0 0.0 60220000.0 11.0 2.0 1000.0 5037694.0
17400.0 0.0 2.0 2.0 115174492.0 186589.0 0.0 60220000.0 11.0 2.0 1000.0 5078919.0
17500.0 0.0 2.0 2.0 115135055.0 184807.0 0.0 60220000.0 11.0 2.0 1000.0 5120138.0
17600.0 0.0 2.0 2.0 115095818.0 182632.0 0.0 60220000.0 11.0 2.0 1000.0 5161550.0
17700.0 0.0 2.0 2.0 115056728.0 180744.0 0.0 60220000.0 11.0 2.0 1000.0 5202528.0
17800.0 0.0 2.0 1.0 115017344.0 180746.0 0.0 60220000.0 11.0 2.0 1000.0 5241910.0
17900.0 0.0 2.0 1.0 114977969.0 199275.0 0.0 60220000.0 11.0 2.0 1000.0 5262756.0
18000.0 0.0 2.0 1.0 114938857.0 217254.0 0.0 60220000.0 11.0 2.0 1000.0 5283889.0
18100.0 0.0 2.0 1.0 114899645.0 234447.0 0.0 60220000.0 11.0 2.0 1000.0 5305908.0
18200.0 0.0 2.0 1.0 114860088.0 252053.0 0.0 60220000.0 11.0 2.0 1000.0 5327859.0
18300.0 1.0 1.0 2.0 114805799.0 281901.0 0.0 60220000.0 28.0 2.0 1000.0 5352300.0
18400.0 0.0 0.0 7.0 114654301.0 336759.0 0.0 60220000.0 52.0 2.0 1000.0 5448940.0
18500.0 0.0 0.0 7.0 114470922.0 351163.0 0.0 60220000.0 51.0 2.0 1000.0 5617915.0
18600.0 0.0 0.0 7.0 114290557.0 361191.0 0.0 60220000.0 50.0 2.0 1000.0 5788252.0
18700.0 0.0 0.0 7.0 114112251.0 369159.0 0.0 60220000.0 50.0 2.0 1000.0 5958590.0
18800.0 0.0 0.0 7.0 113935594.0 374850.0 0.0 60220000.0 48.0 2.0 1000.0 6129556.0
18900.0 0.0 0.0 6.0 113764342.0 377003.0 0.0 60220000.0 48.0 2.0 1000.0 6298655.0
19000.0 0.0 0.0 6.0 113594286.0 399358.0 0.0 60220000.0 47.0 2.0 1000.0 6446356.0
19100.0 0.0 0.0 6.0 113426085.0 418607.0 0.0 60220000.0 47.0 2.0 1000.0 6595308.0
19200.0 0.0 0.0 6.0 113258437.0 436025.0 0.0 60220000.0 47.0 2.0 1000.0 6745538.0
19300.0 0.0 0.0 5.0 113090645.0 468082.0 0.0 60220000.0 47.0 2.0 1000.0 6881273.0
19400.0 0.0 0.0 5.0 112927025.0 504082.0 0.0 60220000.0 45.0 2.0 1000.0 7008893.0
19500.0 0.0 0.0 8.0 112745995.0 528248.0 0.0 60220000.0 61.0 2.0 1000.0 7165757.0
19600.0 0.0 0.0 7.0 112529611.0 559959.0 0.0 60220000.0 60.0 2.0 1000.0 7350430.0
19700.0 0.0 0.0 7.0 112315604.0 590397.0 0.0 60220000.0 60.0 2.0 1000.0 7533999.0
19800.0 0.0 0.0 7.0 112103063.0 618379.0 0.0 60220000.0 59.0 2.0 1000.0 7718558.0
19900.0 0.0 0.0 7.0 111894658.0 642529.0 0.0 60220000.0 58.0 2.0 1000.0 7902813.0
