time rna_M monomer_betaGal protein_betaGal Lactose_external Lactose_internal Glucose_external Glucose_internal protein_Lactose_Permease dna_Lac_Operon Biomass Lactose_consumed
0.0 0.0 0.0 0.0 120440000.0 0.0 60220000.0 0.0 0.0 2.0 1000.0 0.0
100.0 0.0 0.0 0.0 120440000.0 0.0 30127509.0 30092491.0 0.0 2.0 1000.0 0.0
200.0 0.0 0.0 0.0 120440000.0 0.0 87936.0 60132064.0 0.0 2.0 1000.0 0.0
300.0 0.0 0.0 0.0 120440000.0 0.0 0.0 60220000.0 0.0 2.0 1000.0 0.0
400.0 0.0 0.0 0.0 120440000.0 0.0 0.0 60220000.0 0.0 2.0 1000.0 0.0
500.0 0.0 0.0 0.0 120440000.0 0.0 0.0 60220000.0 0.0 2.0 1000.0 0.0
600.0 0.0 0.0 0.0 120440000.0 0.0 0.0 60220000.0 0.0 2.0 1000.0 0.0
700.0 0.0 0.0 0.0 120440000.0 0.0 0.0 60220000.0 0.0 2.0 1000.0 0.0
800.0 0.0 0.0 0.0 120440000.0 0.0 0.0 60220000.0 0.0 2.0 1000.0 0.0
900.0 0.0 0.0 0.0 120440000.0 0.0 0.0 60220000.0 0.0 2.0 1000.0 0.0
1000.0 0.0 0.0 0.0 120440000.0 0.0 0.0 60220000.0 0.0 2.0 1000.0 0.0
1100.0 0.0 0.0 0.0 120440000.0 0.0 0.0 60220000.0 0.0 2.0 1000.0 0.0
1200.0 0.0 0.0 0.0 120440000.0 0.0 0.0 60220000.0 0.0 2.0 1000.0 0.0
1300.0 0.0 0.0 0.0 120440000.0 0.0 0.0 60220000.0 0.0 2.0 1000.0 0.0
1400.0 0.0 0.0 0.0 120440000.0 0.0 0.0 60220000.0 0.0 2.0 1000.0 0.0
1500.0 1.0 1.0 4.0 120407895.0 25626.0 0.0 60220000.0 19.0 2.0 1000.0 6479.0
1600.0 1.0 2.0 7.0 120281460.0 85084.0 0.0 60220000.0 48.0 2.0 1000.0 73456.0
1700.0 1.0 3.0 10.0 120042777.0 166549.0 0.0 60220000.0 83.0 2.0 1000.0 230674.0
1800.0 1.0 2.0 14.0 119682864.0 265962.0 0.0 60220000.0 119.0 2.0 1000.0 491174.0
1900.0 0.0 0.0 15.0 119243803.0 352884.0 0.0 60220000.0 123.0 2.0 1000.0 843313.0
2000.0 0.0 0.0 15.0 118803219.0 423710.0 0.0 60220000.0 123.0 2.0 1000.0 1213071.0
2100.0 0.0 0.0 14.0 118370034.0 499227.0 0.0 60220000.0 119.0 2.0 1000.0 1570739.0
2200.0 0.0 0.0 14.0 117947519.0 559512.0 0.0 60220000.0 118.0 2.0 1000.0 1932969.0
2300.0 0.0 0.0 14.0 117531819.0 608087.0 0.0 60220000.0 114.0 2.0 1000.0 2300094.0
2400.0 0.0 0.0 13.0 117133113.0 658210.0 0.0 60220000.0 110.0 2.0 1000.0 2648677.0
2500.0 0.0 0.0 13.0 116743703.0 700217.0 0.0 60220000.0 108.0 2.0 1000.0 2996080.0
2600.0 0.0 0.0 13.0 116359670.0 734375.0 0.0 60220000.0 107.0 2.0 1000.0 3345955.0
2700.0 0.0 0.0 13.0 115985900.0 757923.0 0.0 60220000.0 103.0 2.0 1000.0 3696177.0
2800.0 0.0 0.0 12.0 115619869.0 781835.0 0.0 60220000.0 102.0 2.0 1000.0 4038296.0
2900.0 0.0 0.0 12.0 115264374.0 811505.0 0.0 60220000.0 96.0 2.0 1000.0 4364121.0
3000.0 0.0 0.0 12.0 114926605.0 822446.0 0.0 60220000.0 94.0 2.0 1000.0 4690949.0
3100.0 0.0 0.0 12.0 114597645.0 824565.0 0.0 60220000.0 91.0 2.0 1000.0 5017790.0
3200.0 0.0 0.0 12.0 114275902.0 819527.0 0.0 60220000.0 90.0 2.0 1000.0 5344571.0
3300.0 0.0 0.0 12.0 113956808.0 812120.0 0.0 60220000.0 89.0 2.0 1000.0 5671072.0
3400.0 0.0 0.0 11.0 113640615.0 818842.0 0.0 60220000.0 88.0 2.0 1000.0 5980543.0
3500.0 0.0 0.0 10.0 113329623.0 836360.0 0.0 60220000.0 85.0 2.0 1000.0 6274017.0
3600.0 0.0 0.0 10.0 113026937.0 866219.0 0.0 60220000.0 85.0 2.0 1000.0 6546844.0
3700.0 0.0 0.0 10.0 112730391.0 890608.0 0.0 60220000.0 82.0 2.0 1000.0 6819001.0
3800.0 0.0 0.0 9.0 112437991.0 921139.0 0.0 60220000.0 81.0 2.0 1000.0 7080870.0
3900.0 0.0 0.0 9.0 112151974.0 959693.0 0.0 60220000.0 80.0 2.0 1000.0 7328333.0
4000.0 0.0 0.0 9.0 111866633.0 995665.0 0.0 60220000.0 80.0 2.0 1000.0 7577702.0
4100.0 0.0 0.0 9.0 111583602.0 1029699.0 0.0 60220000.0 79.0 2.0 1000.0 7826699.0
4200.0 0.0 0.0 9.0 111303879.0 1059504.0 0.0 60220000.0 78.0 2.0 1000.0 8076617.0
4300.0 1.0 1.0 10.0 111023290.0 1085927.0 0.0 60220000.0 84.0 2.0 1000.0 8330783.0
4400.0 0.0 3.0 13.0 110700139.0 1068990.0 0.0 60220000.0 94.0 2.0 1000.0 8670871.0
4500.0 0.0 3.0 13.0 110364090.0 1044144.0 0.0 60220000.0 94.0 2.0 1000.0 9031766.0
4600.0 0.0 3.0 13.0 110031693.0 1015409.0 0.0 60220000.0 93.0 2.0 1000.0 9392898.0
4700.0 0.0 3.0 13.0 109703408.0 984159.0 0.0 60220000.0 92.0 2.0 1000.0 9752433.0
4800.0 1.0 2.0 17.0 109332662.0 949718.0 0.0 60220000.0 123.0 2.0 1000.0 10157620.0
4900.0 0.0 2.0 20.0 108865437.0 893621.0 0.0 60220000.0 135.0 2.0 1000.0 10680942.0
5000.0 0.0 2.0 20.0 108386549.0 824916.0 0.0 60220000.0 133.0 2.0 1000.0 11228535.0
5100.0 0.0 2.0 20.0 107912283.0 757238.0 0.0 60220000.0 133.0 2.0 1000.0 11770479.0
5200.0 0.0 2.0 20.0 107450273.0 682188.0 0.0 60220000.0 127.0 2.0 1000.0 12307539.0
5300.0 0.0 2.0 20.0 106997959.0 604179.0 0.0 60220000.0 126.0 2.0 1000.0 12837862.0
5400.0 0.0 2.0 20.0 106548112.0 531283.0 0.0 60220000.0 126.0 2.0 1000.0 13360605.0
5500.0 0.0 2.0 20.0 106099131.0 466459.0 0.0 60220000.0 125.0 2.0 1000.0 13874410.0
5600.0 0.0 2.0 20.0 105660833.0 401731.0 0.0 60220000.0 120.0 2.0 1000.0 14377436.0
5700.0 0.0 2.0 19.0 105234351.0 352186.0 0.0 60220000.0 118.0 2.0 1000.0 14853463.0
5800.0 0.0 2.0 19.0 104815457.0 315521.0 0.0 60220000.0 117.0 2.0 1000.0 15309022.0
5900.0 0.0 2.0 18.0 104400272.0 301430.0 0.0 60220000.0 116.0 2.0 1000.0 15738298.0
6000.0 0.0 2.0 18.0 103990696.0 289573.0 0.0 60220000.0 114.0 2.0 1000.0 16159731.0
6100.0 0.0 2.0 18.0 103588823.0 275027.0 0.0 60220000.0 112.0 2.0 1000.0 16576150.0
6200.0 0.0 2.0 17.0 103199134.0 273806.0 0.0 60220000.0 107.0 2.0 1000.0 16967060.0
6300.0 0.0 2.0 17.0 102818338.0 266005.0 0.0 60220000.0 106.0 2.0 1000.0 17355657.0
6400.0 0.0 2.0 17.0 102443411.0 255578.0 0.0 60220000.0 104.0 2.0 1000.0 17741011.0
6500.0 0.0 2.0 16.0 102072840.0 247375.0 0.0 60220000.0 104.0 2.0 1000.0 18119785.0
6600.0 0.0 2.0 16.0 101701564.0 258529.0 0.0 60220000.0 104.0 2.0 1000.0 18479907.0
6700.0 0.0 2.0 16.0 101331084.0 265541.0 0.0 60220000.0 104.0 2.0 1000.0 18843375.0
6800.0 0.0 2.0 16.0 100965384.0 265549.0 0.0 60220000.0 102.0 2.0 1000.0 19209067.0
6900.0 0.0 2.0 15.0 100603326.0 271206.0 0.0 60220000.0 101.0 2.0 1000.0 19565468.0
7000.0 0.0 2.0 14.0 100245640.0 296250.0 0.0 60220000.0 98.0 2.0 1000.0 19898110.0
7100.0 0.0 2.0 14.0 99897793.0 314890.0 0.0 60220000.0 97.0 2.0 1000.0 20227317.0
7200.0 0.0 2.0 14.0 99554276.0 325931.0 0.0 60220000.0 95.0 2.0 1000.0 20559793.0
7300.0 0.0 2.0 14.0 99215562.0 330660.0 0.0 60220000.0 95.0 2.0 1000.0 20893778.0
7400.0 0.0 2.0 14.0 98878491.0 332086.0 0.0 60220000.0 94.0 2.0 1000.0 21229423.0
7500.0 0.0 2.0 14.0 98546997.0 328219.0 0.0 60220000.0 92.0 2.0 1000.0 21564784.0
7600.0 0.0 2.0 14.0 98222378.0 319157.0 0.0 60220000.0 90.0 2.0 1000.0 21898465.0
7700.0 0.0 2.0 14.0 97901946.0 307885.0 0.0 60220000.0 89.0 2.0 1000.0 22230169.0
7800.0 0.0 2.0 14.0 97587626.0 293660.0 0.0 60220000.0 86.0 2.0 1000.0 22558714.0
7900.0 0.0 2.0 13.0 97289550.0 274684.0 0.0 60220000.0 81.0 2.0 1000.0 22875766.0
8000.0 0.0 2.0 13.0 97001103.0 266423.0 0.0 60220000.0 81.0 2.0 1000.0 23172474.0
8100.0 0.0 2.0 13.0 96714374.0 257130.0 0.0 60220000.0 80.0 2.0 1000.0 23468496.0
8200.0 0.0 2.0 13.0 96431325.0 247148.0 0.0 60220000.0 79.0 2.0 1000.0 23761527.0
8300.0 0.0 2.0 12.0 96151669.0 251879.0 0.0 60220000.0 78.0 2.0 1000.0 24036452.0
8400.0 0.0 2.0 12.0 95873602.0 259153.0 0.0 60220000.0 78.0 2.0 1000.0 24307245.0
8500.0 0.0 2.0 10.0 95595253.0 299515.0 0.0 60220000.0 78.0 2.0 1000.0 24545232.0
8600.0 0.0 2.0 10.0 95319353.0 337928.0 0.0 60220000.0 76.0 2.0 1000.0 24782719.0
8700.0 0.0 2.0 10.0 95047365.0 367562.0 0.0 60220000.0 76.0 2.0 1000.0 25025073.0
8800.0 0.0 2.0 10.0 94776691.0 393814.0 0.0 60220000.0 76.0 2.0 1000.0 25269495.0
8900.0 0.0 2.0 10.0 94506470.0 415276.0 0.0 60220000.0 75.0 2.0 1000.0 25518254.0
9000.0 0.0 2.0 10.0 94241315.0 430798.0 0.0 60220000.0 73.0 2.0 1000.0 25767887.0
9100.0 0.0 2.0 10.0 93983208.0 437370.0 0.0 60220000.0 71.0 2.0 1000.0 26019422.0
9200.0 0.0 2.0 9.0 93730060.0 439759.0 0.0 60220000.0 71.0 2.0 1000.0 26270181.0
9300.0 0.0 2.0 9.0 93476449.0 465768.0 0.0 60220000.0 71.0 2.0 1000.0 26497783.0
9400.0 0.0 1.0 10.0 93209529.0 482579.0 0.0 60220000.0 77.0 2.0 1000.0 26747892.0
9500.0 0.0 1.0 9.0 92935812.0 506290.0 0.0 60220000.0 77.0 2.0 1000.0 26997898.0
9600.0 0.0 1.0 9.0 92666233.0 543200.0 0.0 60220000.0 75.0 2.0 1000.0 27230567.0
9700.0 0.0 1.0 9.0 92398623.0 576331.0 0.0 60220000.0 75.0 2.0 1000.0 27465046.0
9800.0 0.0 1.0 9.0 92136045.0 602642.0 0.0 60220000.0 73.0 2.0 1000.0 27701313.0
9900.0 0.0 1.0 9.0 91878374.0 623494.0 0.0 60220000.0 72.0 2.0 1000.0 27938132.0
10000.0 0.0 1.0 9.0 91622211.0 641056.0 0.0 60220000.0 72.0 2.0 1000.0 28176733.0
10100.0 0.0 1.0 9.0 91365989.0 658098.0 0.0 60220000.0 72.0 2.0 1000.0 28415913.0
10200.0 0.0 1.0 9.0 91113169.0 671065.0 0.0 60220000.0 71.0 2.0 1000.0 28655766.0
10300.0 0.0 1.0 9.0 90862440.0 680960.0 0.0 60220000.0 70.0 2.0 1000.0 28896600.0
10400.0 0.0 1.0 9.0 90615390.0 687121.0 0.0 60220000.0 69.0 2.0 1000.0 29137489.0
10500.0 0.0 1.0 9.0 90368996.0 692645.0 0.0 60220000.0 69.0 2.0 1000.0 29378359.0
10600.0 0.0 1.0 9.0 90126110.0 694738.0 0.0 60220000.0 67.0 2.0 1000.0 29619152.0
10700.0 1.0 2.0 11.0 89872860.0 694533.0 0.0 60220000.0 81.0 2.0 1000.0 29872607.0
10800.0 0.0 3.0 9.0 89574882.0 739810.0 0.0 60220000.0 84.0 2.0 1000.0 30125308.0
10900.0 0.0 3.0 9.0 89279529.0 790928.0 0.0 60220000.0 81.0 2.0 1000.0 30369543.0
11000.0 0.0 3.0 9.0 88990203.0 835273.0 0.0 60220000.0 81.0 2.0 1000.0 30614524.0
11100.0 0.0 3.0 9.0 88712251.0 868700.0 0.0 60220000.0 78.0 2.0 1000.0 30859049.0
11200.0 0.0 3.0 9.0 88442173.0 892292.0 0.0 60220000.0 75.0 2.0 1000.0 31105535.0
11300.0 0.0 3.0 9.0 88176452.0 911403.0 0.0 60220000.0 74.0 2.0 1000.0 31352145.0
11400.0 0.0 3.0 9.0 87912160.0 928403.0 0.0 60220000.0 74.0 2.0 1000.0 31599437.0
11500.0 0.0 3.0 9.0 87649151.0 944736.0 0.0 60220000.0 74.0 2.0 1000.0 31846113.0
11600.0 0.0 3.0 9.0 87387282.0 958728.0 0.0 60220000.0 71.0 2.0 1000.0 32093990.0
11700.0 0.0 3.0 8.0 87134429.0 980427.0 0.0 60220000.0 71.0 2.0 1000.0 32325144.0
11800.0 0.0 3.0 8.0 86887203.0 1006519.0 0.0 60220000.0 69.0 2.0 1000.0 32546278.0
11900.0 0.0 3.0 8.0 86643554.0 1028228.0 0.0 60220000.0 66.0 2.0 1000.0 32768218.0
12000.0 0.0 3.0 8.0 86408421.0 1042816.0 0.0 60220000.0 66.0 2.0 1000.0 32988763.0
12100.0 0.0 3.0 8.0 86173246.0 1055699.0 0.0 60220000.0 65.0 2.0 1000.0 33211055.0
12200.0 0.0 3.0 8.0 85942429.0 1063792.0 0.0 60220000.0 63.0 2.0 1000.0 33433779.0
12300.0 0.0 3.0 8.0 85717340.0 1065899.0 0.0 60220000.0 63.0 2.0 1000.0 33656761.0
12400.0 0.0 3.0 7.0 85492929.0 1084902.0 0.0 60220000.0 63.0 2.0 1000.0 33862169.0
12500.0 0.0 3.0 7.0 85270538.0 1112674.0 0.0 60220000.0 62.0 2.0 1000.0 34056788.0
12600.0 0.0 3.0 7.0 85056330.0 1132005.0 0.0 60220000.0 60.0 2.0 1000.0 34251665.0
12700.0 0.0 3.0 7.0 84844241.0 1148203.0 0.0 60220000.0 58.0 2.0 1000.0 34447556.0
12800.0 0.0 3.0 7.0 84637569.0 1159254.0 0.0 60220000.0 58.0 2.0 1000.0 34643177.0
12900.0 0.0 3.0 6.0 84440998.0 1184418.0 0.0 60220000.0 55.0 2.0 1000.0 34814584.0
13000.0 0.0 3.0 6.0 84244798.0 1211243.0 0.0 60220000.0 55.0 2.0 1000.0 34983959.0
13100.0 0.0 3.0 6.0 84048835.0 1238764.0 0.0 60220000.0 55.0 2.0 1000.0 35152401.0
13200.0 0.0 3.0 6.0 83853127.0 1265939.0 0.0 60220000.0 55.0 2.0 1000.0 35320934.0
13300.0 0.0 3.0 5.0 83657430.0 1297746.0 0.0 60220000.0 55.0 2.0 1000.0 35484824.0
13400.0 0.0 3.0 5.0 83461881.0 1352582.0 0.0 60220000.0 55.0 2.0 1000.0 35625537.0
13500.0 0.0 3.0 5.0 83266668.0 1406839.0 0.0 60220000.0 55.0 2.0 1000.0 35766493.0
13600.0 0.0 3.0 5.0 83070220.0 1461006.0 0.0 60220000.0 55.0 2.0 1000.0 35908774.0
13700.0 0.0 3.0 5.0 82877812.0 1511695.0 0.0 60220000.0 54.0 2.0 1000.0 36050493.0
13800.0 0.0 3.0 4.0 82685749.0 1587082.0 0.0 60220000.0 54.0 2.0 1000.0 36167169.0
13900.0 0.0 3.0 4.0 82501777.0 1656557.0 0.0 60220000.0 50.0 2.0 1000.0 36281666.0
14000.0 0.0 3.0 4.0 82324146.0 1719832.0 0.0 60220000.0 50.0 2.0 1000.0 36396022.0
14100.0 0.0 3.0 4.0 82150128.0 1778954.0 0.0 60220000.0 49.0 2.0 1000.0 36510918.0
14200.0 0.0 3.0 4.0 81975718.0 1838494.0 0.0 60220000.0 49.0 2.0 1000.0 36625788.0
14300.0 0.0 3.0 4.0 81806286.0 1893037.0 0.0 60220000.0 47.0 2.0 1000.0 36740677.0
14400.0 0.0 3.0 4.0 81639516.0 1945668.0 0.0 60220000.0 47.0 2.0 1000.0 36854816.0
14500.0 0.0 3.0 4.0 81473923.0 1996757.0 0.0 60220000.0 45.0 2.0 1000.0 36969320.0
14600.0 0.0 3.0 4.0 81314531.0 2040979.0 0.0 60220000.0 45.0 2.0 1000.0 37084490.0
14700.0 0.0 3.0 4.0 81154682.0 2085735.0 0.0 60220000.0 45.0 2.0 1000.0 37199583.0
14800.0 0.0 3.0 4.0 80996189.0 2128153.0 0.0 60220000.0 44.0 2.0 1000.0 37315658.0
14900.0 0.0 3.0 4.0 80840032.0 2168736.0 0.0 60220000.0 44.0 2.0 1000.0 37431232.0
15000.0 0.0 3.0 3.0 80686297.0 2235607.0 0.0 60220000.0 43.0 2.0 1000.0 37518096.0
15100.0 0.0 1.0 6.0 80513832.0 2286126.0 0.0 60220000.0 59.0 2.0 1000.0 37640042.0
15200.0 0.0 2.0 6.0 80295095.0 2331505.0 0.0 60220000.0 62.0 2.0 1000.0 37813400.0
15300.0 0.0 3.0 9.0 80038044.0 2371784.0 0.0 60220000.0 93.0 2.0 1000.0 38030172.0
15400.0 0.0 3.0 9.0 79707294.0 2441272.0 0.0 60220000.0 93.0 2.0 1000.0 38291434.0
15500.0 0.0 3.0 9.0 79380052.0 2507563.0 0.0 60220000.0 90.0 2.0 1000.0 38552385.0
15600.0 0.0 3.0 9.0 79063872.0 2562747.0 0.0 60220000.0 89.0 2.0 1000.0 38813381.0
15700.0 2.0 3.0 10.0 78744813.0 2618252.0 0.0 60220000.0 102.0 2.0 1000.0 39076935.0
15800.0 0.0 0.0 12.0 78360428.0 2661477.0 0.0 60220000.0 109.0 2.0 1000.0 39418095.0
15900.0 0.0 0.0 12.0 77978691.0 2694852.0 0.0 60220000.0 106.0 2.0 1000.0 39766457.0
16000.0 0.0 0.0 12.0 77604709.0 2719353.0 0.0 60220000.0 105.0 2.0 1000.0 40115938.0
16100.0 0.0 0.0 12.0 77235203.0 2738646.0 0.0 60220000.0 104.0 2.0 1000.0 40466151.0
16200.0 0.0 0.0 12.0 76870077.0 2754481.0 0.0 60220000.0 103.0 2.0 1000.0 40815442.0
16300.0 0.0 0.0 11.0 76505724.0 2786299.0 0.0 60220000.0 102.0 2.0 1000.0 41147977.0
16400.0 1.0 1.0 10.0 76149319.0 2836954.0 0.0 60220000.0 102.0 2.0 1000.0 41453727.0
16500.0 1.0 1.0 13.0 75732465.0 2924601.0 0.0 60220000.0 130.0 2.0 1000.0 41782934.0
16600.0 1.0 1.0 13.0 75235821.0 3033957.0 0.0 60220000.0 142.0 2.0 1000.0 42170222.0
16700.0 2.0 1.0 22.0 74670740.0 3118335.0 0.0 60220000.0 179.0 2.0 1000.0 42650925.0
16800.0 1.0 0.0 29.0 73978952.0 3083462.0 0.0 60220000.0 209.0 2.0 1000.0 43377586.0
16900.0 0.0 1.0 28.0 73216174.0 3023355.0 0.0 60220000.0 215.0 2.0 1000.0 44200471.0
17000.0 1.0 1.0 28.0 72461895.0 2960887.0 0.0 60220000.0 212.0 2.0 1000.0 45017218.0
17100.0 1.0 0.0 31.0 71679179.0 2882243.0 0.0 60220000.0 235.0 2.0 1000.0 45878578.0
17200.0 2.0 1.0 35.0 70789301.0 2842550.0 0.0 60220000.0 268.0 2.0 1000.0 46808149.0
17300.0 1.0 3.0 41.0 69776982.0 2748883.0 0.0 60220000.0 306.0 2.0 1000.0 47914135.0
17400.0 0.0 3.0 41.0 68690604.0 2628815.0 0.0 60220000.0 305.0 2.0 1000.0 49120581.0
17500.0 0.0 3.0 40.0 67621094.0 2517570.0 0.0 60220000.0 301.0 2.0 1000.0 50301336.0
17600.0 0.0 3.0 40.0 66563402.0 2413937.0 0.0 60220000.0 296.0 2.0 1000.0 51462661.0
17700.0 0.0 3.0 40.0 65521726.0 2298315.0 0.0 60220000.0 292.0 2.0 1000.0 52619959.0
17800.0 0.0 3.0 39.0 64498781.0 2170844.0 0.0 60220000.0 286.0 2.0 1000.0 53770375.0
17900.0 0.0 3.0 37.0 63491628.0 2086020.0 0.0 60220000.0 281.0 2.0 1000.0 54862352.0
18000.0 0.0 3.0 35.0 62507558.0 2037561.0 0.0 60220000.0 275.0 2.0 1000.0 55894881.0
18100.0 0.0 3.0 35.0 61540197.0 1995688.0 0.0 60220000.0 269.0 2.0 1000.0 56904115.0
18200.0 0.0 3.0 35.0 60593337.0 1935010.0 0.0 60220000.0 263.0 2.0 1000.0 57911653.0
18300.0 0.0 3.0 35.0 59669499.0 1852947.0 0.0 60220000.0 256.0 2.0 1000.0 58917554.0
18400.0 0.0 3.0 35.0 58766505.0 1753564.0 0.0 60220000.0 253.0 2.0 1000.0 59919931.0
18500.0 0.0 3.0 35.0 57875221.0 1644730.0 0.0 60220000.0 248.0 2.0 1000.0 60920049.0
18600.0 0.0 3.0 34.0 57001344.0 1549391.0 0.0 60220000.0 244.0 2.0 1000.0 61889265.0
18700.0 0.0 3.0 34.0 56143063.0 1443554.0 0.0 60220000.0 238.0 2.0 1000.0 62853383.0
18800.0 0.0 3.0 34.0 55306110.0 1320655.0 0.0 60220000.0 234.0 2.0 1000.0 63813235.0
18900.0 0.0 3.0 33.0 54477579.0 1193239.0 0.0 60220000.0 231.0 2.0 1000.0 64769182.0
19000.0 0.0 3.0 32.0 53660068.0 1109013.0 0.0 60220000.0 229.0 2.0 1000.0 65670919.0
19100.0 0.0 3.0 31.0 52857277.0 1041504.0 0.0 60220000.0 223.0 2.0 1000.0 66541219.0
19200.0 0.0 3.0 30.0 52071655.0 975291.0 0.0 60220000.0 217.0 2.0 1000.0 67393054.0
19300.0 0.0 3.0 30.0 51303117.0 917783.0 0.0 60220000.0 215.0 2.0 1000.0 68219100.0
19400.0 0.0 3.0 30.0 50539632.0 859293.0 0.0 60220000.0 214.0 2.0 1000.0 69041075.0
19500.0 0.0 3.0 29.0 49788104.0 797102.0 0.0 60220000.0 210.0 2.0 1000.0 69854794.0
19600.0 0.0 3.0 29.0 49047910.0 751668.0 0.0 60220000.0 205.0 2.0 1000.0 70640422.0
19700.0 0.0 3.0 28.0 48329783.0 707435.0 0.0 60220000.0 200.0 2.0 1000.0 71402782.0
19800.0 0.0 3.0 28.0 47622546.0 665836.0 0.0 60220000.0 197.0 2.0 1000.0 72151618.0
19900.0 0.0 3.0 28.0 46930126.0 617004.0 0.0 60220000.0 193.0 2.0 1000.0 72892870.0
