time rna_M monomer_betaGal protein_betaGal Lactose_external Lactose_internal Glucose_external Glucose_internal protein_Lactose_Permease dna_Lac_Operon Biomass Lactose_consumed
0.0 0.0 0.0 0.0 120440000.0 0.0 60220000.0 0.0 0.0 2.0 1000.0 0.0
100.0 0.0 0.0 0.0 120440000.0 0.0 30115972.0 30104028.0 0.0 2.0 1000.0 0.0
200.0 0.0 0.0 0.0 120440000.0 0.0 64023.0 60155977.0 0.0 2.0 1000.0 0.0
300.0 0.0 0.0 0.0 120440000.0 0.0 0.0 60220000.0 0.0 2.0 1000.0 0.0
400.0 0.0 0.0 0.0 120440000.0 0.0 0.0 60220000.0 0.0 2.0 1000.0 0.0
500.0 0.0 0.0 0.0 120440000.0 0.0 0.0 60220000.0 0.0 2.0 1000.0 0.0
600.0 0.0 0.0 0.0 120440000.0 0.0 0.0 60220000.0 0.0 2.0 1000.0 0.0
700.0 0.0 0.0 0.0 120440000.0 0.0 0.0 60220000.0 0.0 2.0 1000.0 0.0
800.0 0.0 0.0 0.0 120440000.0 0.0 0.0 60220000.0 0.0 2.0 1000.0 0.0
900.0 0.0 0.0 0.0 120440000.0 0.0 0.0 60220000.0 0.0 2.0 1000.0 0.0
1000.0 0.0 0.0 0.0 120440000.0 0.0 0.0 60220000.0 0.0 2.0 1000.0 0.0
1100.0 0.0 0.0 0.0 120440000.0 0.0 0.0 60220000.0 0.0 2.0 1000.0 0.0
1200.0 0.0 0.0 0.0 120440000.0 0.0 0.0 60220000.0 0.0 2.0 1000.0 0.0
1300.0 0.0 0.0 0.0 120440000.0 0.0 0.0 60220000.0 0.0 2.0 1000.0 0.0
1400.0 0.0 0.0 0.0 120440000.0 0.0 0.0 60220000.0 0.0 2.0 1000.0 0.0
1500.0 0.0 0.0 0.0 120440000.0 0.0 0.0 60220000.0 0.0 2.0 1000.0 0.0
1600.0 0.0 0.0 0.0 120440000.0 0.0 0.0 60220000.0 0.0 2.0 1000.0 0.0
1700.0 0.0 0.0 0.0 120440000.0 0.0 0.0 60220000.0 0.0 2.0 1000.0 0.0
1800.0 0.0 0.0 0.0 120440000.0 0.0 0.0 60220000.0 0.0 2.0 1000.0 0.0
1900.0 0.0 0.0 0.0 120440000.0 0.0 0.0 60220000.0 0.0 2.0 1000.0 0.0
2000.0 0.0 0.0 0.0 120440000.0 0.0 0.0 60220000.0 0.0 2.0 1000.0 0.0
2100.0 0.0 0.0 0.0 120440000.0 0.0 0.0 60220000.0 0.0 2.0 1000.0 0.0
2200.0 0.0 0.0 0.0 120440000.0 0.0 0.0 60220000.0 0.0 2.0 1000.0 0.0
2300.0 0.0 0.0 0.0 120440000.0 0.0 0.0 60220000.0 0.0 2.0 1000.0 0.0
2400.0 0.0 0.0 0.0 120440000.0 0.0 0.0 60220000.0 0.0 2.0 1000.0 0.0
2500.0 0.0 0.0 0.0 120440000.0 0.0 0.0 60220000.0 0.0 2.0 1000.0 0.0
2600.0 0.0 0.0 0.0 120440000.0 0.0 0.0 60220000.0 0.0 2.0 1000.0 0.0
2700.0 0.0 0.0 0.0 120440000.0 0.0 0.0 60220000.0 0.0 2.0 1000.0 0.0
2800.0 0.0 0.0 0.0 120440000.0 0.0 0.0 60220000.0 0.0 2.0 1000.0 0.0
2900.0 0.0 0.0 0.0 120440000.0 0.0 0.0 60220000.0 0.0 2.0 1000.0 0.0
3000.0 0.0 0.0 0.0 120440000.0 0.0 0.0 60220000.0 0.0 2.0 1000.0 0.0
3100.0 0.0 0.0 0.0 120440000.0 0.0 0.0 60220000.0 0.0 2.0 1000.0 0.0
3200.0 0.0 0.0 0.0 120440000.0 0.0 0.0 60220000.0 0.0 2.0 1000.0 0.0
3300.0 0.0 0.0 0.0 120440000.0 0.0 0.0 60220000.0 0.0 2.0 1000.0 0.0
3400.0 0.0 0.0 0.0 120440000.0 0.0 0.0 60220000.0 0.0 2.0 1000.0 0.0
3500.0 0.0 0.0 0.0 120440000.0 0.0 0.0 60220000.0 0.0 2.0 1000.0 0.0
3600.0 0.0 0.0 0.0 120440000.0 0.0 0.0 60220000.0 0.0 2.0 1000.0 0.0
3700.0 0.0 0.0 0.0 120440000.0 0.0 0.0 60220000.0 0.0 2.0 1000.0 0.0
3800.0 0.0 0.0 0.0 120440000.0 0.0 0.0 60220000.0 0.0 2.0 1000.0 0.0
3900.0 0.0 0.0 0.0 120440000.0 0.0 0.0 60220000.0 0.0 2.0 1000.0 0.0
4000.0 0.0 0.0 0.0 120440000.0 0.0 0.0 60220000.0 0.0 2.0 1000.0 0.0
4100.0 0.0 0.0 0.0 120440000.0 0.0 0.0 60220000.0 0.0 2.0 1000.0 0.0
4200.0 0.0 0.0 0.0 120440000.0 0.0 0.0 60220000.0 0.0 2.0 1000.0 0.0
4300.0 0.0 0.0 0.0 120440000.0 0.0 0.0 60220000.0 0.0 2.0 1000.0 0.0
4400.0 1.0 2.0 0.0 120440000.0 0.0 0.0 60220000.0 0.0 2.0 1000.0 0.0
4500.0 0.0 0.0 1.0 120423532.0 14244.0 0.0 60220000.0 5.0 2.0 1000.0 2224.0
4600.0 0.0 0.0 1.0 120405634.0 26271.0 0.0 60220000.0 5.0 2.0 1000.0 8095.0
4700.0 0.0 0.0 1.0 120388076.0 35658.0 0.0 60220000.0 5.0 2.0 1000.0 16266.0
4800.0 0.0 0.0 1.0 120370195.0 43873.0 0.0 60220000.0 5.0 2.0 1000.0 25932.0
4900.0 0.0 0.0 1.0 120352141.0 51134.0 0.0 60220000.0 5.0 2.0 1000.0 36725.0
5000.0 0.0 0.0 1.0 120334223.0 57323.0 0.0 60220000.0 5.0 2.0 1000.0 48454.0
5100.0 0.0 0.0 1.0 120316124.0 63016.0 0.0 60220000.0 5.0 2.0 1000.0 60860.0
5200.0 0.0 0.0 1.0 120298310.0 67659.0 0.0 60220000.0 5.0 2.0 1000.0 74031.0
5300.0 0.0 0.0 1.0 120280487.0 71874.0 0.0 60220000.0 5.0 2.0 1000.0 87639.0
5400.0 0.0 0.0 1.0 120262666.0 75813.0 0.0 60220000.0 5.0 2.0 1000.0 101521.0
5500.0 0.0 0.0 1.0 120245841.0 78278.0 0.0 60220000.0 4.0 2.0 1000.0 115881.0
5600.0 0.0 0.0 1.0 120231544.0 78241.0 0.0 60220000.0 4.0 2.0 1000.0 130215.0
5700.0 0.0 0.0 1.0 120217081.0 77977.0 0.0 60220000.0 4.0 2.0 1000.0 144942.0
5800.0 0.0 0.0 1.0 120202851.0 77807.0 0.0 60220000.0 4.0 2.0 1000.0 159342.0
5900.0 0.0 0.0 1.0 120188645.0 77392.0 0.0 60220000.0 4.0 2.0 1000.0 173963.0
6000.0 0.0 0.0 1.0 120174315.0 77313.0 0.0 60220000.0 4.0 2.0 1000.0 188372.0
6100.0 0.0 0.0 1.0 120159837.0 77486.0 0.0 60220000.0 4.0 2.0 1000.0 202677.0
6200.0 0.0 0.0 1.0 120148322.0 74700.0 0.0 60220000.0 3.0 2.0 1000.0 216978.0
6300.0 0.0 0.0 1.0 120137606.0 71312.0 0.0 60220000.0 3.0 2.0 1000.0 231082.0
6400.0 0.0 0.0 1.0 120126829.0 68529.0 0.0 60220000.0 3.0 2.0 1000.0 244642.0
6500.0 0.0 0.0 1.0 120116190.0 65842.0 0.0 60220000.0 3.0 2.0 1000.0 257968.0
6600.0 0.0 0.0 1.0 120105345.0 63723.0 0.0 60220000.0 3.0 2.0 1000.0 270932.0
6700.0 0.0 0.0 1.0 120094457.0 61871.0 0.0 60220000.0 3.0 2.0 1000.0 283672.0
6800.0 0.0 0.0 1.0 120083640.0 60184.0 0.0 60220000.0 3.0 2.0 1000.0 296176.0
6900.0 0.0 0.0 1.0 120072951.0 58595.0 0.0 60220000.0 3.0 2.0 1000.0 308454.0
7000.0 0.0 0.0 1.0 120062250.0 57106.0 0.0 60220000.0 3.0 2.0 1000.0 320644.0
7100.0 0.0 0.0 1.0 120051515.0 56020.0 0.0 60220000.0 3.0 2.0 1000.0 332465.0
7200.0 0.0 0.0 1.0 120040793.0 54982.0 0.0 60220000.0 3.0 2.0 1000.0 344225.0
7300.0 0.0 0.0 1.0 120030060.0 53927.0 0.0 60220000.0 3.0 2.0 1000.0 356013.0
7400.0 0.0 0.0 1.0 120019389.0 52933.0 0.0 60220000.0 3.0 2.0 1000.0 367678.0
7500.0 0.0 0.0 1.0 120008582.0 52384.0 0.0 60220000.0 3.0 2.0 1000.0 379034.0
7600.0 0.0 0.0 1.0 119997618.0 51942.0 0.0 60220000.0 3.0 2.0 1000.0 390440.0
7700.0 0.0 0.0 1.0 119986879.0 51245.0 0.0 60220000.0 3.0 2.0 1000.0 401876.0
7800.0 0.0 0.0 1.0 119976007.0 50818.0 0.0 60220000.0 3.0 2.0 1000.0 413175.0
7900.0 0.0 0.0 1.0 119965267.0 50474.0 0.0 60220000.0 3.0 2.0 1000.0 424259.0
8000.0 1.0 1.0 2.0 119952360.0 51492.0 0.0 60220000.0 8.0 2.0 1000.0 436148.0
8100.0 0.0 3.0 3.0 119891054.0 77188.0 0.0 60220000.0 19.0 2.0 1000.0 471758.0
8200.0 0.0 3.0 3.0 119822986.0 99187.0 0.0 60220000.0 19.0 2.0 1000.0 517827.0
8300.0 0.0 3.0 3.0 119756303.0 115461.0 0.0 60220000.0 18.0 2.0 1000.0 568236.0
8400.0 0.0 3.0 3.0 119691800.0 126884.0 0.0 60220000.0 18.0 2.0 1000.0 621316.0
8500.0 0.0 3.0 3.0 119627623.0 136293.0 0.0 60220000.0 18.0 2.0 1000.0 676084.0
8600.0 0.0 3.0 3.0 119563127.0 145027.0 0.0 60220000.0 18.0 2.0 1000.0 731846.0
8700.0 0.0 3.0 3.0 119499144.0 151687.0 0.0 60220000.0 18.0 2.0 1000.0 789169.0
8800.0 0.0 3.0 3.0 119435380.0 157479.0 0.0 60220000.0 17.0 2.0 1000.0 847141.0
8900.0 0.0 3.0 3.0 119374680.0 159394.0 0.0 60220000.0 17.0 2.0 1000.0 905926.0
9000.0 0.0 3.0 3.0 119314903.0 160255.0 0.0 60220000.0 16.0 2.0 1000.0 964842.0
9100.0 0.0 3.0 3.0 119257869.0 158490.0 0.0 60220000.0 16.0 2.0 1000.0 1023641.0
9200.0 0.0 3.0 3.0 119201183.0 156319.0 0.0 60220000.0 16.0 2.0 1000.0 1082498.0
9300.0 0.0 3.0 3.0 119143894.0 155054.0 0.0 60220000.0 16.0 2.0 1000.0 1141052.0
9400.0 0.0 3.0 3.0 119087030.0 153515.0 0.0 60220000.0 16.0 2.0 1000.0 1199455.0
9500.0 0.0 3.0 3.0 119029995.0 152667.0 0.0 60220000.0 16.0 2.0 1000.0 1257338.0
9600.0 0.0 3.0 3.0 118973024.0 151954.0 0.0 60220000.0 16.0 2.0 1000.0 1315022.0
9700.0 0.0 3.0 3.0 118915761.0 151317.0 0.0 60220000.0 16.0 2.0 1000.0 1372922.0
9800.0 0.0 3.0 3.0 118858638.0 150854.0 0.0 60220000.0 16.0 2.0 1000.0 1430508.0
9900.0 0.0 3.0 3.0 118801435.0 150033.0 0.0 60220000.0 16.0 2.0 1000.0 1488532.0
10000.0 0.0 3.0 3.0 118744622.0 149499.0 0.0 60220000.0 16.0 2.0 1000.0 1545879.0
10100.0 0.0 3.0 3.0 118687025.0 149494.0 0.0 60220000.0 16.0 2.0 1000.0 1603481.0
10200.0 0.0 3.0 3.0 118629476.0 149448.0 0.0 60220000.0 16.0 2.0 1000.0 1661076.0
10300.0 0.0 3.0 3.0 118571900.0 149697.0 0.0 60220000.0 16.0 2.0 1000.0 1718403.0
10400.0 0.0 3.0 3.0 118515069.0 148977.0 0.0 60220000.0 16.0 2.0 1000.0 1775954.0
10500.0 0.0 3.0 3.0 118460346.0 146277.0 0.0 60220000.0 15.0 2.0 1000.0 1833377.0
10600.0 0.0 3.0 3.0 118406818.0 143158.0 0.0 60220000.0 15.0 2.0 1000.0 1890024.0
10700.0 0.0 3.0 3.0 118353308.0 140050.0 0.0 60220000.0 15.0 2.0 1000.0 1946642.0
10800.0 0.0 3.0 3.0 118299910.0 137480.0 0.0 60220000.0 15.0 2.0 1000.0 2002610.0
10900.0 0.0 3.0 3.0 118246420.0 135092.0 0.0 60220000.0 15.0 2.0 1000.0 2058488.0
11000.0 0.0 3.0 3.0 118193102.0 133229.0 0.0 60220000.0 15.0 2.0 1000.0 2113669.0
11100.0 0.0 3.0 3.0 118139830.0 131343.0 0.0 60220000.0 15.0 2.0 1000.0 2168827.0
11200.0 0.0 3.0 3.0 118085594.0 131188.0 0.0 60220000.0 15.0 2.0 1000.0 2223218.0
11300.0 0.0 3.0 3.0 118031547.0 130454.0 0.0 60220000.0 15.0 2.0 1000.0 2277999.0
11400.0 0.0 3.0 3.0 117981469.0 126138.0 0.0 60220000.0 14.0 2.0 1000.0 2332393.0
11500.0 0.0 3.0 3.0 117931473.0 122589.0 0.0 60220000.0 14.0 2.0 1000.0 2385938.0
11600.0 0.0 3.0 3.0 117881508.0 119619.0 0.0 60220000.0 14.0 2.0 1000.0 2438873.0
11700.0 0.0 3.0 3.0 117834427.0 114450.0 0.0 60220000.0 13.0 2.0 1000.0 2491123.0
11800.0 0.0 3.0 3.0 117787970.0 109695.0 0.0 60220000.0 13.0 2.0 1000.0 2542335.0
11900.0 0.0 3.0 3.0 117741392.0 106067.0 0.0 60220000.0 13.0 2.0 1000.0 2592541.0
12000.0 0.0 3.0 3.0 117694499.0 103078.0 0.0 60220000.0 13.0 2.0 1000.0 2642423.0
12100.0 0.0 3.0 3.0 117647782.0 100830.0 0.0 60220000.0 13.0 2.0 1000.0 2691388.0
12200.0 0.0 3.0 3.0 117601143.0 98547.0 0.0 60220000.0 13.0 2.0 1000.0 2740310.0
12300.0 0.0 3.0 3.0 117554638.0 96542.0 0.0 60220000.0 13.0 2.0 1000.0 2788820.0
12400.0 0.0 3.0 3.0 117508236.0 94635.0 0.0 60220000.0 12.0 2.0 1000.0 2837129.0
12500.0 0.0 3.0 3.0 117465154.0 90729.0 0.0 60220000.0 12.0 2.0 1000.0 2884117.0
12600.0 0.0 3.0 3.0 117422296.0 87400.0 0.0 60220000.0 12.0 2.0 1000.0 2930304.0
12700.0 0.0 3.0 3.0 117380383.0 83696.0 0.0 60220000.0 11.0 2.0 1000.0 2975921.0
12800.0 0.0 3.0 3.0 117341670.0 78485.0 0.0 60220000.0 10.0 2.0 1000.0 3019845.0
12900.0 0.0 3.0 3.0 117305918.0 72195.0 0.0 60220000.0 10.0 2.0 1000.0 3061887.0
13000.0 0.0 3.0 3.0 117270003.0 67389.0 0.0 60220000.0 10.0 2.0 1000.0 3102608.0
13100.0 0.0 3.0 3.0 117234285.0 63666.0 0.0 60220000.0 10.0 2.0 1000.0 3142049.0
13200.0 0.0 3.0 2.0 117198608.0 66367.0 0.0 60220000.0 10.0 2.0 1000.0 3175025.0
13300.0 0.0 3.0 2.0 117162957.0 74607.0 0.0 60220000.0 10.0 2.0 1000.0 3202436.0
13400.0 0.0 3.0 2.0 117128888.0 79888.0 0.0 60220000.0 9.0 2.0 1000.0 3231224.0
13500.0 0.0 3.0 2.0 117096597.0 82573.0 0.0 60220000.0 9.0 2.0 1000.0 3260830.0
13600.0 0.0 3.0 2.0 117064516.0 84940.0 0.0 60220000.0 9.0 2.0 1000.0 3290544.0
13700.0 0.0 3.0 2.0 117031943.0 87298.0 0.0 60220000.0 9.0 2.0 1000.0 3320759.0
13800.0 1.0 2.0 6.0 116966085.0 83660.0 0.0 60220000.0 31.0 2.0 1000.0 3390255.0
13900.0 0.0 1.0 7.0 116829579.0 111854.0 0.0 60220000.0 40.0 2.0 1000.0 3498567.0
14000.0 0.0 1.0 7.0 116685992.0 131065.0 0.0 60220000.0 40.0 2.0 1000.0 3622943.0
14100.0 0.0 1.0 6.0 116547038.0 154097.0 0.0 60220000.0 38.0 2.0 1000.0 3738865.0
14200.0 0.0 1.0 6.0 116410760.0 171769.0 0.0 60220000.0 38.0 2.0 1000.0 3857471.0
14300.0 0.0 1.0 6.0 116275303.0 184820.0 0.0 60220000.0 38.0 2.0 1000.0 3979877.0
14400.0 0.0 1.0 4.0 116141272.0 219579.0 0.0 60220000.0 37.0 2.0 1000.0 4079149.0
14500.0 0.0 1.0 4.0 116010840.0 261199.0 0.0 60220000.0 36.0 2.0 1000.0 4167961.0
14600.0 0.0 1.0 4.0 115884172.0 296112.0 0.0 60220000.0 35.0 2.0 1000.0 4259716.0
14700.0 0.0 1.0 4.0 115758788.0 326944.0 0.0 60220000.0 35.0 2.0 1000.0 4354268.0
14800.0 0.0 1.0 4.0 115633633.0 355898.0 0.0 60220000.0 35.0 2.0 1000.0 4450469.0
14900.0 0.0 1.0 3.0 115510999.0 391389.0 0.0 60220000.0 34.0 2.0 1000.0 4537612.0
15000.0 0.0 1.0 2.0 115389656.0 446042.0 0.0 60220000.0 34.0 2.0 1000.0 4604302.0
15100.0 0.0 1.0 2.0 115269139.0 515722.0 0.0 60220000.0 34.0 2.0 1000.0 4655139.0
15200.0 0.0 1.0 2.0 115147699.0 585324.0 0.0 60220000.0 34.0 2.0 1000.0 4706977.0
15300.0 0.0 1.0 2.0 115029452.0 650579.0 0.0 60220000.0 33.0 2.0 1000.0 4759969.0
15400.0 0.0 1.0 2.0 114911419.0 715283.0 0.0 60220000.0 33.0 2.0 1000.0 4813298.0
15500.0 0.0 1.0 2.0 114796523.0 776255.0 0.0 60220000.0 32.0 2.0 1000.0 4867222.0
15600.0 0.0 1.0 2.0 114683617.0 835280.0 0.0 60220000.0 31.0 2.0 1000.0 4921103.0
15700.0 0.0 1.0 2.0 114572830.0 891501.0 0.0 60220000.0 31.0 2.0 1000.0 4975669.0
15800.0 0.0 1.0 2.0 114464332.0 945504.0 0.0 60220000.0 29.0 2.0 1000.0 5030164.0
15900.0 0.0 1.0 2.0 114364937.0 989885.0 0.0 60220000.0 27.0 2.0 1000.0 5085178.0
16000.0 0.0 1.0 2.0 114268267.0 1031007.0 0.0 60220000.0 27.0 2.0 1000.0 5140726.0
16100.0 0.0 1.0 2.0 114174471.0 1069439.0 0.0 60220000.0 26.0 2.0 1000.0 5196090.0
16200.0 0.0 1.0 2.0 114082615.0 1105326.0 0.0 60220000.0 26.0 2.0 1000.0 5252059.0
16300.0 0.0 1.0 2.0 113991956.0 1140298.0 0.0 60220000.0 25.0 2.0 1000.0 5307746.0
16400.0 0.0 1.0 2.0 113902831.0 1173555.0 0.0 60220000.0 25.0 2.0 1000.0 5363614.0
16500.0 0.0 1.0 2.0 113815557.0 1204969.0 0.0 60220000.0 24.0 2.0 1000.0 5419474.0
16600.0 0.0 1.0 1.0 113729956.0 1237810.0 0.0 60220000.0 24.0 2.0 1000.0 5472234.0
16700.0 0.0 1.0 1.0 113644762.0 1294784.0 0.0 60220000.0 24.0 2.0 1000.0 5500454.0
16800.0 0.0 1.0 1.0 113558903.0 1352439.0 0.0 60220000.0 24.0 2.0 1000.0 5528658.0
16900.0 1.0 2.0 3.0 113455572.0 1420517.0 0.0 60220000.0 44.0 2.0 1000.0 5563911.0
17000.0 1.0 0.0 7.0 113247813.0 1500256.0 0.0 60220000.0 75.0 2.0 1000.0 5691931.0
17100.0 0.0 1.0 7.0 112980939.0 1568472.0 0.0 60220000.0 75.0 2.0 1000.0 5890589.0
17200.0 0.0 1.0 7.0 112715200.0 1634964.0 0.0 60220000.0 75.0 2.0 1000.0 6089836.0
17300.0 0.0 1.0 6.0 112448175.0 1724008.0 0.0 60220000.0 75.0 2.0 1000.0 6267817.0
17400.0 0.0 1.0 6.0 112180919.0 1819259.0 0.0 60220000.0 75.0 2.0 1000.0 6439822.0
17500.0 0.0 1.0 6.0 111916214.0 1911559.0 0.0 60220000.0 74.0 2.0 1000.0 6612227.0
17600.0 0.0 1.0 6.0 111662078.0 1993356.0 0.0 60220000.0 71.0 2.0 1000.0 6784566.0
17700.0 2.0 1.0 7.0 111406682.0 2073819.0 0.0 60220000.0 76.0 2.0 1000.0 6959499.0
17800.0 0.0 0.0 9.0 111079095.0 2149486.0 0.0 60220000.0 95.0 2.0 1000.0 7211419.0
17900.0 0.0 0.0 9.0 110745315.0 2223471.0 0.0 60220000.0 94.0 2.0 1000.0 7471214.0
18000.0 1.0 2.0 8.0 110399313.0 2352450.0 0.0 60220000.0 111.0 2.0 1000.0 7688237.0
18100.0 0.0 0.0 13.0 109939213.0 2519638.0 0.0 60220000.0 144.0 2.0 1000.0 7981149.0
18200.0 0.0 0.0 12.0 109442389.0 2646714.0 0.0 60220000.0 138.0 2.0 1000.0 8350897.0
18300.0 0.0 0.0 12.0 108954578.0 2786974.0 0.0 60220000.0 137.0 2.0 1000.0 8698448.0
18400.0 0.0 0.0 14.0 108419594.0 2946104.0 0.0 60220000.0 163.0 2.0 1000.0 9074302.0
18500.0 0.0 1.0 13.0 107842687.0 3122584.0 0.0 60220000.0 162.0 2.0 1000.0 9474729.0
18600.0 2.0 2.0 15.0 107260087.0 3314506.0 0.0 60220000.0 173.0 2.0 1000.0 9865407.0
18700.0 1.0 3.0 22.0 106569173.0 3457692.0 0.0 60220000.0 215.0 2.0 1000.0 10413135.0
18800.0 0.0 2.0 24.0 105786138.0 3552439.0 0.0 60220000.0 221.0 2.0 1000.0 11101423.0
18900.0 0.0 2.0 23.0 105011469.0 3629681.0 0.0 60220000.0 217.0 2.0 1000.0 11798850.0
19000.0 0.0 2.0 23.0 104245316.0 3721079.0 0.0 60220000.0 216.0 2.0 1000.0 12473605.0
19100.0 1.0 2.0 25.0 103467223.0 3813641.0 0.0 60220000.0 229.0 2.0 1000.0 13159136.0
19200.0 1.0 2.0 30.0 102614088.0 3841979.0 0.0 60220000.0 253.0 2.0 1000.0 13983933.0
19300.0 0.0 1.0 31.0 101698505.0 3835711.0 0.0 60220000.0 259.0 2.0 1000.0 14905784.0
19400.0 0.0 1.0 31.0 100782339.0 3841230.0 0.0 60220000.0 257.0 2.0 1000.0 15816431.0
19500.0 0.0 1.0 31.0 99878492.0 3835312.0 0.0 60220000.0 252.0 2.0 1000.0 16726196.0
19600.0 0.0 1.0 30.0 98994129.0 3816501.0 0.0 60220000.0 248.0 2.0 1000.0 17629370.0
19700.0 3.0 1.0 35.0 98107514.0 3786734.0 0.0 60220000.0 265.0 2.0 1000.0 18545752.0
19800.0 2.0 2.0 46.0 97021915.0 3689998.0 0.0 60220000.0 344.0 2.0 1000.0 19728087.0
19900.0 0.0 0.0 51.0 95748268.0 3510068.0 0.0 60220000.0 367.0 2.0 1000.0 21181664.0
