time rna_M monomer_betaGal protein_betaGal Lactose_external Lactose_internal Glucose_external Glucose_internal protein_Lactose_Permease dna_Lac_Operon Biomass Lactose_consumed
0.0 0.0 0.0 0.0 120440000.0 0.0 60220000.0 0.0 0.0 2.0 1000.0 0.0
100.0 0.0 0.0 0.0 120440000.0 0.0 30122680.0 30097320.0 0.0 2.0 1000.0 0.0
200.0 0.0 0.0 0.0 120440000.0 0.0 76186.0 60143814.0 0.0 2.0 1000.0 0.0
300.0 0.0 0.0 0.0 120440000.0 0.0 0.0 60220000.0 0.0 2.0 1000.0 0.0
400.0 0.0 0.0 0.0 120440000.0 0.0 0.0 60220000.0 0.0 2.0 1000.0 0.0
500.0 0.0 0.0 0.0 120440000.0 0.0 0.0 60220000.0 0.0 2.0 1000.0 0.0
600.0 0.0 0.0 0.0 120440000.0 0.0 0.0 60220000.0 0.0 2.0 1000.0 0.0
700.0 0.0 0.0 0.0 120440000.0 0.0 0.0 60220000.0 0.0 2.0 1000.0 0.0
800.0 0.0 0.0 0.0 120440000.0 0.0 0.0 60220000.0 0.0 2.0 1000.0 0.0
900.0 0.0 0.0 0.0 120440000.0 0.0 0.0 60220000.0 0.0 2.0 1000.0 0.0
1000.0 0.0 0.0 0.0 120440000.0 0.0 0.0 60220000.0 0.0 2.0 1000.0 0.0
1100.0 0.0 0.0 0.0 120440000.0 0.0 0.0 60220000.0 0.0 2.0 1000.0 0.0
1200.0 0.0 0.0 0.0 120440000.0 0.0 0.0 60220000.0 0.0 2.0 1000.0 0.0
1300.0 0.0 0.0 0.0 120440000.0 0.0 0.0 60220000.0 0.0 2.0 1000.0 0.0
1400.0 0.0 0.0 0.0 120440000.0 0.0 0.0 60220000.0 0.0 2.0 1000.0 0.0
1500.0 0.0 0.0 0.0 120440000.0 0.0 0.0 60220000.0 0.0 2.0 1000.0 0.0
1600.0 0.0 0.0 0.0 120440000.0 0.0 0.0 60220000.0 0.0 2.0 1000.0 0.0
1700.0 0.0 0.0 0.0 120440000.0 0.0 0.0 60220000.0 0.0 2.0 1000.0 0.0
1800.0 0.0 0.0 0.0 120440000.0 0.0 0.0 60220000.0 0.0 2.0 1000.0 0.0
1900.0 0.0 0.0 0.0 120440000.0 0.0 0.0 60220000.0 0.0 2.0 1000.0 0.0
2000.0 0.0 0.0 0.0 120440000.0 0.0 0.0 60220000.0 0.0 2.0 1000.0 0.0
2100.0 0.0 0.0 0.0 120440000.0 0.0 0.0 60220000.0 0.0 2.0 1000.0 0.0
2200.0 0.0 0.0 0.0 120440000.0 0.0 0.0 60220000.0 0.0 2.0 1000.0 0.0
2300.0 0.0 0.0 0.0 120440000.0 0.0 0.0 60220000.0 0.0 2.0 1000.0 0.0
2400.0 0.0 0.0 0.0 120440000.0 0.0 0.0 60220000.0 0.0 2.0 1000.0 0.0
2500.0 0.0 0.0 0.0 120440000.0 0.0 0.0 60220000.0 0.0 2.0 1000.0 0.0
2600.0 0.0 0.0 0.0 120440000.0 0.0 0.0 60220000.0 0.0 2.0 1000.0 0.0
2700.0 0.0 0.0 0.0 120440000.0 0.0 0.0 60220000.0 0.0 2.0 1000.0 0.0
2800.0 0.0 0.0 0.0 120440000.0 0.0 0.0 60220000.0 0.0 2.0 1000.0 0.0
2900.0 0.0 0.0 0.0 120440000.0 0.0 0.0 60220000.0 0.0 2.0 1000.0 0.0
3000.0 0.0 0.0 0.0 120440000.0 0.0 0.0 60220000.0 0.0 2.0 1000.0 0.0
3100.0 0.0 0.0 0.0 120440000.0 0.0 0.0 60220000.0 0.0 2.0 1000.0 0.0
3200.0 0.0 0.0 0.0 120440000.0 0.0 0.0 60220000.0 0.0 2.0 1000.0 0.0
3300.0 0.0 0.0 0.0 120440000.0 0.0 0.0 60220000.0 0.0 2.0 1000.0 0.0
3400.0 0.0 0.0 0.0 120440000.0 0.0 0.0 60220000.0 0.0 2.0 1000.0 0.0
3500.0 0.0 0.0 0.0 120440000.0 0.0 0.0 60220000.0 0.0 2.0 1000.0 0.0
3600.0 0.0 0.0 0.0 120440000.0 0.0 0.0 60220000.0 0.0 2.0 1000.0 0.0
3700.0 0.0 0.0 0.0 120440000.0 0.0 0.0 60220000.0 0.0 2.0 1000.0 0.0
3800.0 0.0 0.0 0.0 120440000.0 0.0 0.0 60220000.0 0.0 2.0 1000.0 0.0
3900.0 0.0 0.0 0.0 120440000.0 0.0 0.0 60220000.0 0.0 2.0 1000.0 0.0
4000.0 0.0 0.0 0.0 120440000.0 0.0 0.0 60220000.0 0.0 2.0 1000.0 0.0
4100.0 0.0 0.0 0.0 120440000.0 0.0 0.0 60220000.0 0.0 2.0 1000.0 0.0
4200.0 0.0 0.0 0.0 120440000.0 0.0 0.0 60220000.0 0.0 2.0 1000.0 0.0
4300.0 0.0 0.0 0.0 120440000.0 0.0 0.0 60220000.0 0.0 2.0 1000.0 0.0
4400.0 0.0 0.0 0.0 120440000.0 0.0 0.0 60220000.0 0.0 2.0 1000.0 0.0
4500.0 0.0 0.0 0.0 120440000.0 0.0 0.0 60220000.0 0.0 2.0 1000.0 0.0
4600.0 0.0 0.0 0.0 120440000.0 0.0 0.0 60220000.0 0.0 2.0 1000.0 0.0
4700.0 0.0 0.0 0.0 120440000.0 0.0 0.0 60220000.0 0.0 2.0 1000.0 0.0
4800.0 0.0 0.0 0.0 120440000.0 0.0 0.0 60220000.0 0.0 2.0 1000.0 0.0
4900.0 0.0 0.0 0.0 120440000.0 0.0 0.0 60220000.0 0.0 2.0 1000.0 0.0
5000.0 0.0 0.0 0.0 120440000.0 0.0 0.0 60220000.0 0.0 2.0 1000.0 0.0
5100.0 0.0 0.0 0.0 120440000.0 0.0 0.0 60220000.0 0.0 2.0 1000.0 0.0
5200.0 0.0 0.0 0.0 120440000.0 0.0 0.0 60220000.0 0.0 2.0 1000.0 0.0
5300.0 0.0 0.0 0.0 120440000.0 0.0 0.0 60220000.0 0.0 2.0 1000.0 0.0
5400.0 0.0 0.0 0.0 120440000.0 0.0 0.0 60220000.0 0.0 2.0 1000.0 0.0
5500.0 0.0 0.0 0.0 120440000.0 0.0 0.0 60220000.0 0.0 2.0 1000.0 0.0
5600.0 0.0 0.0 0.0 120440000.0 0.0 0.0 60220000.0 0.0 2.0 1000.0 0.0
5700.0 0.0 0.0 0.0 120440000.0 0.0 0.0 60220000.0 0.0 2.0 1000.0 0.0
5800.0 0.0 0.0 0.0 120440000.0 0.0 0.0 60220000.0 0.0 2.0 1000.0 0.0
5900.0 0.0 0.0 0.0 120440000.0 0.0 0.0 60220000.0 0.0 2.0 1000.0 0.0
6000.0 0.0 0.0 0.0 120440000.0 0.0 0.0 60220000.0 0.0 2.0 1000.0 0.0
6100.0 0.0 0.0 0.0 120440000.0 0.0 0.0 60220000.0 0.0 2.0 1000.0 0.0
6200.0 0.0 0.0 0.0 120440000.0 0.0 0.0 60220000.0 0.0 2.0 1000.0 0.0
6300.0 0.0 0.0 0.0 120440000.0 0.0 0.0 60220000.0 0.0 2.0 1000.0 0.0
6400.0 0.0 0.0 0.0 120440000.0 0.0 0.0 60220000.0 0.0 2.0 1000.0 0.0
6500.0 0.0 0.0 0.0 120440000.0 0.0 0.0 60220000.0 0.0 2.0 1000.0 0.0
6600.0 0.0 0.0 0.0 120440000.0 0.0 0.0 60220000.0 0.0 2.0 1000.0 0.0
6700.0 0.0 0.0 0.0 120440000.0 0.0 0.0 60220000.0 0.0 2.0 1000.0 0.0
6800.0 0.0 0.0 0.0 120440000.0 0.0 0.0 60220000.0 0.0 2.0 1000.0 0.0
6900.0 0.0 0.0 0.0 120440000.0 0.0 0.0 60220000.0 0.0 2.0 1000.0 0.0
7000.0 0.0 0.0 0.0 120440000.0 0.0 0.0 60220000.0 0.0 2.0 1000.0 0.0
7100.0 0.0 0.0 0.0 120440000.0 0.0 0.0 60220000.0 0.0 2.0 1000.0 0.0
7200.0 0.0 0.0 0.0 120440000.0 0.0 0.0 60220000.0 0.0 2.0 1000.0 0.0
7300.0 0.0 0.0 0.0 120440000.0 0.0 0.0 60220000.0 0.0 2.0 1000.0 0.0
7400.0 0.0 0.0 0.0 120440000.0 0.0 0.0 60220000.0 0.0 2.0 1000.0 0.0
7500.0 0.0 0.0 0.0 120440000.0 0.0 0.0 60220000.0 0.0 2.0 1000.0 0.0
7600.0 0.0 0.0 0.0 120440000.0 0.0 0.0 60220000.0 0.0 2.0 1000.0 0.0
7700.0 0.0 0.0 0.0 120440000.0 0.0 0.0 60220000.0 0.0 2.0 1000.0 0.0
7800.0 0.0 0.0 0.0 120440000.0 0.0 0.0 60220000.0 0.0 2.0 1000.0 0.0
7900.0 0.0 0.0 0.0 120440000.0 0.0 0.0 60220000.0 0.0 2.0 1000.0 0.0
8000.0 0.0 0.0 0.0 120440000.0 0.0 0.0 60220000.0 0.0 2.0 1000.0 0.0
8100.0 0.0 0.0 0.0 120440000.0 0.0 0.0 60220000.0 0.0 2.0 1000.0 0.0
8200.0 0.0 0.0 0.0 120440000.0 0.0 0.0 60220000.0 0.0 2.0 1000.0 0.0
8300.0 0.0 0.0 0.0 120440000.0 0.0 0.0 60220000.0 0.0 2.0 1000.0 0.0
8400.0 0.0 0.0 0.0 120440000.0 0.0 0.0 60220000.0 0.0 2.0 1000.0 0.0
8500.0 0.0 0.0 0.0 120440000.0 0.0 0.0 60220000.0 0.0 2.0 1000.0 0.0
8600.0 0.0 0.0 0.0 120440000.0 0.0 0.0 60220000.0 0.0 2.0 1000.0 0.0
8700.0 0.0 0.0 0.0 120440000.0 0.0 0.0 60220000.0 0.0 2.0 1000.0 0.0
8800.0 0.0 0.0 0.0 120440000.0 0.0 0.0 60220000.0 0.0 2.0 1000.0 0.0
8900.0 0.0 0.0 0.0 120440000.0 0.0 0.0 60220000.0 0.0 2.0 1000.0 0.0
9000.0 0.0 0.0 0.0 120440000.0 0.0 0.0 60220000.0 0.0 2.0 1000.0 0.0
9100.0 0.0 0.0 0.0 120440000.0 0.0 0.0 60220000.0 0.0 2.0 1000.0 0.0
9200.0 0.0 0.0 0.0 120440000.0 0.0 0.0 60220000.0 0.0 2.0 1000.0 0.0
9300.0 0.0 0.0 0.0 120440000.0 0.0 0.0 60220000.0 0.0 2.0 1000.0 0.0
9400.0 0.0 0.0 0.0 120440000.0 0.0 0.0 60220000.0 0.0 2.0 1000.0 0.0
9500.0 0.0 0.0 0.0 120440000.0 0.0 0.0 60220000.0 0.0 2.0 1000.0 0.0
9600.0 0.0 0.0 0.0 120440000.0 0.0 0.0 60220000.0 0.0 2.0 1000.0 0.0
9700.0 0.0 0.0 0.0 120440000.0 0.0 0.0 60220000.0 0.0 2.0 1000.0 0.0
9800.0 0.0 0.0 0.0 120440000.0 0.0 0.0 60220000.0 0.0 2.0 1000.0 0.0
9900.0 0.0 0.0 0.0 120440000.0 0.0 0.0 60220000.0 0.0 2.0 1000.0 0.0
10000.0 1.0 0.0 0.0 120440000.0 0.0 0.0 60220000.0 0.0 2.0 1000.0 0.0
10100.0 1.0 3.0 2.0 120381628.0 50919.0 0.0 60220000.0 33.0 2.0 1000.0 7453.0
10200.0 1.0 0.0 6.0 120209693.0 151419.0 0.0 60220000.0 63.0 2.0 1000.0 78888.0
10300.0 0.0 3.0 8.0 119949694.0 256138.0 0.0 60220000.0 75.0 2.0 1000.0 234168.0
10400.0 0.0 3.0 8.0 119681122.0 337521.0 0.0 60220000.0 75.0 2.0 1000.0 421357.0
10500.0 0.0 3.0 8.0 119417054.0 405872.0 0.0 60220000.0 73.0 2.0 1000.0 617074.0
10600.0 0.0 3.0 8.0 119159689.0 462490.0 0.0 60220000.0 72.0 2.0 1000.0 817821.0
10700.0 0.0 3.0 7.0 118903675.0 521207.0 0.0 60220000.0 72.0 2.0 1000.0 1015118.0
10800.0 0.0 3.0 6.0 118646435.0 611918.0 0.0 60220000.0 72.0 2.0 1000.0 1181647.0
10900.0 0.0 3.0 5.0 118393302.0 713100.0 0.0 60220000.0 69.0 2.0 1000.0 1333598.0
11000.0 0.0 3.0 5.0 118147363.0 823782.0 0.0 60220000.0 69.0 2.0 1000.0 1468855.0
11100.0 0.0 3.0 5.0 117905016.0 929443.0 0.0 60220000.0 68.0 2.0 1000.0 1605541.0
11200.0 0.0 3.0 5.0 117663254.0 1032724.0 0.0 60220000.0 68.0 2.0 1000.0 1744022.0
11300.0 0.0 3.0 4.0 117423541.0 1133396.0 0.0 60220000.0 67.0 2.0 1000.0 1883063.0
11400.0 0.0 3.0 4.0 117185961.0 1259029.0 0.0 60220000.0 65.0 2.0 1000.0 1995010.0
11500.0 0.0 3.0 4.0 116957761.0 1374583.0 0.0 60220000.0 64.0 2.0 1000.0 2107656.0
11600.0 0.0 3.0 4.0 116730958.0 1488118.0 0.0 60220000.0 64.0 2.0 1000.0 2220924.0
11700.0 0.0 3.0 3.0 116503841.0 1607693.0 0.0 60220000.0 64.0 2.0 1000.0 2328466.0
11800.0 0.0 3.0 3.0 116276771.0 1748621.0 0.0 60220000.0 62.0 2.0 1000.0 2414608.0
11900.0 0.0 3.0 3.0 116061937.0 1877664.0 0.0 60220000.0 59.0 2.0 1000.0 2500399.0
12000.0 0.0 3.0 3.0 115851818.0 2001983.0 0.0 60220000.0 59.0 2.0 1000.0 2586199.0
12100.0 1.0 0.0 4.0 115643698.0 2123320.0 0.0 60220000.0 59.0 2.0 1000.0 2672982.0
12200.0 1.0 2.0 8.0 115401720.0 2187502.0 0.0 60220000.0 77.0 2.0 1000.0 2850778.0
12300.0 1.0 1.0 14.0 115079307.0 2206202.0 0.0 60220000.0 107.0 2.0 1000.0 3154491.0
12400.0 1.0 1.0 16.0 114637914.0 2216452.0 0.0 60220000.0 139.0 2.0 1000.0 3585634.0
12500.0 1.0 2.0 19.0 114086824.0 2267174.0 0.0 60220000.0 171.0 2.0 1000.0 4086002.0
12600.0 2.0 0.0 27.0 113403332.0 2308972.0 0.0 60220000.0 215.0 2.0 1000.0 4727696.0
12700.0 1.0 2.0 33.0 112551547.0 2297197.0 0.0 60220000.0 265.0 2.0 1000.0 5591256.0
12800.0 1.0 1.0 33.0 111561923.0 2333279.0 0.0 60220000.0 294.0 2.0 1000.0 6544798.0
12900.0 1.0 2.0 36.0 110452286.0 2436889.0 0.0 60220000.0 332.0 2.0 1000.0 7550825.0
13000.0 0.0 2.0 37.0 109234313.0 2583061.0 0.0 60220000.0 345.0 2.0 1000.0 8622626.0
13100.0 0.0 2.0 35.0 108016598.0 2752552.0 0.0 60220000.0 341.0 2.0 1000.0 9670850.0
13200.0 1.0 0.0 37.0 106811149.0 2927532.0 0.0 60220000.0 341.0 2.0 1000.0 10701319.0
13300.0 0.0 2.0 40.0 105549345.0 3051477.0 0.0 60220000.0 371.0 2.0 1000.0 11839178.0
13400.0 0.0 2.0 39.0 104249823.0 3204154.0 0.0 60220000.0 361.0 2.0 1000.0 12986023.0
13500.0 0.0 1.0 42.0 102967958.0 3320031.0 0.0 60220000.0 366.0 2.0 1000.0 14152011.0
13600.0 1.0 3.0 45.0 101654742.0 3377572.0 0.0 60220000.0 389.0 2.0 1000.0 15407686.0
13700.0 1.0 2.0 50.0 100206280.0 3433631.0 0.0 60220000.0 423.0 2.0 1000.0 16800089.0
13800.0 0.0 2.0 50.0 98678271.0 3472190.0 0.0 60220000.0 431.0 2.0 1000.0 18289539.0
13900.0 0.0 2.0 50.0 97175464.0 3510487.0 0.0 60220000.0 420.0 2.0 1000.0 19754049.0
14000.0 1.0 2.0 47.0 95701542.0 3568088.0 0.0 60220000.0 414.0 2.0 1000.0 21170370.0
14100.0 1.0 1.0 51.0 94193868.0 3650008.0 0.0 60220000.0 435.0 2.0 1000.0 22596124.0
14200.0 1.0 3.0 55.0 92608818.0 3680115.0 0.0 60220000.0 465.0 2.0 1000.0 24151067.0
14300.0 1.0 0.0 56.0 90970883.0 3675831.0 0.0 60220000.0 460.0 2.0 1000.0 25793286.0
14400.0 0.0 3.0 56.0 89301526.0 3693691.0 0.0 60220000.0 472.0 2.0 1000.0 27444783.0
14500.0 0.0 3.0 54.0 87650389.0 3748780.0 0.0 60220000.0 463.0 2.0 1000.0 29040831.0
14600.0 0.0 3.0 54.0 86025084.0 3788495.0 0.0 60220000.0 454.0 2.0 1000.0 30626421.0
14700.0 0.0 3.0 54.0 84422872.0 3805241.0 0.0 60220000.0 450.0 2.0 1000.0 32211887.0
14800.0 0.0 3.0 53.0 82847295.0 3820554.0 0.0 60220000.0 440.0 2.0 1000.0 33772151.0
14900.0 0.0 3.0 51.0 81302073.0 3845103.0 0.0 60220000.0 435.0 2.0 1000.0 35292824.0
15000.0 1.0 2.0 53.0 79753103.0 3870132.0 0.0 60220000.0 448.0 2.0 1000.0 36816765.0
15100.0 0.0 1.0 54.0 78156460.0 3893065.0 0.0 60220000.0 448.0 2.0 1000.0 38390475.0
15200.0 1.0 2.0 55.0 76551866.0 3879916.0 0.0 60220000.0 463.0 2.0 1000.0 40008218.0
15300.0 0.0 0.0 54.0 74892483.0 3946763.0 0.0 60220000.0 470.0 2.0 1000.0 41600754.0
15400.0 1.0 1.0 54.0 73248436.0 4004783.0 0.0 60220000.0 465.0 2.0 1000.0 43186781.0
15500.0 2.0 0.0 59.0 71556222.0 4049864.0 0.0 60220000.0 496.0 2.0 1000.0 44833914.0
15600.0 2.0 1.0 64.0 69700234.0 4101634.0 0.0 60220000.0 554.0 2.0 1000.0 46638132.0
15700.0 1.0 3.0 65.0 67708531.0 4205314.0 0.0 60220000.0 563.0 2.0 1000.0 48526155.0
15800.0 1.0 1.0 71.0 65673061.0 4226697.0 0.0 60220000.0 597.0 2.0 1000.0 50540242.0
15900.0 2.0 1.0 74.0 63498908.0 4288090.0 0.0 60220000.0 639.0 2.0 1000.0 52653002.0
16000.0 2.0 0.0 82.0 61179050.0 4334902.0 0.0 60220000.0 675.0 2.0 1000.0 54926048.0
16100.0 2.0 2.0 87.0 58698817.0 4332282.0 0.0 60220000.0 724.0 2.0 1000.0 57408901.0
16200.0 4.0 3.0 96.0 56049295.0 4323838.0 0.0 60220000.0 790.0 2.0 1000.0 60066867.0
16300.0 3.0 0.0 108.0 53091125.0 4238975.0 0.0 60220000.0 873.0 2.0 1000.0 63109900.0
16400.0 1.0 2.0 116.0 49907777.0 4096771.0 0.0 60220000.0 922.0 2.0 1000.0 66435452.0
16500.0 1.0 1.0 117.0 46627458.0 3937400.0 0.0 60220000.0 937.0 2.0 1000.0 69875142.0
16600.0 1.0 0.0 120.0 43253633.0 3832256.0 0.0 60220000.0 964.0 2.0 1000.0 73354111.0
16700.0 1.0 2.0 116.0 39852727.0 3802967.0 0.0 60220000.0 962.0 2.0 1000.0 76784306.0
16800.0 2.0 1.0 119.0 36423119.0 3754970.0 0.0 60220000.0 990.0 2.0 1000.0 80261911.0
16900.0 0.0 3.0 118.0 32898860.0 3776258.0 0.0 60220000.0 995.0 2.0 1000.0 83764882.0
17000.0 0.0 3.0 114.0 29411832.0 3869917.0 0.0 60220000.0 981.0 2.0 1000.0 87158251.0
17100.0 2.0 2.0 117.0 25961184.0 3947303.0 0.0 60220000.0 987.0 2.0 1000.0 90531513.0
17200.0 1.0 0.0 125.0 22382201.0 3959884.0 0.0 60220000.0 1037.0 2.0 1000.0 94097915.0
17300.0 0.0 3.0 124.0 18744843.0 3918423.0 0.0 60220000.0 1027.0 2.0 1000.0 97776734.0
17400.0 1.0 2.0 123.0 15152967.0 3899716.0 0.0 60220000.0 1027.0 2.0 1000.0 101387317.0
17500.0 2.0 3.0 127.0 11539963.0 3847120.0 0.0 60220000.0 1038.0 2.0 1000.0 105052917.0
17600.0 2.0 2.0 134.0 7848129.0 3706859.0 0.0 60220000.0 1084.0 2.0 1000.0 108885012.0
17700.0 2.0 0.0 141.0 4032535.0 3505889.0 0.0 60220000.0 1136.0 2.0 1000.0 112901576.0
17800.0 0.0 3.0 141.0 335185.0 3037520.0 0.0 60220000.0 1159.0 2.0 1000.0 117067295.0
17900.0 0.0 3.0 139.0 10.0 129.0 0.0 60220000.0 1144.0 2.0 1000.0 120439861.0
18000.0 0.0 3.0 135.0 0.0 0.0 0.0 60220000.0 1115.0 2.0 1000.0 120440000.0
18100.0 0.0 3.0 132.0 0.0 0.0 0.0 60220000.0 1091.0 2.0 1000.0 120440000.0
18200.0 0.0 3.0 130.0 0.0 0.0 0.0 60220000.0 1074.0 2.0 1000.0 120440000.0
18300.0 0.0 3.0 124.0 0.0 0.0 0.0 60220000.0 1053.0 2.0 1000.0 120440000.0
18400.0 0.0 3.0 120.0 0.0 0.0 0.0 60220000.0 1037.0 2.0 1000.0 120440000.0
18500.0 0.0 3.0 118.0 0.0 0.0 0.0 60220000.0 1025.0 2.0 1000.0 120440000.0
18600.0 0.0 3.0 116.0 0.0 0.0 0.0 60220000.0 1012.0 2.0 1000.0 120440000.0
18700.0 0.0 3.0 115.0 0.0 0.0 0.0 60220000.0 995.0 2.0 1000.0 120440000.0
18800.0 0.0 3.0 113.0 0.0 0.0 0.0 60220000.0 976.0 2.0 1000.0 120440000.0
18900.0 0.0 3.0 111.0 0.0 0.0 0.0 60220000.0 959.0 2.0 1000.0 120440000.0
19000.0 0.0 3.0 110.0 0.0 0.0 0.0 60220000.0 944.0 2.0 1000.0 120440000.0
19100.0 0.0 3.0 108.0 0.0 0.0 0.0 60220000.0 931.0 2.0 1000.0 120440000.0
19200.0 0.0 3.0 106.0 0.0 0.0 0.0 60220000.0 917.0 2.0 1000.0 120440000.0
19300.0 0.0 3.0 106.0 0.0 0.0 0.0 60220000.0 903.0 2.0 1000.0 120440000.0
19400.0 0.0 3.0 104.0 0.0 0.0 0.0 60220000.0 881.0 2.0 1000.0 120440000.0
19500.0 0.0 3.0 101.0 0.0 0.0 0.0 60220000.0 872.0 2.0 1000.0 120440000.0
19600.0 0.0 3.0 100.0 0.0 0.0 0.0 60220000.0 862.0 2.0 1000.0 120440000.0
19700.0 0.0 3.0 100.0 0.0 0.0 0.0 60220000.0 843.0 2.0 1000.0 120440000.0
19800.0 0.0 3.0 99.0 0.0 0.0 0.0 60220000.0 829.0 2.0 1000.0 120440000.0
19900.0 0.0 3.0 98.0 0.0 0.0 0.0 60220000.0 816.0 2.0 1000.0 120440000.0
