time rna_M monomer_betaGal protein_betaGal Lactose_external Lactose_internal Glucose_external Glucose_internal protein_Lactose_Permease dna_Lac_Operon Biomass Lactose_consumed
0.0 0.0 0.0 0.0 120440000.0 0.0 60220000.0 0.0 0.0 2.0 1000.0 0.0
100.0 1.0 3.0 1.0 120436648.0 3232.0 30125282.0 30094718.0 7.0 2.0 1000.0 120.0
200.0 0.0 1.0 4.0 120373251.0 47211.0 80033.0 60139967.0 37.0 2.0 1000.0 19538.0
300.0 0.0 1.0 4.0 120241347.0 119771.0 0.0 60220000.0 37.0 2.0 1000.0 78882.0
400.0 0.0 1.0 4.0 120109337.0 175338.0 0.0 60220000.0 37.0 2.0 1000.0 155325.0
500.0 0.0 1.0 4.0 119978201.0 222156.0 0.0 60220000.0 36.0 2.0 1000.0 239643.0
600.0 0.0 1.0 4.0 119850563.0 260714.0 0.0 60220000.0 35.0 2.0 1000.0 328723.0
700.0 0.0 1.0 3.0 119725831.0 315004.0 0.0 60220000.0 35.0 2.0 1000.0 399165.0
800.0 0.0 1.0 3.0 119603344.0 365041.0 0.0 60220000.0 34.0 2.0 1000.0 471615.0
900.0 0.0 1.0 3.0 119481916.0 412540.0 0.0 60220000.0 34.0 2.0 1000.0 545544.0
1000.0 0.0 1.0 3.0 119360339.0 458708.0 0.0 60220000.0 34.0 2.0 1000.0 620953.0
1100.0 0.0 1.0 3.0 119237983.0 504287.0 0.0 60220000.0 34.0 2.0 1000.0 697730.0
1200.0 0.0 1.0 3.0 119116679.0 548166.0 0.0 60220000.0 34.0 2.0 1000.0 775155.0
1300.0 0.0 1.0 3.0 118995376.0 591127.0 0.0 60220000.0 34.0 2.0 1000.0 853497.0
1400.0 0.0 1.0 3.0 118874316.0 633331.0 0.0 60220000.0 34.0 2.0 1000.0 932353.0
1500.0 0.0 1.0 3.0 118752930.0 674841.0 0.0 60220000.0 34.0 2.0 1000.0 1012229.0
1600.0 0.0 1.0 3.0 118632678.0 714595.0 0.0 60220000.0 33.0 2.0 1000.0 1092727.0
1700.0 0.0 1.0 3.0 118515336.0 751353.0 0.0 60220000.0 33.0 2.0 1000.0 1173311.0
1800.0 0.0 1.0 3.0 118397489.0 787920.0 0.0 60220000.0 33.0 2.0 1000.0 1254591.0
1900.0 0.0 1.0 3.0 118280561.0 823755.0 0.0 60220000.0 33.0 2.0 1000.0 1335684.0
2000.0 0.0 1.0 2.0 118162876.0 877552.0 0.0 60220000.0 33.0 2.0 1000.0 1399572.0
2100.0 0.0 1.0 2.0 118047710.0 937816.0 0.0 60220000.0 32.0 2.0 1000.0 1454474.0
2200.0 0.0 1.0 2.0 117933740.0 997194.0 0.0 60220000.0 32.0 2.0 1000.0 1509066.0
2300.0 0.0 1.0 2.0 117819178.0 1056302.0 0.0 60220000.0 32.0 2.0 1000.0 1564520.0
2400.0 0.0 1.0 2.0 117706077.0 1114112.0 0.0 60220000.0 31.0 2.0 1000.0 1619811.0
2500.0 0.0 1.0 2.0 117601137.0 1163291.0 0.0 60220000.0 29.0 2.0 1000.0 1675572.0
2600.0 0.0 1.0 2.0 117503758.0 1204507.0 0.0 60220000.0 27.0 2.0 1000.0 1731735.0
2700.0 0.0 1.0 2.0 117408415.0 1243498.0 0.0 60220000.0 26.0 2.0 1000.0 1788087.0
2800.0 0.0 1.0 2.0 117315913.0 1279629.0 0.0 60220000.0 26.0 2.0 1000.0 1844458.0
2900.0 0.0 1.0 2.0 117223485.0 1315993.0 0.0 60220000.0 26.0 2.0 1000.0 1900522.0
3000.0 0.0 1.0 2.0 117130943.0 1351626.0 0.0 60220000.0 26.0 2.0 1000.0 1957431.0
3100.0 1.0 2.0 5.0 116998184.0 1394198.0 0.0 60220000.0 52.0 2.0 1000.0 2047618.0
3200.0 0.0 0.0 7.0 116781386.0 1424460.0 0.0 60220000.0 63.0 2.0 1000.0 2234154.0
3300.0 0.0 0.0 7.0 116557918.0 1449953.0 0.0 60220000.0 62.0 2.0 1000.0 2432129.0
3400.0 0.0 0.0 7.0 116339753.0 1469435.0 0.0 60220000.0 61.0 2.0 1000.0 2630812.0
3500.0 0.0 0.0 7.0 116124856.0 1485584.0 0.0 60220000.0 60.0 2.0 1000.0 2829560.0
3600.0 0.0 0.0 7.0 115916594.0 1494630.0 0.0 60220000.0 58.0 2.0 1000.0 3028776.0
3700.0 0.0 0.0 7.0 115710047.0 1502002.0 0.0 60220000.0 58.0 2.0 1000.0 3227951.0
3800.0 0.0 0.0 7.0 115503899.0 1509498.0 0.0 60220000.0 58.0 2.0 1000.0 3426603.0
3900.0 0.0 0.0 7.0 115297333.0 1516626.0 0.0 60220000.0 58.0 2.0 1000.0 3626041.0
4000.0 0.0 0.0 7.0 115093324.0 1521395.0 0.0 60220000.0 57.0 2.0 1000.0 3825281.0
4100.0 0.0 2.0 9.0 114865594.0 1530158.0 0.0 60220000.0 73.0 2.0 1000.0 4044248.0
4200.0 0.0 2.0 9.0 114609085.0 1530381.0 0.0 60220000.0 72.0 2.0 1000.0 4300534.0
4300.0 0.0 2.0 9.0 114358903.0 1525110.0 0.0 60220000.0 68.0 2.0 1000.0 4555987.0
4400.0 0.0 2.0 9.0 114118037.0 1509608.0 0.0 60220000.0 67.0 2.0 1000.0 4812355.0
4500.0 0.0 2.0 9.0 113883428.0 1488253.0 0.0 60220000.0 65.0 2.0 1000.0 5068319.0
4600.0 0.0 2.0 9.0 113655115.0 1461260.0 0.0 60220000.0 64.0 2.0 1000.0 5323625.0
4700.0 0.0 2.0 9.0 113427885.0 1433490.0 0.0 60220000.0 64.0 2.0 1000.0 5578625.0
4800.0 0.0 2.0 9.0 113200569.0 1406522.0 0.0 60220000.0 63.0 2.0 1000.0 5832909.0
4900.0 0.0 2.0 9.0 112976153.0 1376398.0 0.0 60220000.0 63.0 2.0 1000.0 6087449.0
5000.0 0.0 2.0 9.0 112754427.0 1344628.0 0.0 60220000.0 62.0 2.0 1000.0 6340945.0
5100.0 0.0 2.0 9.0 112533898.0 1310998.0 0.0 60220000.0 62.0 2.0 1000.0 6595104.0
5200.0 0.0 2.0 9.0 112313994.0 1277903.0 0.0 60220000.0 61.0 2.0 1000.0 6848103.0
5300.0 0.0 2.0 9.0 112096898.0 1241773.0 0.0 60220000.0 61.0 2.0 1000.0 7101329.0
5400.0 0.0 2.0 9.0 111879386.0 1205456.0 0.0 60220000.0 61.0 2.0 1000.0 7355158.0
5500.0 0.0 2.0 9.0 111662782.0 1169780.0 0.0 60220000.0 61.0 2.0 1000.0 7607438.0
5600.0 0.0 2.0 9.0 111445836.0 1135641.0 0.0 60220000.0 60.0 2.0 1000.0 7858523.0
5700.0 0.0 2.0 9.0 111234712.0 1095659.0 0.0 60220000.0 57.0 2.0 1000.0 8109629.0
5800.0 0.0 2.0 9.0 111032277.0 1047966.0 0.0 60220000.0 57.0 2.0 1000.0 8359757.0
5900.0 0.0 2.0 9.0 110834505.0 995553.0 0.0 60220000.0 54.0 2.0 1000.0 8609942.0
6000.0 0.0 2.0 9.0 110643550.0 937352.0 0.0 60220000.0 53.0 2.0 1000.0 8859098.0
6100.0 0.0 2.0 9.0 110460806.0 873148.0 0.0 60220000.0 51.0 2.0 1000.0 9106046.0
6200.0 0.0 2.0 9.0 110279413.0 809578.0 0.0 60220000.0 50.0 2.0 1000.0 9351009.0
6300.0 0.0 2.0 9.0 110100736.0 744300.0 0.0 60220000.0 50.0 2.0 1000.0 9594964.0
6400.0 0.0 2.0 9.0 109922606.0 680519.0 0.0 60220000.0 49.0 2.0 1000.0 9836875.0
6500.0 0.0 2.0 9.0 109747649.0 617082.0 0.0 60220000.0 49.0 2.0 1000.0 10075269.0
6600.0 0.0 2.0 9.0 109572523.0 556289.0 0.0 60220000.0 49.0 2.0 1000.0 10311188.0
6700.0 0.0 2.0 9.0 109400636.0 494823.0 0.0 60220000.0 47.0 2.0 1000.0 10544541.0
6800.0 0.0 2.0 9.0 109232723.0 434644.0 0.0 60220000.0 47.0 2.0 1000.0 10772633.0
6900.0 0.0 2.0 9.0 109068703.0 375578.0 0.0 60220000.0 45.0 2.0 1000.0 10995719.0
7000.0 0.0 2.0 9.0 108907948.0 319088.0 0.0 60220000.0 45.0 2.0 1000.0 11212964.0
7100.0 1.0 3.0 10.0 108745350.0 268729.0 0.0 60220000.0 49.0 2.0 1000.0 11425921.0
7200.0 1.0 0.0 15.0 108490884.0 238032.0 0.0 60220000.0 90.0 2.0 1000.0 11711084.0
7300.0 1.0 2.0 19.0 108121920.0 239272.0 0.0 60220000.0 117.0 2.0 1000.0 12078808.0
7400.0 1.0 3.0 22.0 107648378.0 248365.0 0.0 60220000.0 151.0 2.0 1000.0 12543257.0
7500.0 0.0 3.0 22.0 107062474.0 316738.0 0.0 60220000.0 167.0 2.0 1000.0 13060788.0
7600.0 0.0 3.0 22.0 106465636.0 382139.0 0.0 60220000.0 167.0 2.0 1000.0 13592225.0
7700.0 0.0 3.0 22.0 105869605.0 431060.0 0.0 60220000.0 167.0 2.0 1000.0 14139335.0
7800.0 0.0 3.0 22.0 105277536.0 467116.0 0.0 60220000.0 164.0 2.0 1000.0 14695348.0
7900.0 0.0 3.0 21.0 104704348.0 497043.0 0.0 60220000.0 160.0 2.0 1000.0 15238609.0
8000.0 0.0 3.0 21.0 104137180.0 523887.0 0.0 60220000.0 158.0 2.0 1000.0 15778933.0
8100.0 0.0 3.0 21.0 103578661.0 537132.0 0.0 60220000.0 155.0 2.0 1000.0 16324207.0
8200.0 0.0 3.0 21.0 103034642.0 536428.0 0.0 60220000.0 151.0 2.0 1000.0 16868930.0
8300.0 0.0 3.0 21.0 102504156.0 524411.0 0.0 60220000.0 145.0 2.0 1000.0 17411433.0
8400.0 0.0 3.0 21.0 101996436.0 492761.0 0.0 60220000.0 141.0 2.0 1000.0 17950803.0
8500.0 0.0 3.0 20.0 101502304.0 465687.0 0.0 60220000.0 137.0 2.0 1000.0 18472009.0
8600.0 0.0 3.0 19.0 101021487.0 441360.0 0.0 60220000.0 132.0 2.0 1000.0 18977153.0
8700.0 0.0 3.0 19.0 100552423.0 431316.0 0.0 60220000.0 131.0 2.0 1000.0 19456261.0
8800.0 0.0 3.0 19.0 100086003.0 420913.0 0.0 60220000.0 130.0 2.0 1000.0 19933084.0
8900.0 0.0 3.0 19.0 99633898.0 401052.0 0.0 60220000.0 125.0 2.0 1000.0 20405050.0
9000.0 0.0 3.0 19.0 99188493.0 378199.0 0.0 60220000.0 124.0 2.0 1000.0 20873308.0
9100.0 0.0 3.0 19.0 98747903.0 356307.0 0.0 60220000.0 123.0 2.0 1000.0 21335790.0
9200.0 0.0 3.0 19.0 98316141.0 331768.0 0.0 60220000.0 121.0 2.0 1000.0 21792091.0
9300.0 0.0 3.0 19.0 97891401.0 306227.0 0.0 60220000.0 117.0 2.0 1000.0 22242372.0
9400.0 0.0 3.0 17.0 97478017.0 298611.0 0.0 60220000.0 115.0 2.0 1000.0 22663372.0
9500.0 0.0 3.0 17.0 97068416.0 308238.0 0.0 60220000.0 114.0 2.0 1000.0 23063346.0
9600.0 0.0 3.0 16.0 96664052.0 326050.0 0.0 60220000.0 113.0 2.0 1000.0 23449898.0
9700.0 0.0 3.0 16.0 96263041.0 342975.0 0.0 60220000.0 112.0 2.0 1000.0 23833984.0
9800.0 0.0 3.0 15.0 95865541.0 359357.0 0.0 60220000.0 111.0 2.0 1000.0 24215102.0
9900.0 0.0 3.0 14.0 95469774.0 401937.0 0.0 60220000.0 111.0 2.0 1000.0 24568289.0
10000.0 0.0 3.0 14.0 95080665.0 441516.0 0.0 60220000.0 108.0 2.0 1000.0 24917819.0
10100.0 0.0 3.0 14.0 94697048.0 470261.0 0.0 60220000.0 106.0 2.0 1000.0 25272691.0
10200.0 0.0 3.0 14.0 94322914.0 486869.0 0.0 60220000.0 104.0 2.0 1000.0 25630217.0
10300.0 0.0 3.0 14.0 93953256.0 498929.0 0.0 60220000.0 103.0 2.0 1000.0 25987815.0
10400.0 0.0 3.0 14.0 93586371.0 507670.0 0.0 60220000.0 102.0 2.0 1000.0 26345959.0
10500.0 0.0 3.0 14.0 93222768.0 509779.0 0.0 60220000.0 102.0 2.0 1000.0 26707453.0
10600.0 0.0 3.0 14.0 92860328.0 511115.0 0.0 60220000.0 101.0 2.0 1000.0 27068557.0
10700.0 0.0 3.0 14.0 92502186.0 508006.0 0.0 60220000.0 100.0 2.0 1000.0 27429808.0
10800.0 0.0 3.0 14.0 92155052.0 495124.0 0.0 60220000.0 95.0 2.0 1000.0 27789824.0
10900.0 0.0 3.0 14.0 91817216.0 475732.0 0.0 60220000.0 94.0 2.0 1000.0 28147052.0
11000.0 0.0 3.0 14.0 91482632.0 454499.0 0.0 60220000.0 92.0 2.0 1000.0 28502869.0
11100.0 0.0 3.0 13.0 91157718.0 439422.0 0.0 60220000.0 91.0 2.0 1000.0 28842860.0
11200.0 0.0 3.0 13.0 90837396.0 432428.0 0.0 60220000.0 89.0 2.0 1000.0 29170176.0
11300.0 0.0 3.0 13.0 90524504.0 419921.0 0.0 60220000.0 87.0 2.0 1000.0 29495575.0
11400.0 0.0 3.0 13.0 90220425.0 400491.0 0.0 60220000.0 85.0 2.0 1000.0 29819084.0
11500.0 0.0 3.0 13.0 89927322.0 374060.0 0.0 60220000.0 81.0 2.0 1000.0 30138618.0
11600.0 0.0 3.0 13.0 89638458.0 346017.0 0.0 60220000.0 81.0 2.0 1000.0 30455525.0
11700.0 0.0 3.0 13.0 89351327.0 321391.0 0.0 60220000.0 80.0 2.0 1000.0 30767282.0
11800.0 0.0 3.0 13.0 89068660.0 298035.0 0.0 60220000.0 79.0 2.0 1000.0 31073305.0
11900.0 0.0 3.0 13.0 88793145.0 272271.0 0.0 60220000.0 75.0 2.0 1000.0 31374584.0
12000.0 0.0 3.0 13.0 88528031.0 242934.0 0.0 60220000.0 74.0 2.0 1000.0 31669035.0
12100.0 0.0 3.0 12.0 88264840.0 232741.0 0.0 60220000.0 73.0 2.0 1000.0 31942419.0
12200.0 0.0 3.0 12.0 88004061.0 229748.0 0.0 60220000.0 73.0 2.0 1000.0 32206191.0
12300.0 0.0 3.0 12.0 87753700.0 218410.0 0.0 60220000.0 68.0 2.0 1000.0 32467890.0
12400.0 0.0 3.0 12.0 87510340.0 203795.0 0.0 60220000.0 68.0 2.0 1000.0 32725865.0
12500.0 0.0 3.0 11.0 87267704.0 203777.0 0.0 60220000.0 68.0 2.0 1000.0 32968519.0
12600.0 0.0 3.0 11.0 87027190.0 209633.0 0.0 60220000.0 67.0 2.0 1000.0 33203177.0
12700.0 0.0 3.0 11.0 86790126.0 210598.0 0.0 60220000.0 66.0 2.0 1000.0 33439276.0
12800.0 0.0 3.0 10.0 86557054.0 208032.0 0.0 60220000.0 64.0 2.0 1000.0 33674914.0
12900.0 0.0 3.0 10.0 86333792.0 215937.0 0.0 60220000.0 61.0 2.0 1000.0 33890271.0
13000.0 0.0 3.0 10.0 86120299.0 214509.0 0.0 60220000.0 59.0 2.0 1000.0 34105192.0
13100.0 0.0 3.0 10.0 85909743.0 210669.0 0.0 60220000.0 59.0 2.0 1000.0 34319588.0
13200.0 0.0 3.0 10.0 85699110.0 207532.0 0.0 60220000.0 59.0 2.0 1000.0 34533358.0
13300.0 0.0 3.0 9.0 85489042.0 206014.0 0.0 60220000.0 59.0 2.0 1000.0 34744944.0
13400.0 0.0 3.0 8.0 85278479.0 224188.0 0.0 60220000.0 59.0 2.0 1000.0 34937333.0
13500.0 0.0 3.0 8.0 85071211.0 254008.0 0.0 60220000.0 58.0 2.0 1000.0 35114781.0
13600.0 0.0 3.0 8.0 84864322.0 279165.0 0.0 60220000.0 58.0 2.0 1000.0 35296513.0
13700.0 0.0 3.0 8.0 84661715.0 296219.0 0.0 60220000.0 56.0 2.0 1000.0 35482066.0
13800.0 0.0 3.0 8.0 84465044.0 305027.0 0.0 60220000.0 55.0 2.0 1000.0 35669929.0
13900.0 0.0 3.0 8.0 84270856.0 311053.0 0.0 60220000.0 54.0 2.0 1000.0 35858091.0
14000.0 0.0 3.0 8.0 84078439.0 314198.0 0.0 60220000.0 54.0 2.0 1000.0 36047363.0
14100.0 0.0 3.0 7.0 83888997.0 331498.0 0.0 60220000.0 53.0 2.0 1000.0 36219505.0
14200.0 0.0 3.0 7.0 83703985.0 348365.0 0.0 60220000.0 51.0 2.0 1000.0 36387650.0
14300.0 0.0 3.0 6.0 83522565.0 380397.0 0.0 60220000.0 51.0 2.0 1000.0 36537038.0
14400.0 0.0 3.0 6.0 83343671.0 410817.0 0.0 60220000.0 49.0 2.0 1000.0 36685512.0
14500.0 0.0 3.0 6.0 83169479.0 435129.0 0.0 60220000.0 49.0 2.0 1000.0 36835392.0
14600.0 0.0 3.0 6.0 82996735.0 456880.0 0.0 60220000.0 47.0 2.0 1000.0 36986385.0
14700.0 0.0 3.0 6.0 82835202.0 466332.0 0.0 60220000.0 45.0 2.0 1000.0 37138466.0
14800.0 0.0 3.0 5.0 82673808.0 482597.0 0.0 60220000.0 45.0 2.0 1000.0 37283595.0
14900.0 0.0 3.0 5.0 82513457.0 513801.0 0.0 60220000.0 45.0 2.0 1000.0 37412742.0
15000.0 0.0 3.0 5.0 82358402.0 539213.0 0.0 60220000.0 42.0 2.0 1000.0 37542385.0
15100.0 0.0 3.0 5.0 82209046.0 558572.0 0.0 60220000.0 41.0 2.0 1000.0 37672382.0
15200.0 0.0 3.0 5.0 82063350.0 573904.0 0.0 60220000.0 41.0 2.0 1000.0 37802746.0
15300.0 0.0 3.0 5.0 81917519.0 588546.0 0.0 60220000.0 41.0 2.0 1000.0 37933935.0
15400.0 0.0 3.0 5.0 81772331.0 602264.0 0.0 60220000.0 40.0 2.0 1000.0 38065405.0
15500.0 0.0 3.0 4.0 81629656.0 628941.0 0.0 60220000.0 40.0 2.0 1000.0 38181403.0
15600.0 0.0 3.0 4.0 81488493.0 664189.0 0.0 60220000.0 39.0 2.0 1000.0 38287318.0
15700.0 0.0 3.0 4.0 81349089.0 696775.0 0.0 60220000.0 39.0 2.0 1000.0 38394136.0
15800.0 0.0 3.0 3.0 81209635.0 735246.0 0.0 60220000.0 39.0 2.0 1000.0 38495119.0
15900.0 0.0 3.0 3.0 81071132.0 792233.0 0.0 60220000.0 38.0 2.0 1000.0 38576635.0
16000.0 0.0 0.0 4.0 80923335.0 834902.0 0.0 60220000.0 42.0 2.0 1000.0 38681763.0
16100.0 0.0 0.0 4.0 80775459.0 873825.0 0.0 60220000.0 41.0 2.0 1000.0 38790716.0
16200.0 0.0 0.0 4.0 80629051.0 910424.0 0.0 60220000.0 41.0 2.0 1000.0 38900525.0
16300.0 0.0 0.0 4.0 80483248.0 947181.0 0.0 60220000.0 41.0 2.0 1000.0 39009571.0
16400.0 0.0 0.0 3.0 80337160.0 1000331.0 0.0 60220000.0 41.0 2.0 1000.0 39102509.0
16500.0 0.0 0.0 3.0 80196666.0 1057457.0 0.0 60220000.0 39.0 2.0 1000.0 39185877.0
16600.0 0.0 0.0 3.0 80057974.0 1112880.0 0.0 60220000.0 39.0 2.0 1000.0 39269146.0
16700.0 1.0 2.0 4.0 79913887.0 1169545.0 0.0 60220000.0 49.0 2.0 1000.0 39356568.0
16800.0 1.0 2.0 7.0 79686570.0 1233221.0 0.0 60220000.0 79.0 2.0 1000.0 39520209.0
16900.0 0.0 0.0 8.0 79397134.0 1298973.0 0.0 60220000.0 81.0 2.0 1000.0 39743893.0
17000.0 0.0 0.0 8.0 79109390.0 1360539.0 0.0 60220000.0 81.0 2.0 1000.0 39970071.0
17100.0 0.0 0.0 8.0 78820043.0 1424035.0 0.0 60220000.0 81.0 2.0 1000.0 40195922.0
17200.0 0.0 0.0 8.0 78536804.0 1480894.0 0.0 60220000.0 79.0 2.0 1000.0 40422302.0
17300.0 0.0 0.0 8.0 78255214.0 1535267.0 0.0 60220000.0 79.0 2.0 1000.0 40649519.0
17400.0 0.0 0.0 7.0 77974119.0 1606318.0 0.0 60220000.0 79.0 2.0 1000.0 40859563.0
17500.0 0.0 2.0 7.0 77695262.0 1685292.0 0.0 60220000.0 80.0 2.0 1000.0 41059446.0
17600.0 0.0 2.0 7.0 77411035.0 1769455.0 0.0 60220000.0 80.0 2.0 1000.0 41259510.0
17700.0 0.0 2.0 7.0 77129168.0 1850204.0 0.0 60220000.0 79.0 2.0 1000.0 41460628.0
17800.0 0.0 2.0 7.0 76855187.0 1923706.0 0.0 60220000.0 77.0 2.0 1000.0 41661107.0
17900.0 0.0 2.0 7.0 76587356.0 1990134.0 0.0 60220000.0 75.0 2.0 1000.0 41862510.0
18000.0 0.0 2.0 7.0 76321143.0 2054248.0 0.0 60220000.0 75.0 2.0 1000.0 42064609.0
18100.0 0.0 2.0 7.0 76058063.0 2114649.0 0.0 60220000.0 74.0 2.0 1000.0 42267288.0
18200.0 0.0 2.0 6.0 75796401.0 2190749.0 0.0 60220000.0 72.0 2.0 1000.0 42452850.0
18300.0 0.0 2.0 6.0 75542966.0 2271302.0 0.0 60220000.0 71.0 2.0 1000.0 42625732.0
18400.0 0.0 2.0 6.0 75294972.0 2345466.0 0.0 60220000.0 69.0 2.0 1000.0 42799562.0
18500.0 0.0 2.0 6.0 75051054.0 2415297.0 0.0 60220000.0 68.0 2.0 1000.0 42973649.0
18600.0 0.0 2.0 6.0 74813951.0 2478689.0 0.0 60220000.0 67.0 2.0 1000.0 43147360.0
18700.0 0.0 2.0 6.0 74576811.0 2541135.0 0.0 60220000.0 67.0 2.0 1000.0 43322054.0
18800.0 0.0 2.0 6.0 74341545.0 2602370.0 0.0 60220000.0 66.0 2.0 1000.0 43496085.0
18900.0 0.0 2.0 6.0 74108515.0 2661295.0 0.0 60220000.0 64.0 2.0 1000.0 43670190.0
19000.0 0.0 2.0 6.0 73881919.0 2713309.0 0.0 60220000.0 64.0 2.0 1000.0 43844772.0
19100.0 0.0 2.0 6.0 73655583.0 2765226.0 0.0 60220000.0 64.0 2.0 1000.0 44019191.0
19200.0 0.0 2.0 6.0 73428927.0 2817158.0 0.0 60220000.0 63.0 2.0 1000.0 44193915.0
19300.0 0.0 2.0 6.0 73204574.0 2866580.0 0.0 60220000.0 63.0 2.0 1000.0 44368846.0
19400.0 0.0 2.0 6.0 72981923.0 2914159.0 0.0 60220000.0 62.0 2.0 1000.0 44543918.0
19500.0 0.0 3.0 6.0 72759443.0 2961665.0 0.0 60220000.0 62.0 2.0 1000.0 44718892.0
19600.0 0.0 3.0 6.0 72545701.0 3000528.0 0.0 60220000.0 59.0 2.0 1000.0 44893771.0
19700.0 0.0 1.0 7.0 72318573.0 3033324.0 0.0 60220000.0 69.0 2.0 1000.0 45088103.0
19800.0 0.0 1.0 7.0 72077711.0 3069394.0 0.0 60220000.0 67.0 2.0 1000.0 45292895.0
19900.0 0.0 1.0 7.0 71842032.0 3100642.0 0.0 60220000.0 66.0 2.0 1000.0 45497326.0
