time rna_M monomer_betaGal protein_betaGal Lactose_external Lactose_internal Glucose_external Glucose_internal protein_Lactose_Permease dna_Lac_Operon Biomass Lactose_consumed
0.0 0.0 0.0 0.0 120440000.0 0.0 60220000.0 0.0 0.0 2.0 1000.0 0.0
100.0 0.0 0.0 0.0 120440000.0 0.0 30123788.0 30096212.0 0.0 2.0 1000.0 0.0
200.0 0.0 0.0 0.0 120440000.0 0.0 64099.0 60155901.0 0.0 2.0 1000.0 0.0
300.0 0.0 0.0 0.0 120440000.0 0.0 0.0 60220000.0 0.0 2.0 1000.0 0.0
400.0 0.0 0.0 0.0 120440000.0 0.0 0.0 60220000.0 0.0 2.0 1000.0 0.0
500.0 0.0 0.0 0.0 120440000.0 0.0 0.0 60220000.0 0.0 2.0 1000.0 0.0
600.0 0.0 0.0 0.0 120440000.0 0.0 0.0 60220000.0 0.0 2.0 1000.0 0.0
700.0 0.0 0.0 0.0 120440000.0 0.0 0.0 60220000.0 0.0 2.0 1000.0 0.0
800.0 0.0 0.0 0.0 120440000.0 0.0 0.0 60220000.0 0.0 2.0 1000.0 0.0
900.0 0.0 0.0 0.0 120440000.0 0.0 0.0 60220000.0 0.0 2.0 1000.0 0.0
1000.0 0.0 0.0 0.0 120440000.0 0.0 0.0 60220000.0 0.0 2.0 1000.0 0.0
1100.0 0.0 0.0 0.0 120440000.0 0.0 0.0 60220000.0 0.0 2.0 1000.0 0.0
1200.0 0.0 0.0 0.0 120440000.0 0.0 0.0 60220000.0 0.0 2.0 1000.0 0.0
1300.0 0.0 0.0 0.0 120440000.0 0.0 0.0 60220000.0 0.0 2.0 1000.0 0.0
1400.0 0.0 0.0 0.0 120440000.0 0.0 0.0 60220000.0 0.0 2.0 1000.0 0.0
1500.0 0.0 0.0 0.0 120440000.0 0.0 0.0 60220000.0 0.0 2.0 1000.0 0.0
1600.0 0.0 0.0 0.0 120440000.0 0.0 0.0 60220000.0 0.0 2.0 1000.0 0.0
1700.0 0.0 0.0 0.0 120440000.0 0.0 0.0 60220000.0 0.0 2.0 1000.0 0.0
1800.0 0.0 0.0 0.0 120440000.0 0.0 0.0 60220000.0 0.0 2.0 1000.0 0.0
1900.0 0.0 0.0 0.0 120440000.0 0.0 0.0 60220000.0 0.0 2.0 1000.0 0.0
2000.0 0.0 0.0 0.0 120440000.0 0.0 0.0 60220000.0 0.0 2.0 1000.0 0.0
2100.0 0.0 0.0 0.0 120440000.0 0.0 0.0 60220000.0 0.0 2.0 1000.0 0.0
2200.0 0.0 0.0 0.0 120440000.0 0.0 0.0 60220000.0 0.0 2.0 1000.0 0.0
2300.0 0.0 0.0 0.0 120440000.0 0.0 0.0 60220000.0 0.0 2.0 1000.0 0.0
2400.0 0.0 0.0 0.0 120440000.0 0.0 0.0 60220000.0 0.0 2.0 1000.0 0.0
2500.0 0.0 0.0 0.0 120440000.0 0.0 0.0 60220000.0 0.0 2.0 1000.0 0.0
2600.0 0.0 0.0 0.0 120440000.0 0.0 0.0 60220000.0 0.0 2.0 1000.0 0.0
2700.0 0.0 0.0 0.0 120440000.0 0.0 0.0 60220000.0 0.0 2.0 1000.0 0.0
2800.0 0.0 0.0 0.0 120440000.0 0.0 0.0 60220000.0 0.0 2.0 1000.0 0.0
2900.0 0.0 0.0 0.0 120440000.0 0.0 0.0 60220000.0 0.0 2.0 1000.0 0.0
3000.0 0.0 0.0 3.0 120397560.0 30329.0 0.0 60220000.0 14.0 2.0 1000.0 12111.0
3100.0 0.0 0.0 3.0 120347768.0 50652.0 0.0 60220000.0 14.0 2.0 1000.0 41580.0
3200.0 0.0 0.0 3.0 120300925.0 61270.0 0.0 60220000.0 13.0 2.0 1000.0 77805.0
3300.0 0.0 0.0 3.0 120257062.0 65798.0 0.0 60220000.0 12.0 2.0 1000.0 117140.0
3400.0 0.0 0.0 3.0 120213741.0 69387.0 0.0 60220000.0 12.0 2.0 1000.0 156872.0
3500.0 0.0 0.0 3.0 120170474.0 71517.0 0.0 60220000.0 12.0 2.0 1000.0 198009.0
3600.0 0.0 0.0 3.0 120127657.0 72762.0 0.0 60220000.0 12.0 2.0 1000.0 239581.0
3700.0 0.0 1.0 3.0 120082084.0 76243.0 0.0 60220000.0 14.0 2.0 1000.0 281673.0
3800.0 0.0 1.0 3.0 120032027.0 82230.0 0.0 60220000.0 14.0 2.0 1000.0 325743.0
3900.0 0.0 1.0 3.0 119981963.0 87304.0 0.0 60220000.0 14.0 2.0 1000.0 370733.0
4000.0 0.0 1.0 3.0 119931723.0 91233.0 0.0 60220000.0 14.0 2.0 1000.0 417044.0
4100.0 0.0 1.0 3.0 119881710.0 94083.0 0.0 60220000.0 14.0 2.0 1000.0 464207.0
4200.0 0.0 1.0 3.0 119831963.0 96215.0 0.0 60220000.0 14.0 2.0 1000.0 511822.0
4300.0 0.0 1.0 3.0 119784911.0 95569.0 0.0 60220000.0 13.0 2.0 1000.0 559520.0
4400.0 0.0 1.0 3.0 119738295.0 94299.0 0.0 60220000.0 13.0 2.0 1000.0 607406.0
4500.0 0.0 1.0 3.0 119692096.0 92946.0 0.0 60220000.0 13.0 2.0 1000.0 654958.0
4600.0 0.0 1.0 3.0 119645400.0 92798.0 0.0 60220000.0 13.0 2.0 1000.0 701802.0
4700.0 0.0 1.0 3.0 119598972.0 92128.0 0.0 60220000.0 13.0 2.0 1000.0 748900.0
4800.0 0.0 1.0 3.0 119552373.0 91823.0 0.0 60220000.0 13.0 2.0 1000.0 795804.0
4900.0 0.0 1.0 3.0 119506243.0 90855.0 0.0 60220000.0 13.0 2.0 1000.0 842902.0
5000.0 0.0 1.0 3.0 119459977.0 90515.0 0.0 60220000.0 13.0 2.0 1000.0 889508.0
5100.0 0.0 1.0 3.0 119413580.0 90497.0 0.0 60220000.0 13.0 2.0 1000.0 935923.0
5200.0 0.0 1.0 3.0 119366805.0 90751.0 0.0 60220000.0 13.0 2.0 1000.0 982444.0
5300.0 0.0 1.0 3.0 119320269.0 90446.0 0.0 60220000.0 13.0 2.0 1000.0 1029285.0
5400.0 0.0 1.0 3.0 119274145.0 90395.0 0.0 60220000.0 13.0 2.0 1000.0 1075460.0
5500.0 0.0 1.0 3.0 119228070.0 89682.0 0.0 60220000.0 13.0 2.0 1000.0 1122248.0
5600.0 0.0 1.0 3.0 119181972.0 89535.0 0.0 60220000.0 13.0 2.0 1000.0 1168493.0
5700.0 0.0 1.0 3.0 119135930.0 89079.0 0.0 60220000.0 13.0 2.0 1000.0 1214991.0
5800.0 0.0 1.0 3.0 119092694.0 86427.0 0.0 60220000.0 11.0 2.0 1000.0 1260879.0
5900.0 0.0 1.0 3.0 119053581.0 80634.0 0.0 60220000.0 11.0 2.0 1000.0 1305785.0
6000.0 0.0 1.0 3.0 119014257.0 76635.0 0.0 60220000.0 11.0 2.0 1000.0 1349108.0
6100.0 0.0 1.0 3.0 118975079.0 73477.0 0.0 60220000.0 11.0 2.0 1000.0 1391444.0
6200.0 0.0 1.0 3.0 118935754.0 71177.0 0.0 60220000.0 11.0 2.0 1000.0 1433069.0
6300.0 0.0 1.0 3.0 118895983.0 69770.0 0.0 60220000.0 11.0 2.0 1000.0 1474247.0
6400.0 0.0 1.0 3.0 118858709.0 66822.0 0.0 60220000.0 10.0 2.0 1000.0 1514469.0
6500.0 0.0 1.0 3.0 118822930.0 63346.0 0.0 60220000.0 10.0 2.0 1000.0 1553724.0
6600.0 0.0 1.0 2.0 118787341.0 61222.0 0.0 60220000.0 10.0 2.0 1000.0 1591437.0
6700.0 0.0 1.0 2.0 118755205.0 67280.0 0.0 60220000.0 9.0 2.0 1000.0 1617515.0
6800.0 0.0 1.0 2.0 118723171.0 72457.0 0.0 60220000.0 9.0 2.0 1000.0 1644372.0
6900.0 0.0 1.0 2.0 118691197.0 76175.0 0.0 60220000.0 9.0 2.0 1000.0 1672628.0
7000.0 0.0 1.0 2.0 118658794.0 79656.0 0.0 60220000.0 9.0 2.0 1000.0 1701550.0
7100.0 0.0 1.0 2.0 118626718.0 82172.0 0.0 60220000.0 9.0 2.0 1000.0 1731110.0
7200.0 0.0 1.0 2.0 118594651.0 84421.0 0.0 60220000.0 9.0 2.0 1000.0 1760928.0
7300.0 0.0 1.0 2.0 118562570.0 86278.0 0.0 60220000.0 9.0 2.0 1000.0 1791152.0
7400.0 0.0 1.0 2.0 118530394.0 87955.0 0.0 60220000.0 9.0 2.0 1000.0 1821651.0
7500.0 0.0 1.0 2.0 118498253.0 89271.0 0.0 60220000.0 9.0 2.0 1000.0 1852476.0
7600.0 1.0 1.0 4.0 118462747.0 91070.0 0.0 60220000.0 14.0 2.0 1000.0 1886183.0
7700.0 1.0 0.0 8.0 118354094.0 103720.0 0.0 60220000.0 45.0 2.0 1000.0 1982186.0
7800.0 1.0 3.0 11.0 118133862.0 150240.0 0.0 60220000.0 77.0 2.0 1000.0 2155898.0
7900.0 1.0 0.0 15.0 117803600.0 214900.0 0.0 60220000.0 107.0 2.0 1000.0 2421500.0
8000.0 0.0 3.0 15.0 117363284.0 304930.0 0.0 60220000.0 128.0 2.0 1000.0 2771786.0
8100.0 0.0 3.0 15.0 116910257.0 395373.0 0.0 60220000.0 125.0 2.0 1000.0 3134370.0
8200.0 0.0 3.0 15.0 116466150.0 463934.0 0.0 60220000.0 123.0 2.0 1000.0 3509916.0
8300.0 0.0 3.0 14.0 116030674.0 528540.0 0.0 60220000.0 120.0 2.0 1000.0 3880786.0
8400.0 0.0 3.0 14.0 115608828.0 585737.0 0.0 60220000.0 117.0 2.0 1000.0 4245435.0
8500.0 0.0 3.0 13.0 115193791.0 647750.0 0.0 60220000.0 114.0 2.0 1000.0 4598459.0
8600.0 0.0 3.0 13.0 114796846.0 697774.0 0.0 60220000.0 110.0 2.0 1000.0 4945380.0
8700.0 0.0 3.0 13.0 114410768.0 735081.0 0.0 60220000.0 108.0 2.0 1000.0 5294151.0
8800.0 0.0 3.0 13.0 114028769.0 766111.0 0.0 60220000.0 107.0 2.0 1000.0 5645120.0
8900.0 0.0 3.0 13.0 113647969.0 795225.0 0.0 60220000.0 107.0 2.0 1000.0 5996806.0
9000.0 0.0 3.0 12.0 113272616.0 835168.0 0.0 60220000.0 105.0 2.0 1000.0 6332216.0
9100.0 0.0 3.0 12.0 112905555.0 874076.0 0.0 60220000.0 102.0 2.0 1000.0 6660369.0
9200.0 0.0 3.0 12.0 112541653.0 909077.0 0.0 60220000.0 102.0 2.0 1000.0 6989270.0
9300.0 0.0 3.0 12.0 112184387.0 936618.0 0.0 60220000.0 98.0 2.0 1000.0 7318995.0
9400.0 0.0 3.0 12.0 111844308.0 946766.0 0.0 60220000.0 95.0 2.0 1000.0 7648926.0
9500.0 0.0 3.0 12.0 111506471.0 954401.0 0.0 60220000.0 94.0 2.0 1000.0 7979128.0
9600.0 1.0 3.0 14.0 111162424.0 947271.0 0.0 60220000.0 106.0 2.0 1000.0 8330305.0
9700.0 0.0 1.0 14.0 110736486.0 968881.0 0.0 60220000.0 125.0 2.0 1000.0 8734633.0
9800.0 0.0 1.0 13.0 110290698.0 1045310.0 0.0 60220000.0 124.0 2.0 1000.0 9103992.0
9900.0 0.0 1.0 13.0 109856737.0 1117209.0 0.0 60220000.0 121.0 2.0 1000.0 9466054.0
10000.0 0.0 1.0 13.0 109431968.0 1179442.0 0.0 60220000.0 117.0 2.0 1000.0 9828590.0
10100.0 0.0 1.0 13.0 109016029.0 1230432.0 0.0 60220000.0 117.0 2.0 1000.0 10193539.0
10200.0 0.0 1.0 13.0 108606993.0 1273888.0 0.0 60220000.0 113.0 2.0 1000.0 10559119.0
10300.0 0.0 1.0 12.0 108206406.0 1310396.0 0.0 60220000.0 112.0 2.0 1000.0 10923198.0
10400.0 0.0 1.0 12.0 107814369.0 1363630.0 0.0 60220000.0 110.0 2.0 1000.0 11262001.0
10500.0 0.0 1.0 12.0 107426482.0 1412083.0 0.0 60220000.0 108.0 2.0 1000.0 11601435.0
10600.0 0.0 1.0 12.0 107044342.0 1453794.0 0.0 60220000.0 107.0 2.0 1000.0 11941864.0
10700.0 0.0 1.0 11.0 106664800.0 1520712.0 0.0 60220000.0 106.0 2.0 1000.0 12254488.0
10800.0 0.0 1.0 11.0 106290701.0 1582315.0 0.0 60220000.0 103.0 2.0 1000.0 12566984.0
10900.0 0.0 1.0 11.0 105935506.0 1624028.0 0.0 60220000.0 99.0 2.0 1000.0 12880466.0
11000.0 0.0 1.0 11.0 105591897.0 1654068.0 0.0 60220000.0 93.0 2.0 1000.0 13194035.0
11100.0 0.0 1.0 11.0 105264886.0 1667037.0 0.0 60220000.0 91.0 2.0 1000.0 13508077.0
11200.0 0.0 1.0 11.0 104941514.0 1675597.0 0.0 60220000.0 91.0 2.0 1000.0 13822889.0
11300.0 0.0 1.0 11.0 104618706.0 1684833.0 0.0 60220000.0 90.0 2.0 1000.0 14136461.0
11400.0 0.0 1.0 11.0 104303067.0 1685735.0 0.0 60220000.0 88.0 2.0 1000.0 14451198.0
11500.0 0.0 1.0 11.0 103994626.0 1680648.0 0.0 60220000.0 86.0 2.0 1000.0 14764726.0
11600.0 0.0 1.0 11.0 103689725.0 1671283.0 0.0 60220000.0 85.0 2.0 1000.0 15078992.0
11700.0 2.0 3.0 15.0 103293556.0 1702578.0 0.0 60220000.0 147.0 2.0 1000.0 15443866.0
11800.0 0.0 2.0 17.0 102722108.0 1798305.0 0.0 60220000.0 162.0 2.0 1000.0 15919587.0
11900.0 0.0 2.0 17.0 102152552.0 1878904.0 0.0 60220000.0 158.0 2.0 1000.0 16408544.0
12000.0 0.0 2.0 17.0 101599858.0 1943461.0 0.0 60220000.0 155.0 2.0 1000.0 16896681.0
12100.0 0.0 2.0 17.0 101051969.0 2001275.0 0.0 60220000.0 152.0 2.0 1000.0 17386756.0
12200.0 2.0 3.0 20.0 100505602.0 2039137.0 0.0 60220000.0 169.0 2.0 1000.0 17895261.0
12300.0 2.0 0.0 31.0 99774935.0 2040070.0 0.0 60220000.0 239.0 2.0 1000.0 18624995.0
12400.0 0.0 3.0 33.0 98860322.0 2015002.0 0.0 60220000.0 262.0 2.0 1000.0 19564676.0
12500.0 0.0 3.0 33.0 97931231.0 1992221.0 0.0 60220000.0 261.0 2.0 1000.0 20516548.0
12600.0 1.0 2.0 36.0 96982185.0 1958926.0 0.0 60220000.0 281.0 2.0 1000.0 21498889.0
12700.0 0.0 3.0 36.0 95989428.0 1916096.0 0.0 60220000.0 276.0 2.0 1000.0 22534476.0
12800.0 0.0 3.0 36.0 95023058.0 1849013.0 0.0 60220000.0 268.0 2.0 1000.0 23567929.0
12900.0 0.0 3.0 35.0 94096820.0 1768917.0 0.0 60220000.0 258.0 2.0 1000.0 24574263.0
13000.0 0.0 3.0 35.0 93185349.0 1678675.0 0.0 60220000.0 255.0 2.0 1000.0 25575976.0
13100.0 0.0 3.0 34.0 92286302.0 1588570.0 0.0 60220000.0 250.0 2.0 1000.0 26565128.0
13200.0 0.0 3.0 34.0 91413556.0 1492343.0 0.0 60220000.0 243.0 2.0 1000.0 27534101.0
13300.0 0.0 3.0 33.0 90558355.0 1390818.0 0.0 60220000.0 237.0 2.0 1000.0 28490827.0
13400.0 0.0 3.0 33.0 89726068.0 1292445.0 0.0 60220000.0 233.0 2.0 1000.0 29421487.0
13500.0 0.0 3.0 33.0 88900135.0 1191232.0 0.0 60220000.0 232.0 2.0 1000.0 30348633.0
13600.0 0.0 3.0 33.0 88087736.0 1082582.0 0.0 60220000.0 225.0 2.0 1000.0 31269682.0
13700.0 0.0 3.0 33.0 87289254.0 965984.0 0.0 60220000.0 224.0 2.0 1000.0 32184762.0
13800.0 0.0 3.0 33.0 86499268.0 849547.0 0.0 60220000.0 220.0 2.0 1000.0 33091185.0
13900.0 0.0 3.0 33.0 85720703.0 734372.0 0.0 60220000.0 217.0 2.0 1000.0 33984925.0
14000.0 0.0 3.0 32.0 84953221.0 627142.0 0.0 60220000.0 214.0 2.0 1000.0 34859637.0
14100.0 0.0 3.0 32.0 84193117.0 548329.0 0.0 60220000.0 213.0 2.0 1000.0 35698554.0
14200.0 0.0 3.0 31.0 83433907.0 490433.0 0.0 60220000.0 212.0 2.0 1000.0 36515660.0
14300.0 0.0 3.0 31.0 82684393.0 451752.0 0.0 60220000.0 208.0 2.0 1000.0 37303855.0
14400.0 0.0 3.0 30.0 81946556.0 418908.0 0.0 60220000.0 206.0 2.0 1000.0 38074536.0
14500.0 1.0 1.0 31.0 81215030.0 399526.0 0.0 60220000.0 208.0 2.0 1000.0 38825444.0
14600.0 0.0 0.0 34.0 80447988.0 354579.0 0.0 60220000.0 217.0 2.0 1000.0 39637433.0
14700.0 0.0 0.0 33.0 79684207.0 322106.0 0.0 60220000.0 212.0 2.0 1000.0 40433687.0
14800.0 0.0 0.0 33.0 78932754.0 295946.0 0.0 60220000.0 208.0 2.0 1000.0 41211300.0
14900.0 0.0 0.0 33.0 78193247.0 272139.0 0.0 60220000.0 205.0 2.0 1000.0 41974614.0
15000.0 0.0 0.0 32.0 77467724.0 264190.0 0.0 60220000.0 202.0 2.0 1000.0 42708086.0
15100.0 0.0 0.0 31.0 76752841.0 261564.0 0.0 60220000.0 198.0 2.0 1000.0 43425595.0
15200.0 0.0 0.0 31.0 76050853.0 261082.0 0.0 60220000.0 196.0 2.0 1000.0 44128065.0
15300.0 1.0 2.0 31.0 75351939.0 259505.0 0.0 60220000.0 200.0 2.0 1000.0 44828556.0
15400.0 1.0 1.0 34.0 74609156.0 257574.0 0.0 60220000.0 216.0 2.0 1000.0 45573270.0
15500.0 1.0 0.0 36.0 73790706.0 281410.0 0.0 60220000.0 246.0 2.0 1000.0 46367884.0
15600.0 1.0 1.0 39.0 72881610.0 322080.0 0.0 60220000.0 263.0 2.0 1000.0 47236310.0
15700.0 1.0 2.0 42.0 71910019.0 331028.0 0.0 60220000.0 285.0 2.0 1000.0 48198953.0
15800.0 1.0 2.0 44.0 70846888.0 339927.0 0.0 60220000.0 308.0 2.0 1000.0 49253185.0
15900.0 0.0 2.0 44.0 69758817.0 362332.0 0.0 60220000.0 303.0 2.0 1000.0 50318851.0
16000.0 0.0 2.0 42.0 68686271.0 388476.0 0.0 60220000.0 300.0 2.0 1000.0 51365253.0
16100.0 0.0 2.0 42.0 67621009.0 412400.0 0.0 60220000.0 297.0 2.0 1000.0 52406591.0
16200.0 0.0 2.0 42.0 66574110.0 411674.0 0.0 60220000.0 289.0 2.0 1000.0 53454216.0
16300.0 0.0 2.0 39.0 65555597.0 421340.0 0.0 60220000.0 282.0 2.0 1000.0 54463063.0
16400.0 0.0 2.0 39.0 64555927.0 440356.0 0.0 60220000.0 278.0 2.0 1000.0 55443717.0
16500.0 0.0 2.0 38.0 63573627.0 453685.0 0.0 60220000.0 274.0 2.0 1000.0 56412688.0
16600.0 0.0 2.0 38.0 62609793.0 454421.0 0.0 60220000.0 265.0 2.0 1000.0 57375786.0
16700.0 0.0 2.0 37.0 61667326.0 452129.0 0.0 60220000.0 262.0 2.0 1000.0 58320545.0
16800.0 0.0 2.0 36.0 60740842.0 452820.0 0.0 60220000.0 257.0 2.0 1000.0 59246338.0
16900.0 0.0 2.0 36.0 59836681.0 447084.0 0.0 60220000.0 251.0 2.0 1000.0 60156235.0
17000.0 0.0 2.0 36.0 58950778.0 427888.0 0.0 60220000.0 245.0 2.0 1000.0 61061334.0
17100.0 0.0 2.0 36.0 58084172.0 397627.0 0.0 60220000.0 240.0 2.0 1000.0 61958201.0
17200.0 0.0 2.0 36.0 57234754.0 362354.0 0.0 60220000.0 235.0 2.0 1000.0 62842892.0
17300.0 0.0 2.0 36.0 56397231.0 332301.0 0.0 60220000.0 234.0 2.0 1000.0 63710468.0
17400.0 0.0 2.0 36.0 55574491.0 301670.0 0.0 60220000.0 229.0 2.0 1000.0 64563839.0
17500.0 0.0 2.0 36.0 54770588.0 270988.0 0.0 60220000.0 223.0 2.0 1000.0 65398424.0
17600.0 0.0 2.0 36.0 53978845.0 248276.0 0.0 60220000.0 222.0 2.0 1000.0 66212879.0
17700.0 0.0 2.0 35.0 53194779.0 236774.0 0.0 60220000.0 218.0 2.0 1000.0 67008447.0
17800.0 0.0 2.0 34.0 52423554.0 238715.0 0.0 60220000.0 214.0 2.0 1000.0 67777731.0
17900.0 0.0 2.0 33.0 51665017.0 254079.0 0.0 60220000.0 211.0 2.0 1000.0 68520904.0
18000.0 0.0 2.0 33.0 50916244.0 257111.0 0.0 60220000.0 209.0 2.0 1000.0 69266645.0
18100.0 0.0 2.0 33.0 50175502.0 252927.0 0.0 60220000.0 205.0 2.0 1000.0 70011571.0
18200.0 0.0 2.0 33.0 49452121.0 238452.0 0.0 60220000.0 202.0 2.0 1000.0 70749427.0
18300.0 0.0 2.0 32.0 48734846.0 237634.0 0.0 60220000.0 200.0 2.0 1000.0 71467520.0
18400.0 0.0 2.0 32.0 48028720.0 235845.0 0.0 60220000.0 196.0 2.0 1000.0 72175435.0
18500.0 0.0 2.0 32.0 47345530.0 217890.0 0.0 60220000.0 187.0 2.0 1000.0 72876580.0
18600.0 0.0 2.0 31.0 46681447.0 210393.0 0.0 60220000.0 185.0 2.0 1000.0 73548160.0
18700.0 0.0 2.0 31.0 46027357.0 203853.0 0.0 60220000.0 182.0 2.0 1000.0 74208790.0
18800.0 0.0 2.0 29.0 45384893.0 218495.0 0.0 60220000.0 179.0 2.0 1000.0 74836612.0
18900.0 0.0 2.0 29.0 44745438.0 225941.0 0.0 60220000.0 179.0 2.0 1000.0 75468621.0
19000.0 0.0 2.0 29.0 44108660.0 227996.0 0.0 60220000.0 177.0 2.0 1000.0 76103344.0
19100.0 0.0 2.0 28.0 43482481.0 226964.0 0.0 60220000.0 175.0 2.0 1000.0 76730555.0
19200.0 0.0 2.0 28.0 42865252.0 229323.0 0.0 60220000.0 171.0 2.0 1000.0 77345425.0
19300.0 0.0 2.0 25.0 42262864.0 256954.0 0.0 60220000.0 169.0 2.0 1000.0 77920182.0
19400.0 0.0 2.0 25.0 41661031.0 286321.0 0.0 60220000.0 169.0 2.0 1000.0 78492648.0
19500.0 0.0 2.0 24.0 41070675.0 303421.0 0.0 60220000.0 164.0 2.0 1000.0 79065904.0
19600.0 0.0 2.0 23.0 40492213.0 331799.0 0.0 60220000.0 160.0 2.0 1000.0 79615988.0
19700.0 0.0 2.0 23.0 39929442.0 340456.0 0.0 60220000.0 157.0 2.0 1000.0 80170102.0
19800.0 0.0 2.0 22.0 39378976.0 350245.0 0.0 60220000.0 151.0 2.0 1000.0 80710779.0
19900.0 0.0 2.0 21.0 38850054.0 350586.0 0.0 60220000.0 147.0 2.0 1000.0 81239360.0
