time rna_M monomer_betaGal protein_betaGal Lactose_external Lactose_internal Glucose_external Glucose_internal protein_Lactose_Permease dna_Lac_Operon Biomass Lactose_consumed
0.0 0.0 0.0 0.0 120440000.0 0.0 60220000.0 0.0 0.0 2.0 1000.0 0.0
100.0 0.0 0.0 0.0 120440000.0 0.0 30130600.0 30089400.0 0.0 2.0 1000.0 0.0
200.0 0.0 0.0 0.0 120440000.0 0.0 81512.0 60138488.0 0.0 2.0 1000.0 0.0
300.0 0.0 0.0 0.0 120440000.0 0.0 0.0 60220000.0 0.0 2.0 1000.0 0.0
400.0 0.0 0.0 0.0 120440000.0 0.0 0.0 60220000.0 0.0 2.0 1000.0 0.0
500.0 0.0 0.0 0.0 120440000.0 0.0 0.0 60220000.0 0.0 2.0 1000.0 0.0
600.0 0.0 0.0 0.0 120440000.0 0.0 0.0 60220000.0 0.0 2.0 1000.0 0.0
700.0 0.0 0.0 0.0 120440000.0 0.0 0.0 60220000.0 0.0 2.0 1000.0 0.0
800.0 0.0 0.0 0.0 120440000.0 0.0 0.0 60220000.0 0.0 2.0 1000.0 0.0
900.0 0.0 0.0 0.0 120440000.0 0.0 0.0 60220000.0 0.0 2.0 1000.0 0.0
1000.0 0.0 0.0 0.0 120440000.0 0.0 0.0 60220000.0 0.0 2.0 1000.0 0.0
1100.0 0.0 0.0 0.0 120440000.0 0.0 0.0 60220000.0 0.0 2.0 1000.0 0.0
1200.0 0.0 0.0 0.0 120440000.0 0.0 0.0 60220000.0 0.0 2.0 1000.0 0.0
1300.0 0.0 0.0 0.0 120440000.0 0.0 0.0 60220000.0 0.0 2.0 1000.0 0.0
1400.0 0.0 0.0 0.0 120440000.0 0.0 0.0 60220000.0 0.0 2.0 1000.0 0.0
1500.0 0.0 0.0 0.0 120440000.0 0.0 0.0 60220000.0 0.0 2.0 1000.0 0.0
1600.0 0.0 0.0 0.0 120440000.0 0.0 0.0 60220000.0 0.0 2.0 1000.0 0.0
1700.0 0.0 0.0 0.0 120440000.0 0.0 0.0 60220000.0 0.0 2.0 1000.0 0.0
1800.0 0.0 0.0 0.0 120440000.0 0.0 0.0 60220000.0 0.0 2.0 1000.0 0.0
1900.0 0.0 0.0 0.0 120440000.0 0.0 0.0 60220000.0 0.0 2.0 1000.0 0.0
2000.0 0.0 0.0 0.0 120440000.0 0.0 0.0 60220000.0 0.0 2.0 1000.0 0.0
2100.0 0.0 0.0 0.0 120440000.0 0.0 0.0 60220000.0 0.0 2.0 1000.0 0.0
2200.0 0.0 0.0 0.0 120440000.0 0.0 0.0 60220000.0 0.0 2.0 1000.0 0.0
2300.0 1.0 1.0 3.0 120401801.0 33819.0 0.0 60220000.0 28.0 2.0 1000.0 4380.0
2400.0 1.0 2.0 7.0 120235809.0 126256.0 0.0 60220000.0 64.0 2.0 1000.0 77935.0
2500.0 1.0 3.0 10.0 119953375.0 229940.0 0.0 60220000.0 87.0 2.0 1000.0 256685.0
2600.0 0.0 0.0 12.0 119602258.0 313658.0 0.0 60220000.0 100.0 2.0 1000.0 524084.0
2700.0 0.0 0.0 12.0 119248141.0 377751.0 0.0 60220000.0 98.0 2.0 1000.0 814108.0
2800.0 0.0 0.0 11.0 118904328.0 442677.0 0.0 60220000.0 95.0 2.0 1000.0 1092995.0
2900.0 0.0 0.0 11.0 118568294.0 499131.0 0.0 60220000.0 93.0 2.0 1000.0 1372575.0
3000.0 0.0 0.0 11.0 118242119.0 540831.0 0.0 60220000.0 89.0 2.0 1000.0 1657050.0
3100.0 0.0 0.0 11.0 117930747.0 565680.0 0.0 60220000.0 86.0 2.0 1000.0 1943573.0
3200.0 0.0 0.0 11.0 117624473.0 584290.0 0.0 60220000.0 85.0 2.0 1000.0 2231237.0
3300.0 0.0 0.0 11.0 117321994.0 598094.0 0.0 60220000.0 84.0 2.0 1000.0 2519912.0
3400.0 0.0 0.0 10.0 117022354.0 615247.0 0.0 60220000.0 84.0 2.0 1000.0 2802399.0
3500.0 0.0 0.0 9.0 116725349.0 668368.0 0.0 60220000.0 83.0 2.0 1000.0 3046283.0
3600.0 0.0 0.0 9.0 116429718.0 723470.0 0.0 60220000.0 83.0 2.0 1000.0 3286812.0
3700.0 0.0 0.0 8.0 116134812.0 795693.0 0.0 60220000.0 82.0 2.0 1000.0 3509495.0
3800.0 0.0 0.0 6.0 115842552.0 904732.0 0.0 60220000.0 81.0 2.0 1000.0 3692716.0
3900.0 0.0 0.0 5.0 115553466.0 1039770.0 0.0 60220000.0 81.0 2.0 1000.0 3846764.0
4000.0 0.0 0.0 5.0 115265874.0 1188701.0 0.0 60220000.0 80.0 2.0 1000.0 3985425.0
4100.0 0.0 0.0 5.0 114982103.0 1332425.0 0.0 60220000.0 78.0 2.0 1000.0 4125472.0
4200.0 0.0 0.0 4.0 114705271.0 1486483.0 0.0 60220000.0 77.0 2.0 1000.0 4248246.0
4300.0 0.0 0.0 4.0 114433085.0 1644296.0 0.0 60220000.0 75.0 2.0 1000.0 4362619.0
4400.0 0.0 0.0 3.0 114167361.0 1802217.0 0.0 60220000.0 74.0 2.0 1000.0 4470422.0
4500.0 0.0 0.0 3.0 113906666.0 1976460.0 0.0 60220000.0 73.0 2.0 1000.0 4556874.0
4600.0 0.0 0.0 3.0 113649295.0 2147209.0 0.0 60220000.0 71.0 2.0 1000.0 4643496.0
4700.0 0.0 0.0 3.0 113396302.0 2313432.0 0.0 60220000.0 71.0 2.0 1000.0 4730266.0
4800.0 0.0 0.0 3.0 113147343.0 2475518.0 0.0 60220000.0 70.0 2.0 1000.0 4817139.0
4900.0 0.0 0.0 3.0 112904619.0 2631307.0 0.0 60220000.0 68.0 2.0 1000.0 4904074.0
5000.0 0.0 0.0 3.0 112664852.0 2783569.0 0.0 60220000.0 67.0 2.0 1000.0 4991579.0
5100.0 0.0 0.0 3.0 112428616.0 2932023.0 0.0 60220000.0 66.0 2.0 1000.0 5079361.0
5200.0 0.0 1.0 4.0 112184688.0 3067168.0 0.0 60220000.0 69.0 2.0 1000.0 5188144.0
5300.0 0.0 1.0 6.0 111926948.0 3180109.0 0.0 60220000.0 79.0 2.0 1000.0 5332943.0
5400.0 0.0 1.0 7.0 111641195.0 3279833.0 0.0 60220000.0 84.0 2.0 1000.0 5518972.0
5500.0 0.0 1.0 6.0 111349621.0 3384484.0 0.0 60220000.0 81.0 2.0 1000.0 5705895.0
5600.0 0.0 1.0 6.0 111064774.0 3492434.0 0.0 60220000.0 80.0 2.0 1000.0 5882792.0
5700.0 1.0 3.0 9.0 110767302.0 3582230.0 0.0 60220000.0 93.0 2.0 1000.0 6090468.0
5800.0 0.0 2.0 11.0 110412181.0 3623065.0 0.0 60220000.0 100.0 2.0 1000.0 6404754.0
5900.0 0.0 2.0 11.0 110057807.0 3653983.0 0.0 60220000.0 100.0 2.0 1000.0 6728210.0
6000.0 0.0 2.0 11.0 109707180.0 3682682.0 0.0 60220000.0 97.0 2.0 1000.0 7050138.0
6100.0 1.0 3.0 12.0 109366189.0 3701160.0 0.0 60220000.0 100.0 2.0 1000.0 7372651.0
6200.0 3.0 3.0 19.0 108933156.0 3697135.0 0.0 60220000.0 159.0 2.0 1000.0 7809709.0
6300.0 2.0 0.0 28.0 108242588.0 3689355.0 0.0 60220000.0 221.0 2.0 1000.0 8508057.0
6400.0 1.0 2.0 32.0 107393314.0 3663417.0 0.0 60220000.0 259.0 2.0 1000.0 9383269.0
6500.0 0.0 3.0 30.0 106475171.0 3665834.0 0.0 60220000.0 257.0 2.0 1000.0 10298995.0
6600.0 0.0 3.0 29.0 105573559.0 3716369.0 0.0 60220000.0 253.0 2.0 1000.0 11150072.0
6700.0 0.0 3.0 29.0 104688902.0 3748934.0 0.0 60220000.0 249.0 2.0 1000.0 12002164.0
6800.0 0.0 3.0 28.0 103812705.0 3788049.0 0.0 60220000.0 246.0 2.0 1000.0 12839246.0
6900.0 0.0 3.0 28.0 102948779.0 3829612.0 0.0 60220000.0 243.0 2.0 1000.0 13661609.0
7000.0 1.0 0.0 33.0 102049744.0 3832936.0 0.0 60220000.0 269.0 2.0 1000.0 14557320.0
7100.0 1.0 2.0 35.0 101050376.0 3839278.0 0.0 60220000.0 296.0 2.0 1000.0 15550346.0
7200.0 1.0 1.0 40.0 99957036.0 3833904.0 0.0 60220000.0 321.0 2.0 1000.0 16649060.0
7300.0 1.0 1.0 44.0 98796033.0 3773895.0 0.0 60220000.0 341.0 2.0 1000.0 17870072.0
7400.0 1.0 1.0 47.0 97518892.0 3748805.0 0.0 60220000.0 386.0 2.0 1000.0 19172303.0
7500.0 3.0 1.0 54.0 96077703.0 3762644.0 0.0 60220000.0 440.0 2.0 1000.0 20599653.0
7600.0 0.0 0.0 58.0 94436833.0 3752701.0 0.0 60220000.0 477.0 2.0 1000.0 22250466.0
7700.0 1.0 2.0 60.0 92676023.0 3790514.0 0.0 60220000.0 512.0 2.0 1000.0 23973463.0
7800.0 0.0 2.0 63.0 90800098.0 3865601.0 0.0 60220000.0 542.0 2.0 1000.0 25774301.0
7900.0 0.0 2.0 61.0 88901176.0 3918706.0 0.0 60220000.0 528.0 2.0 1000.0 27620118.0
8000.0 0.0 2.0 60.0 87043289.0 4012223.0 0.0 60220000.0 522.0 2.0 1000.0 29384488.0
8100.0 0.0 3.0 58.0 85224490.0 4093573.0 0.0 60220000.0 507.0 2.0 1000.0 31121937.0
8200.0 1.0 0.0 60.0 83426551.0 4175983.0 0.0 60220000.0 517.0 2.0 1000.0 32837466.0
8300.0 2.0 0.0 65.0 81480428.0 4302551.0 0.0 60220000.0 589.0 2.0 1000.0 34657021.0
8400.0 0.0 2.0 66.0 79338669.0 4514477.0 0.0 60220000.0 614.0 2.0 1000.0 36586854.0
8500.0 1.0 3.0 69.0 77160574.0 4713551.0 0.0 60220000.0 623.0 2.0 1000.0 38565875.0
8600.0 1.0 0.0 73.0 74918038.0 4877833.0 0.0 60220000.0 651.0 2.0 1000.0 40644129.0
8700.0 0.0 1.0 72.0 72611034.0 5045252.0 0.0 60220000.0 650.0 2.0 1000.0 42783714.0
8800.0 0.0 1.0 70.0 70322946.0 5215602.0 0.0 60220000.0 643.0 2.0 1000.0 44901452.0
8900.0 1.0 2.0 71.0 68072104.0 5392903.0 0.0 60220000.0 644.0 2.0 1000.0 46974993.0
9000.0 2.0 3.0 75.0 65749474.0 5568311.0 0.0 60220000.0 678.0 2.0 1000.0 49122215.0
9100.0 1.0 3.0 76.0 63316236.0 5772197.0 0.0 60220000.0 701.0 2.0 1000.0 51351567.0
9200.0 2.0 3.0 84.0 60798659.0 5931264.0 0.0 60220000.0 740.0 2.0 1000.0 53710077.0
9300.0 0.0 1.0 86.0 58139782.0 6038669.0 0.0 60220000.0 756.0 2.0 1000.0 56261549.0
9400.0 1.0 0.0 85.0 55492725.0 6168427.0 0.0 60220000.0 755.0 2.0 1000.0 58778848.0
9500.0 2.0 1.0 89.0 52772333.0 6332206.0 0.0 60220000.0 801.0 2.0 1000.0 61335461.0
9600.0 5.0 3.0 99.0 49846343.0 6510148.0 0.0 60220000.0 870.0 2.0 1000.0 64083509.0
9700.0 2.0 3.0 114.0 46608913.0 6557487.0 0.0 60220000.0 967.0 2.0 1000.0 67273600.0
9800.0 1.0 0.0 119.0 43180726.0 6533428.0 0.0 60220000.0 993.0 2.0 1000.0 70725846.0
9900.0 3.0 3.0 126.0 39622818.0 6471946.0 0.0 60220000.0 1036.0 2.0 1000.0 74345236.0
10000.0 0.0 1.0 132.0 35882446.0 6375540.0 0.0 60220000.0 1085.0 2.0 1000.0 78182014.0
10100.0 0.0 1.0 128.0 32102890.0 6326510.0 0.0 60220000.0 1068.0 2.0 1000.0 82010600.0
10200.0 1.0 1.0 127.0 28375631.0 6267444.0 0.0 60220000.0 1061.0 2.0 1000.0 85796925.0
10300.0 2.0 1.0 127.0 24618862.0 6267435.0 0.0 60220000.0 1095.0 2.0 1000.0 89553703.0
10400.0 2.0 2.0 133.0 20713473.0 6322241.0 0.0 60220000.0 1138.0 2.0 1000.0 93404286.0
10500.0 1.0 0.0 136.0 16669268.0 6383447.0 0.0 60220000.0 1164.0 2.0 1000.0 97387285.0
10600.0 1.0 1.0 137.0 12586152.0 6421952.0 0.0 60220000.0 1174.0 2.0 1000.0 101431896.0
10700.0 2.0 3.0 140.0 8480920.0 6457630.0 0.0 60220000.0 1200.0 2.0 1000.0 105501450.0
10800.0 3.0 3.0 153.0 4228275.0 6374115.0 0.0 60220000.0 1281.0 2.0 1000.0 109837610.0
10900.0 1.0 1.0 158.0 155980.0 5779375.0 0.0 60220000.0 1308.0 2.0 1000.0 114504645.0
11000.0 1.0 2.0 155.0 778.0 1416488.0 0.0 60220000.0 1305.0 2.0 1000.0 119022734.0
11100.0 0.0 0.0 152.0 0.0 0.0 0.0 60220000.0 1300.0 2.0 1000.0 120440000.0
11200.0 0.0 0.0 150.0 0.0 0.0 0.0 60220000.0 1273.0 2.0 1000.0 120440000.0
11300.0 0.0 0.0 148.0 0.0 0.0 0.0 60220000.0 1248.0 2.0 1000.0 120440000.0
11400.0 0.0 0.0 147.0 0.0 0.0 0.0 60220000.0 1228.0 2.0 1000.0 120440000.0
11500.0 0.0 0.0 146.0 0.0 0.0 0.0 60220000.0 1216.0 2.0 1000.0 120440000.0
11600.0 0.0 0.0 146.0 0.0 0.0 0.0 60220000.0 1201.0 2.0 1000.0 120440000.0
11700.0 0.0 0.0 146.0 0.0 0.0 0.0 60220000.0 1182.0 2.0 1000.0 120440000.0
11800.0 0.0 0.0 143.0 0.0 0.0 0.0 60220000.0 1160.0 2.0 1000.0 120440000.0
11900.0 0.0 0.0 140.0 0.0 0.0 0.0 60220000.0 1141.0 2.0 1000.0 120440000.0
12000.0 0.0 0.0 139.0 0.0 0.0 0.0 60220000.0 1126.0 2.0 1000.0 120440000.0
12100.0 0.0 0.0 136.0 0.0 0.0 0.0 60220000.0 1109.0 2.0 1000.0 120440000.0
12200.0 0.0 0.0 132.0 0.0 0.0 0.0 60220000.0 1093.0 2.0 1000.0 120440000.0
12300.0 0.0 0.0 131.0 0.0 0.0 0.0 60220000.0 1074.0 2.0 1000.0 120440000.0
12400.0 0.0 0.0 128.0 0.0 0.0 0.0 60220000.0 1055.0 2.0 1000.0 120440000.0
12500.0 0.0 0.0 124.0 0.0 0.0 0.0 60220000.0 1038.0 2.0 1000.0 120440000.0
12600.0 0.0 0.0 119.0 0.0 0.0 0.0 60220000.0 1026.0 2.0 1000.0 120440000.0
12700.0 0.0 0.0 116.0 0.0 0.0 0.0 60220000.0 1004.0 2.0 1000.0 120440000.0
12800.0 0.0 0.0 112.0 0.0 0.0 0.0 60220000.0 984.0 2.0 1000.0 120440000.0
12900.0 0.0 0.0 111.0 0.0 0.0 0.0 60220000.0 959.0 2.0 1000.0 120440000.0
13000.0 0.0 0.0 108.0 0.0 0.0 0.0 60220000.0 944.0 2.0 1000.0 120440000.0
13100.0 0.0 0.0 106.0 0.0 0.0 0.0 60220000.0 923.0 2.0 1000.0 120440000.0
13200.0 0.0 0.0 106.0 0.0 0.0 0.0 60220000.0 914.0 2.0 1000.0 120440000.0
13300.0 0.0 0.0 102.0 0.0 0.0 0.0 60220000.0 894.0 2.0 1000.0 120440000.0
13400.0 0.0 0.0 99.0 0.0 0.0 0.0 60220000.0 880.0 2.0 1000.0 120440000.0
13500.0 0.0 0.0 96.0 0.0 0.0 0.0 60220000.0 857.0 2.0 1000.0 120440000.0
13600.0 0.0 0.0 95.0 0.0 0.0 0.0 60220000.0 841.0 2.0 1000.0 120440000.0
13700.0 0.0 0.0 95.0 0.0 0.0 0.0 60220000.0 824.0 2.0 1000.0 120440000.0
13800.0 0.0 0.0 92.0 0.0 0.0 0.0 60220000.0 808.0 2.0 1000.0 120440000.0
13900.0 1.0 1.0 90.0 0.0 0.0 0.0 60220000.0 797.0 2.0 1000.0 120440000.0
14000.0 1.0 1.0 94.0 0.0 0.0 0.0 60220000.0 814.0 2.0 1000.0 120440000.0
14100.0 1.0 0.0 95.0 0.0 0.0 0.0 60220000.0 836.0 2.0 1000.0 120440000.0
14200.0 0.0 2.0 94.0 0.0 0.0 0.0 60220000.0 820.0 2.0 1000.0 120440000.0
14300.0 0.0 2.0 93.0 0.0 0.0 0.0 60220000.0 805.0 2.0 1000.0 120440000.0
14400.0 0.0 2.0 93.0 0.0 0.0 0.0 60220000.0 793.0 2.0 1000.0 120440000.0
14500.0 0.0 2.0 91.0 0.0 0.0 0.0 60220000.0 787.0 2.0 1000.0 120440000.0
14600.0 0.0 2.0 89.0 0.0 0.0 0.0 60220000.0 782.0 2.0 1000.0 120440000.0
14700.0 0.0 2.0 88.0 0.0 0.0 0.0 60220000.0 769.0 2.0 1000.0 120440000.0
14800.0 0.0 2.0 87.0 0.0 0.0 0.0 60220000.0 755.0 2.0 1000.0 120440000.0
14900.0 0.0 2.0 86.0 0.0 0.0 0.0 60220000.0 746.0 2.0 1000.0 120440000.0
15000.0 0.0 2.0 85.0 0.0 0.0 0.0 60220000.0 730.0 2.0 1000.0 120440000.0
15100.0 0.0 2.0 84.0 0.0 0.0 0.0 60220000.0 718.0 2.0 1000.0 120440000.0
15200.0 0.0 2.0 81.0 0.0 0.0 0.0 60220000.0 699.0 2.0 1000.0 120440000.0
15300.0 0.0 2.0 81.0 0.0 0.0 0.0 60220000.0 684.0 2.0 1000.0 120440000.0
15400.0 0.0 2.0 81.0 0.0 0.0 0.0 60220000.0 675.0 2.0 1000.0 120440000.0
15500.0 0.0 2.0 79.0 0.0 0.0 0.0 60220000.0 664.0 2.0 1000.0 120440000.0
15600.0 0.0 2.0 78.0 0.0 0.0 0.0 60220000.0 651.0 2.0 1000.0 120440000.0
15700.0 0.0 2.0 76.0 0.0 0.0 0.0 60220000.0 643.0 2.0 1000.0 120440000.0
15800.0 0.0 2.0 75.0 0.0 0.0 0.0 60220000.0 631.0 2.0 1000.0 120440000.0
15900.0 0.0 2.0 75.0 0.0 0.0 0.0 60220000.0 624.0 2.0 1000.0 120440000.0
16000.0 0.0 2.0 75.0 0.0 0.0 0.0 60220000.0 615.0 2.0 1000.0 120440000.0
16100.0 0.0 2.0 73.0 0.0 0.0 0.0 60220000.0 606.0 2.0 1000.0 120440000.0
16200.0 0.0 2.0 73.0 0.0 0.0 0.0 60220000.0 595.0 2.0 1000.0 120440000.0
16300.0 0.0 2.0 73.0 0.0 0.0 0.0 60220000.0 582.0 2.0 1000.0 120440000.0
16400.0 0.0 2.0 71.0 0.0 0.0 0.0 60220000.0 573.0 2.0 1000.0 120440000.0
16500.0 0.0 2.0 69.0 0.0 0.0 0.0 60220000.0 566.0 2.0 1000.0 120440000.0
16600.0 0.0 2.0 67.0 0.0 0.0 0.0 60220000.0 560.0 2.0 1000.0 120440000.0
16700.0 0.0 2.0 66.0 0.0 0.0 0.0 60220000.0 548.0 2.0 1000.0 120440000.0
16800.0 0.0 2.0 65.0 0.0 0.0 0.0 60220000.0 536.0 2.0 1000.0 120440000.0
16900.0 0.0 2.0 65.0 0.0 0.0 0.0 60220000.0 524.0 2.0 1000.0 120440000.0
17000.0 0.0 2.0 63.0 0.0 0.0 0.0 60220000.0 516.0 2.0 1000.0 120440000.0
17100.0 0.0 2.0 63.0 0.0 0.0 0.0 60220000.0 508.0 2.0 1000.0 120440000.0
17200.0 0.0 2.0 63.0 0.0 0.0 0.0 60220000.0 501.0 2.0 1000.0 120440000.0
17300.0 0.0 2.0 62.0 0.0 0.0 0.0 60220000.0 494.0 2.0 1000.0 120440000.0
17400.0 0.0 2.0 62.0 0.0 0.0 0.0 60220000.0 490.0 2.0 1000.0 120440000.0
17500.0 0.0 2.0 60.0 0.0 0.0 0.0 60220000.0 483.0 2.0 1000.0 120440000.0
17600.0 0.0 2.0 60.0 0.0 0.0 0.0 60220000.0 475.0 2.0 1000.0 120440000.0
17700.0 0.0 2.0 58.0 0.0 0.0 0.0 60220000.0 466.0 2.0 1000.0 120440000.0
17800.0 1.0 1.0 58.0 0.0 0.0 0.0 60220000.0 486.0 2.0 1000.0 120440000.0
17900.0 1.0 2.0 63.0 0.0 0.0 0.0 60220000.0 505.0 2.0 1000.0 120440000.0
18000.0 0.0 0.0 64.0 0.0 0.0 0.0 60220000.0 501.0 2.0 1000.0 120440000.0
18100.0 0.0 0.0 63.0 0.0 0.0 0.0 60220000.0 491.0 2.0 1000.0 120440000.0
18200.0 0.0 0.0 62.0 0.0 0.0 0.0 60220000.0 488.0 2.0 1000.0 120440000.0
18300.0 0.0 0.0 60.0 0.0 0.0 0.0 60220000.0 479.0 2.0 1000.0 120440000.0
18400.0 0.0 0.0 60.0 0.0 0.0 0.0 60220000.0 471.0 2.0 1000.0 120440000.0
18500.0 0.0 0.0 57.0 0.0 0.0 0.0 60220000.0 464.0 2.0 1000.0 120440000.0
18600.0 0.0 0.0 57.0 0.0 0.0 0.0 60220000.0 459.0 2.0 1000.0 120440000.0
18700.0 0.0 0.0 57.0 0.0 0.0 0.0 60220000.0 451.0 2.0 1000.0 120440000.0
18800.0 0.0 0.0 57.0 0.0 0.0 0.0 60220000.0 448.0 2.0 1000.0 120440000.0
18900.0 0.0 0.0 56.0 0.0 0.0 0.0 60220000.0 438.0 2.0 1000.0 120440000.0
19000.0 0.0 0.0 56.0 0.0 0.0 0.0 60220000.0 433.0 2.0 1000.0 120440000.0
19100.0 0.0 0.0 55.0 0.0 0.0 0.0 60220000.0 425.0 2.0 1000.0 120440000.0
19200.0 0.0 0.0 55.0 0.0 0.0 0.0 60220000.0 419.0 2.0 1000.0 120440000.0
19300.0 0.0 0.0 55.0 0.0 0.0 0.0 60220000.0 413.0 2.0 1000.0 120440000.0
19400.0 0.0 0.0 55.0 0.0 0.0 0.0 60220000.0 407.0 2.0 1000.0 120440000.0
19500.0 0.0 0.0 55.0 0.0 0.0 0.0 60220000.0 396.0 2.0 1000.0 120440000.0
19600.0 0.0 0.0 55.0 0.0 0.0 0.0 60220000.0 383.0 2.0 1000.0 120440000.0
19700.0 0.0 0.0 53.0 0.0 0.0 0.0 60220000.0 375.0 2.0 1000.0 120440000.0
19800.0 0.0 0.0 52.0 0.0 0.0 0.0 60220000.0 368.0 2.0 1000.0 120440000.0
19900.0 0.0 0.0 50.0 0.0 0.0 0.0 60220000.0 361.0 2.0 1000.0 120440000.0
