time rna_M monomer_betaGal protein_betaGal Lactose_external Lactose_internal Glucose_external Glucose_internal protein_Lactose_Permease dna_Lac_Operon Biomass Lactose_consumed
0.0 0.0 0.0 0.0 120440000.0 0.0 60220000.0 0.0 0.0 2.0 1000.0 0.0
100.0 0.0 0.0 0.0 120440000.0 0.0 30125086.0 30094914.0 0.0 2.0 1000.0 0.0
200.0 0.0 0.0 0.0 120440000.0 0.0 79431.0 60140569.0 0.0 2.0 1000.0 0.0
300.0 0.0 0.0 0.0 120440000.0 0.0 0.0 60220000.0 0.0 2.0 1000.0 0.0
400.0 1.0 0.0 2.0 120404732.0 31120.0 0.0 60220000.0 22.0 2.0 1000.0 4148.0
500.0 1.0 2.0 4.0 120251557.0 142517.0 0.0 60220000.0 60.0 2.0 1000.0 45926.0
600.0 0.0 2.0 6.0 119987539.0 297530.0 0.0 60220000.0 81.0 2.0 1000.0 154931.0
700.0 0.0 2.0 6.0 119698749.0 440018.0 0.0 60220000.0 81.0 2.0 1000.0 301233.0
800.0 0.0 2.0 6.0 119408816.0 575421.0 0.0 60220000.0 81.0 2.0 1000.0 455763.0
900.0 0.0 2.0 5.0 119121596.0 719028.0 0.0 60220000.0 80.0 2.0 1000.0 599376.0
1000.0 0.0 2.0 5.0 118842669.0 861975.0 0.0 60220000.0 77.0 2.0 1000.0 735356.0
1100.0 0.0 2.0 5.0 118570606.0 996232.0 0.0 60220000.0 75.0 2.0 1000.0 873162.0
1200.0 0.0 2.0 5.0 118308217.0 1119029.0 0.0 60220000.0 73.0 2.0 1000.0 1012754.0
1300.0 0.0 2.0 5.0 118047737.0 1239594.0 0.0 60220000.0 73.0 2.0 1000.0 1152669.0
1400.0 0.0 2.0 5.0 117788059.0 1358423.0 0.0 60220000.0 73.0 2.0 1000.0 1293518.0
1500.0 0.0 2.0 5.0 117529883.0 1474925.0 0.0 60220000.0 71.0 2.0 1000.0 1435192.0
1600.0 1.0 1.0 7.0 117274825.0 1577526.0 0.0 60220000.0 75.0 2.0 1000.0 1587649.0
1700.0 0.0 2.0 7.0 117004136.0 1648100.0 0.0 60220000.0 76.0 2.0 1000.0 1787764.0
1800.0 0.0 2.0 7.0 116735727.0 1716049.0 0.0 60220000.0 75.0 2.0 1000.0 1988224.0
1900.0 0.0 2.0 7.0 116470954.0 1780594.0 0.0 60220000.0 74.0 2.0 1000.0 2188452.0
2000.0 0.0 2.0 7.0 116208701.0 1842615.0 0.0 60220000.0 74.0 2.0 1000.0 2388684.0
2100.0 0.0 2.0 7.0 115949561.0 1900919.0 0.0 60220000.0 72.0 2.0 1000.0 2589520.0
2200.0 0.0 2.0 7.0 115694260.0 1955088.0 0.0 60220000.0 71.0 2.0 1000.0 2790652.0
2300.0 0.0 2.0 7.0 115446049.0 2002130.0 0.0 60220000.0 69.0 2.0 1000.0 2991821.0
2400.0 0.0 2.0 7.0 115205987.0 2040707.0 0.0 60220000.0 67.0 2.0 1000.0 3193306.0
2500.0 0.0 2.0 7.0 114968460.0 2077086.0 0.0 60220000.0 67.0 2.0 1000.0 3394454.0
2600.0 0.0 2.0 6.0 114735401.0 2136599.0 0.0 60220000.0 65.0 2.0 1000.0 3568000.0
2700.0 0.0 2.0 6.0 114505059.0 2193469.0 0.0 60220000.0 65.0 2.0 1000.0 3741472.0
2800.0 0.0 2.0 5.0 114276793.0 2265632.0 0.0 60220000.0 64.0 2.0 1000.0 3897575.0
2900.0 0.0 2.0 5.0 114051890.0 2346448.0 0.0 60220000.0 62.0 2.0 1000.0 4041662.0
3000.0 0.0 2.0 5.0 113831891.0 2421419.0 0.0 60220000.0 62.0 2.0 1000.0 4186690.0
3100.0 0.0 2.0 5.0 113612186.0 2496586.0 0.0 60220000.0 62.0 2.0 1000.0 4331228.0
3200.0 0.0 2.0 5.0 113391724.0 2572078.0 0.0 60220000.0 62.0 2.0 1000.0 4476198.0
3300.0 0.0 2.0 5.0 113174454.0 2643985.0 0.0 60220000.0 61.0 2.0 1000.0 4621561.0
3400.0 1.0 0.0 7.0 112955262.0 2710941.0 0.0 60220000.0 72.0 2.0 1000.0 4773797.0
3500.0 0.0 0.0 8.0 112660498.0 2785234.0 0.0 60220000.0 87.0 2.0 1000.0 4994268.0
3600.0 0.0 0.0 8.0 112357080.0 2855313.0 0.0 60220000.0 85.0 2.0 1000.0 5227607.0
3700.0 0.0 0.0 8.0 112058299.0 2921273.0 0.0 60220000.0 84.0 2.0 1000.0 5460428.0
3800.0 0.0 0.0 8.0 111762631.0 2982858.0 0.0 60220000.0 83.0 2.0 1000.0 5694511.0
3900.0 0.0 3.0 8.0 111439941.0 3071818.0 0.0 60220000.0 94.0 2.0 1000.0 5928241.0
4000.0 0.0 3.0 8.0 111115098.0 3162718.0 0.0 60220000.0 89.0 2.0 1000.0 6162184.0
4100.0 0.0 3.0 8.0 110803188.0 3240705.0 0.0 60220000.0 88.0 2.0 1000.0 6396107.0
4200.0 0.0 3.0 8.0 110494839.0 3314594.0 0.0 60220000.0 87.0 2.0 1000.0 6630567.0
4300.0 0.0 3.0 8.0 110190334.0 3384928.0 0.0 60220000.0 85.0 2.0 1000.0 6864738.0
4400.0 0.0 3.0 8.0 109891511.0 3448814.0 0.0 60220000.0 84.0 2.0 1000.0 7099675.0
4500.0 1.0 2.0 11.0 109591133.0 3492378.0 0.0 60220000.0 92.0 2.0 1000.0 7356489.0
4600.0 0.0 3.0 10.0 109236343.0 3542143.0 0.0 60220000.0 100.0 2.0 1000.0 7661514.0
4700.0 0.0 3.0 10.0 108882050.0 3602885.0 0.0 60220000.0 100.0 2.0 1000.0 7955065.0
4800.0 1.0 2.0 14.0 108475522.0 3650414.0 0.0 60220000.0 127.0 2.0 1000.0 8314064.0
4900.0 0.0 3.0 14.0 108013451.0 3700700.0 0.0 60220000.0 131.0 2.0 1000.0 8725849.0
5000.0 0.0 0.0 16.0 107517637.0 3755682.0 0.0 60220000.0 148.0 2.0 1000.0 9166681.0
5100.0 1.0 1.0 18.0 106969698.0 3823529.0 0.0 60220000.0 168.0 2.0 1000.0 9646773.0
5200.0 0.0 0.0 20.0 106363608.0 3852470.0 0.0 60220000.0 171.0 2.0 1000.0 10223922.0
5300.0 0.0 3.0 19.0 105741391.0 3915940.0 0.0 60220000.0 183.0 2.0 1000.0 10782669.0
5400.0 0.0 3.0 19.0 105095780.0 4002762.0 0.0 60220000.0 181.0 2.0 1000.0 11341458.0
5500.0 0.0 2.0 20.0 104440595.0 4075421.0 0.0 60220000.0 187.0 2.0 1000.0 11923984.0
5600.0 0.0 2.0 18.0 103781224.0 4177160.0 0.0 60220000.0 185.0 2.0 1000.0 12481616.0
5700.0 1.0 3.0 19.0 103130773.0 4291912.0 0.0 60220000.0 190.0 2.0 1000.0 13017315.0
5800.0 0.0 2.0 20.0 102461173.0 4372668.0 0.0 60220000.0 188.0 2.0 1000.0 13606159.0
5900.0 0.0 3.0 21.0 101762871.0 4460797.0 0.0 60220000.0 200.0 2.0 1000.0 14216332.0
6000.0 0.0 3.0 23.0 101040452.0 4543241.0 0.0 60220000.0 214.0 2.0 1000.0 14856307.0
6100.0 0.0 3.0 21.0 100286009.0 4633446.0 0.0 60220000.0 213.0 2.0 1000.0 15520545.0
6200.0 1.0 0.0 24.0 99525092.0 4753501.0 0.0 60220000.0 226.0 2.0 1000.0 16161407.0
6300.0 2.0 2.0 29.0 98686995.0 4828876.0 0.0 60220000.0 259.0 2.0 1000.0 16924129.0
6400.0 2.0 0.0 32.0 97679930.0 4945183.0 0.0 60220000.0 310.0 2.0 1000.0 17814887.0
6500.0 0.0 1.0 33.0 96527846.0 5130123.0 0.0 60220000.0 336.0 2.0 1000.0 18782031.0
6600.0 1.0 2.0 32.0 95342083.0 5356385.0 0.0 60220000.0 344.0 2.0 1000.0 19741532.0
6700.0 1.0 1.0 37.0 94092584.0 5578818.0 0.0 60220000.0 361.0 2.0 1000.0 20768598.0
6800.0 1.0 1.0 39.0 92781003.0 5771777.0 0.0 60220000.0 379.0 2.0 1000.0 21887220.0
6900.0 0.0 2.0 43.0 91402289.0 5928146.0 0.0 60220000.0 399.0 2.0 1000.0 23109565.0
7000.0 3.0 3.0 44.0 90001092.0 6061550.0 0.0 60220000.0 408.0 2.0 1000.0 24377358.0
7100.0 1.0 1.0 50.0 88452054.0 6210794.0 0.0 60220000.0 464.0 2.0 1000.0 25777152.0
7200.0 1.0 1.0 52.0 86740444.0 6410173.0 0.0 60220000.0 500.0 2.0 1000.0 27289383.0
7300.0 1.0 0.0 53.0 84935326.0 6651036.0 0.0 60220000.0 525.0 2.0 1000.0 28853638.0
7400.0 2.0 3.0 57.0 82985500.0 6968728.0 0.0 60220000.0 579.0 2.0 1000.0 30485772.0
7500.0 1.0 1.0 60.0 80885587.0 7300044.0 0.0 60220000.0 611.0 2.0 1000.0 32254369.0
7600.0 0.0 1.0 59.0 78752346.0 7656493.0 0.0 60220000.0 599.0 2.0 1000.0 34031161.0
7700.0 1.0 2.0 63.0 76600462.0 8002201.0 0.0 60220000.0 627.0 2.0 1000.0 35837337.0
7800.0 2.0 1.0 67.0 74391758.0 8301308.0 0.0 60220000.0 632.0 2.0 1000.0 37746934.0
7900.0 2.0 3.0 73.0 72073022.0 8557252.0 0.0 60220000.0 690.0 2.0 1000.0 39809726.0
8000.0 2.0 2.0 78.0 69551144.0 8795256.0 0.0 60220000.0 747.0 2.0 1000.0 42093600.0
8100.0 2.0 2.0 84.0 66810935.0 9118358.0 0.0 60220000.0 805.0 2.0 1000.0 44510707.0
8200.0 1.0 2.0 87.0 63940383.0 9474784.0 0.0 60220000.0 830.0 2.0 1000.0 47024833.0
8300.0 1.0 2.0 89.0 61030547.0 9765490.0 0.0 60220000.0 828.0 2.0 1000.0 49643963.0
8400.0 0.0 3.0 89.0 58110911.0 10029560.0 0.0 60220000.0 829.0 2.0 1000.0 52299529.0
8500.0 0.0 1.0 93.0 55190544.0 10226955.0 0.0 60220000.0 834.0 2.0 1000.0 55022501.0
8600.0 0.0 1.0 92.0 52291800.0 10361103.0 0.0 60220000.0 822.0 2.0 1000.0 57787097.0
8700.0 0.0 1.0 90.0 49427207.0 10504263.0 0.0 60220000.0 810.0 2.0 1000.0 60508530.0
8800.0 2.0 3.0 93.0 46594037.0 10651961.0 0.0 60220000.0 826.0 2.0 1000.0 63194002.0
8900.0 1.0 2.0 98.0 43628154.0 10771546.0 0.0 60220000.0 859.0 2.0 1000.0 66040300.0
9000.0 0.0 2.0 102.0 40590870.0 10819787.0 0.0 60220000.0 882.0 2.0 1000.0 69029343.0
9100.0 1.0 2.0 105.0 37485767.0 10840830.0 0.0 60220000.0 902.0 2.0 1000.0 72113403.0
9200.0 1.0 1.0 110.0 34309029.0 10812595.0 0.0 60220000.0 922.0 2.0 1000.0 75318376.0
9300.0 1.0 2.0 111.0 31041722.0 10811997.0 0.0 60220000.0 949.0 2.0 1000.0 78586281.0
9400.0 1.0 1.0 112.0 27729722.0 10799248.0 0.0 60220000.0 950.0 2.0 1000.0 81911030.0
9500.0 1.0 0.0 116.0 24380808.0 10751758.0 0.0 60220000.0 969.0 2.0 1000.0 85307434.0
9600.0 1.0 2.0 118.0 20948582.0 10715765.0 0.0 60220000.0 997.0 2.0 1000.0 88775653.0
9700.0 2.0 3.0 123.0 17421221.0 10654676.0 0.0 60220000.0 1036.0 2.0 1000.0 92364103.0
9800.0 2.0 1.0 125.0 13763983.0 10619351.0 0.0 60220000.0 1067.0 2.0 1000.0 96056666.0
9900.0 1.0 3.0 128.0 9988060.0 10620849.0 0.0 60220000.0 1108.0 2.0 1000.0 99831091.0
10000.0 1.0 2.0 130.0 6160527.0 10574593.0 0.0 60220000.0 1118.0 2.0 1000.0 103704880.0
10100.0 0.0 1.0 129.0 2356408.0 10531757.0 0.0 60220000.0 1125.0 2.0 1000.0 107551835.0
10200.0 0.0 1.0 126.0 2811.0 9089130.0 0.0 60220000.0 1110.0 2.0 1000.0 111348059.0
10300.0 1.0 2.0 125.0 1948.0 5371612.0 0.0 60220000.0 1095.0 2.0 1000.0 115066440.0
10400.0 1.0 1.0 128.0 894.0 1690639.0 0.0 60220000.0 1121.0 2.0 1000.0 118748467.0
10500.0 1.0 1.0 128.0 0.0 0.0 0.0 60220000.0 1131.0 2.0 1000.0 120440000.0
10600.0 0.0 2.0 126.0 0.0 0.0 0.0 60220000.0 1115.0 2.0 1000.0 120440000.0
10700.0 0.0 2.0 126.0 0.0 0.0 0.0 60220000.0 1099.0 2.0 1000.0 120440000.0
10800.0 1.0 2.0 127.0 0.0 0.0 0.0 60220000.0 1114.0 2.0 1000.0 120440000.0
10900.0 1.0 1.0 130.0 0.0 0.0 0.0 60220000.0 1129.0 2.0 1000.0 120440000.0
11000.0 1.0 2.0 130.0 0.0 0.0 0.0 60220000.0 1140.0 2.0 1000.0 120440000.0
11100.0 1.0 0.0 133.0 0.0 0.0 0.0 60220000.0 1143.0 2.0 1000.0 120440000.0
11200.0 1.0 1.0 131.0 0.0 0.0 0.0 60220000.0 1161.0 2.0 1000.0 120440000.0
11300.0 0.0 3.0 132.0 0.0 0.0 0.0 60220000.0 1164.0 2.0 1000.0 120440000.0
11400.0 0.0 3.0 129.0 0.0 0.0 0.0 60220000.0 1148.0 2.0 1000.0 120440000.0
11500.0 0.0 3.0 127.0 0.0 0.0 0.0 60220000.0 1125.0 2.0 1000.0 120440000.0
11600.0 0.0 3.0 125.0 0.0 0.0 0.0 60220000.0 1102.0 2.0 1000.0 120440000.0
11700.0 0.0 3.0 121.0 0.0 0.0 0.0 60220000.0 1084.0 2.0 1000.0 120440000.0
11800.0 0.0 3.0 120.0 0.0 0.0 0.0 60220000.0 1067.0 2.0 1000.0 120440000.0
11900.0 0.0 3.0 118.0 0.0 0.0 0.0 60220000.0 1046.0 2.0 1000.0 120440000.0
12000.0 0.0 3.0 116.0 0.0 0.0 0.0 60220000.0 1028.0 2.0 1000.0 120440000.0
12100.0 0.0 3.0 113.0 0.0 0.0 0.0 60220000.0 1005.0 2.0 1000.0 120440000.0
12200.0 0.0 3.0 110.0 0.0 0.0 0.0 60220000.0 986.0 2.0 1000.0 120440000.0
12300.0 0.0 3.0 109.0 0.0 0.0 0.0 60220000.0 971.0 2.0 1000.0 120440000.0
12400.0 0.0 3.0 109.0 0.0 0.0 0.0 60220000.0 955.0 2.0 1000.0 120440000.0
12500.0 0.0 3.0 106.0 0.0 0.0 0.0 60220000.0 942.0 2.0 1000.0 120440000.0
12600.0 0.0 3.0 104.0 0.0 0.0 0.0 60220000.0 923.0 2.0 1000.0 120440000.0
12700.0 0.0 3.0 102.0 0.0 0.0 0.0 60220000.0 912.0 2.0 1000.0 120440000.0
12800.0 0.0 3.0 101.0 0.0 0.0 0.0 60220000.0 899.0 2.0 1000.0 120440000.0
12900.0 0.0 3.0 100.0 0.0 0.0 0.0 60220000.0 886.0 2.0 1000.0 120440000.0
13000.0 0.0 3.0 98.0 0.0 0.0 0.0 60220000.0 873.0 2.0 1000.0 120440000.0
13100.0 0.0 3.0 96.0 0.0 0.0 0.0 60220000.0 855.0 2.0 1000.0 120440000.0
13200.0 0.0 3.0 95.0 0.0 0.0 0.0 60220000.0 839.0 2.0 1000.0 120440000.0
13300.0 0.0 3.0 93.0 0.0 0.0 0.0 60220000.0 822.0 2.0 1000.0 120440000.0
13400.0 0.0 3.0 91.0 0.0 0.0 0.0 60220000.0 811.0 2.0 1000.0 120440000.0
13500.0 1.0 2.0 92.0 0.0 0.0 0.0 60220000.0 807.0 2.0 1000.0 120440000.0
13600.0 1.0 1.0 97.0 0.0 0.0 0.0 60220000.0 834.0 2.0 1000.0 120440000.0
13700.0 0.0 1.0 97.0 0.0 0.0 0.0 60220000.0 838.0 2.0 1000.0 120440000.0
13800.0 0.0 1.0 95.0 0.0 0.0 0.0 60220000.0 824.0 2.0 1000.0 120440000.0
13900.0 0.0 1.0 95.0 0.0 0.0 0.0 60220000.0 813.0 2.0 1000.0 120440000.0
14000.0 0.0 1.0 92.0 0.0 0.0 0.0 60220000.0 792.0 2.0 1000.0 120440000.0
14100.0 0.0 1.0 92.0 0.0 0.0 0.0 60220000.0 775.0 2.0 1000.0 120440000.0
14200.0 0.0 1.0 89.0 0.0 0.0 0.0 60220000.0 768.0 2.0 1000.0 120440000.0
14300.0 0.0 1.0 89.0 0.0 0.0 0.0 60220000.0 758.0 2.0 1000.0 120440000.0
14400.0 0.0 1.0 88.0 0.0 0.0 0.0 60220000.0 748.0 2.0 1000.0 120440000.0
14500.0 0.0 1.0 86.0 0.0 0.0 0.0 60220000.0 738.0 2.0 1000.0 120440000.0
14600.0 0.0 1.0 85.0 0.0 0.0 0.0 60220000.0 724.0 2.0 1000.0 120440000.0
14700.0 0.0 1.0 83.0 0.0 0.0 0.0 60220000.0 713.0 2.0 1000.0 120440000.0
14800.0 0.0 1.0 82.0 0.0 0.0 0.0 60220000.0 695.0 2.0 1000.0 120440000.0
14900.0 0.0 1.0 81.0 0.0 0.0 0.0 60220000.0 683.0 2.0 1000.0 120440000.0
15000.0 0.0 1.0 80.0 0.0 0.0 0.0 60220000.0 666.0 2.0 1000.0 120440000.0
15100.0 0.0 1.0 79.0 0.0 0.0 0.0 60220000.0 656.0 2.0 1000.0 120440000.0
15200.0 0.0 1.0 78.0 0.0 0.0 0.0 60220000.0 652.0 2.0 1000.0 120440000.0
15300.0 0.0 1.0 76.0 0.0 0.0 0.0 60220000.0 648.0 2.0 1000.0 120440000.0
15400.0 0.0 1.0 73.0 0.0 0.0 0.0 60220000.0 643.0 2.0 1000.0 120440000.0
15500.0 0.0 1.0 73.0 0.0 0.0 0.0 60220000.0 632.0 2.0 1000.0 120440000.0
15600.0 0.0 1.0 73.0 0.0 0.0 0.0 60220000.0 623.0 2.0 1000.0 120440000.0
15700.0 0.0 1.0 71.0 0.0 0.0 0.0 60220000.0 615.0 2.0 1000.0 120440000.0
15800.0 0.0 1.0 69.0 0.0 0.0 0.0 60220000.0 598.0 2.0 1000.0 120440000.0
15900.0 0.0 1.0 69.0 0.0 0.0 0.0 60220000.0 593.0 2.0 1000.0 120440000.0
16000.0 0.0 1.0 68.0 0.0 0.0 0.0 60220000.0 578.0 2.0 1000.0 120440000.0
16100.0 0.0 1.0 66.0 0.0 0.0 0.0 60220000.0 569.0 2.0 1000.0 120440000.0
16200.0 0.0 1.0 66.0 0.0 0.0 0.0 60220000.0 556.0 2.0 1000.0 120440000.0
16300.0 1.0 3.0 65.0 0.0 0.0 0.0 60220000.0 554.0 2.0 1000.0 120440000.0
16400.0 1.0 1.0 68.0 0.0 0.0 0.0 60220000.0 577.0 2.0 1000.0 120440000.0
16500.0 0.0 0.0 73.0 0.0 0.0 0.0 60220000.0 582.0 2.0 1000.0 120440000.0
16600.0 0.0 0.0 73.0 0.0 0.0 0.0 60220000.0 570.0 2.0 1000.0 120440000.0
16700.0 0.0 0.0 72.0 0.0 0.0 0.0 60220000.0 563.0 2.0 1000.0 120440000.0
16800.0 0.0 0.0 70.0 0.0 0.0 0.0 60220000.0 553.0 2.0 1000.0 120440000.0
16900.0 0.0 0.0 67.0 0.0 0.0 0.0 60220000.0 542.0 2.0 1000.0 120440000.0
17000.0 0.0 0.0 67.0 0.0 0.0 0.0 60220000.0 535.0 2.0 1000.0 120440000.0
17100.0 0.0 0.0 64.0 0.0 0.0 0.0 60220000.0 531.0 2.0 1000.0 120440000.0
17200.0 0.0 0.0 63.0 0.0 0.0 0.0 60220000.0 531.0 2.0 1000.0 120440000.0
17300.0 0.0 0.0 62.0 0.0 0.0 0.0 60220000.0 523.0 2.0 1000.0 120440000.0
17400.0 0.0 0.0 60.0 0.0 0.0 0.0 60220000.0 517.0 2.0 1000.0 120440000.0
17500.0 0.0 0.0 60.0 0.0 0.0 0.0 60220000.0 513.0 2.0 1000.0 120440000.0
17600.0 0.0 0.0 58.0 0.0 0.0 0.0 60220000.0 506.0 2.0 1000.0 120440000.0
17700.0 0.0 0.0 55.0 0.0 0.0 0.0 60220000.0 497.0 2.0 1000.0 120440000.0
17800.0 0.0 0.0 55.0 0.0 0.0 0.0 60220000.0 491.0 2.0 1000.0 120440000.0
17900.0 0.0 0.0 55.0 0.0 0.0 0.0 60220000.0 484.0 2.0 1000.0 120440000.0
18000.0 0.0 0.0 55.0 0.0 0.0 0.0 60220000.0 476.0 2.0 1000.0 120440000.0
18100.0 0.0 0.0 55.0 0.0 0.0 0.0 60220000.0 469.0 2.0 1000.0 120440000.0
18200.0 0.0 0.0 54.0 0.0 0.0 0.0 60220000.0 465.0 2.0 1000.0 120440000.0
18300.0 2.0 3.0 54.0 0.0 0.0 0.0 60220000.0 483.0 2.0 1000.0 120440000.0
18400.0 2.0 0.0 63.0 0.0 0.0 0.0 60220000.0 535.0 2.0 1000.0 120440000.0
18500.0 1.0 0.0 68.0 0.0 0.0 0.0 60220000.0 561.0 2.0 1000.0 120440000.0
18600.0 0.0 2.0 68.0 0.0 0.0 0.0 60220000.0 559.0 2.0 1000.0 120440000.0
18700.0 0.0 2.0 66.0 0.0 0.0 0.0 60220000.0 551.0 2.0 1000.0 120440000.0
18800.0 0.0 2.0 65.0 0.0 0.0 0.0 60220000.0 542.0 2.0 1000.0 120440000.0
18900.0 0.0 2.0 62.0 0.0 0.0 0.0 60220000.0 535.0 2.0 1000.0 120440000.0
19000.0 0.0 2.0 61.0 0.0 0.0 0.0 60220000.0 527.0 2.0 1000.0 120440000.0
19100.0 0.0 2.0 61.0 0.0 0.0 0.0 60220000.0 520.0 2.0 1000.0 120440000.0
19200.0 0.0 2.0 60.0 0.0 0.0 0.0 60220000.0 515.0 2.0 1000.0 120440000.0
19300.0 0.0 2.0 60.0 0.0 0.0 0.0 60220000.0 511.0 2.0 1000.0 120440000.0
19400.0 0.0 2.0 59.0 0.0 0.0 0.0 60220000.0 506.0 2.0 1000.0 120440000.0
19500.0 0.0 2.0 58.0 0.0 0.0 0.0 60220000.0 502.0 2.0 1000.0 120440000.0
19600.0 0.0 2.0 54.0 0.0 0.0 0.0 60220000.0 490.0 2.0 1000.0 120440000.0
19700.0 0.0 2.0 52.0 0.0 0.0 0.0 60220000.0 477.0 2.0 1000.0 120440000.0
19800.0 0.0 2.0 51.0 0.0 0.0 0.0 60220000.0 465.0 2.0 1000.0 120440000.0
19900.0 0.0 2.0 50.0 0.0 0.0 0.0 60220000.0 459.0 2.0 1000.0 120440000.0
