time rna_M monomer_betaGal protein_betaGal Lactose_external Lactose_internal Glucose_external Glucose_internal protein_Lactose_Permease dna_Lac_Operon Biomass Lactose_consumed
0.0 0.0 0.0 0.0 120440000.0 0.0 60220000.0 0.0 0.0 2.0 1000.0 0.0
100.0 0.0 0.0 0.0 120440000.0 0.0 30123429.0 30096571.0 0.0 2.0 1000.0 0.0
200.0 0.0 0.0 0.0 120440000.0 0.0 71722.0 60148278.0 0.0 2.0 1000.0 0.0
300.0 0.0 0.0 0.0 120440000.0 0.0 0.0 60220000.0 0.0 2.0 1000.0 0.0
400.0 0.0 0.0 0.0 120440000.0 0.0 0.0 60220000.0 0.0 2.0 1000.0 0.0
500.0 0.0 0.0 0.0 120440000.0 0.0 0.0 60220000.0 0.0 2.0 1000.0 0.0
600.0 0.0 0.0 0.0 120440000.0 0.0 0.0 60220000.0 0.0 2.0 1000.0 0.0
700.0 0.0 0.0 0.0 120440000.0 0.0 0.0 60220000.0 0.0 2.0 1000.0 0.0
800.0 0.0 0.0 0.0 120440000.0 0.0 0.0 60220000.0 0.0 2.0 1000.0 0.0
900.0 0.0 0.0 0.0 120440000.0 0.0 0.0 60220000.0 0.0 2.0 1000.0 0.0
1000.0 0.0 0.0 0.0 120440000.0 0.0 0.0 60220000.0 0.0 2.0 1000.0 0.0
1100.0 0.0 0.0 0.0 120440000.0 0.0 0.0 60220000.0 0.0 2.0 1000.0 0.0
1200.0 0.0 0.0 0.0 120440000.0 0.0 0.0 60220000.0 0.0 2.0 1000.0 0.0
1300.0 0.0 0.0 0.0 120440000.0 0.0 0.0 60220000.0 0.0 2.0 1000.0 0.0
1400.0 0.0 0.0 0.0 120440000.0 0.0 0.0 60220000.0 0.0 2.0 1000.0 0.0
1500.0 0.0 0.0 0.0 120440000.0 0.0 0.0 60220000.0 0.0 2.0 1000.0 0.0
1600.0 0.0 0.0 0.0 120440000.0 0.0 0.0 60220000.0 0.0 2.0 1000.0 0.0
1700.0 0.0 0.0 0.0 120440000.0 0.0 0.0 60220000.0 0.0 2.0 1000.0 0.0
1800.0 1.0 2.0 2.0 120430664.0 8601.0 0.0 60220000.0 11.0 2.0 1000.0 735.0
1900.0 0.0 0.0 5.0 120332381.0 67442.0 0.0 60220000.0 32.0 2.0 1000.0 40177.0
2000.0 0.0 0.0 5.0 120219444.0 104271.0 0.0 60220000.0 31.0 2.0 1000.0 116285.0
2100.0 0.0 0.0 5.0 120108464.0 128039.0 0.0 60220000.0 31.0 2.0 1000.0 203497.0
2200.0 0.0 0.0 5.0 119998021.0 145691.0 0.0 60220000.0 31.0 2.0 1000.0 296288.0
2300.0 0.0 0.0 5.0 119887336.0 160287.0 0.0 60220000.0 31.0 2.0 1000.0 392377.0
2400.0 0.0 0.0 5.0 119778684.0 170024.0 0.0 60220000.0 30.0 2.0 1000.0 491292.0
2500.0 0.0 0.0 5.0 119671699.0 176033.0 0.0 60220000.0 30.0 2.0 1000.0 592268.0
2600.0 0.0 0.0 5.0 119567396.0 179066.0 0.0 60220000.0 29.0 2.0 1000.0 693538.0
2700.0 0.0 0.0 5.0 119467030.0 177296.0 0.0 60220000.0 28.0 2.0 1000.0 795674.0
2800.0 0.0 0.0 5.0 119367561.0 175661.0 0.0 60220000.0 28.0 2.0 1000.0 896778.0
2900.0 0.0 0.0 5.0 119267845.0 174217.0 0.0 60220000.0 28.0 2.0 1000.0 997938.0
3000.0 0.0 0.0 5.0 119167872.0 172921.0 0.0 60220000.0 28.0 2.0 1000.0 1099207.0
3100.0 0.0 0.0 5.0 119067343.0 172520.0 0.0 60220000.0 28.0 2.0 1000.0 1200137.0
3200.0 0.0 0.0 5.0 118970863.0 168434.0 0.0 60220000.0 24.0 2.0 1000.0 1300703.0
3300.0 0.0 0.0 5.0 118885114.0 155735.0 0.0 60220000.0 24.0 2.0 1000.0 1399151.0
3400.0 0.0 0.0 5.0 118799540.0 145354.0 0.0 60220000.0 24.0 2.0 1000.0 1495106.0
3500.0 0.0 0.0 5.0 118713702.0 137015.0 0.0 60220000.0 24.0 2.0 1000.0 1589283.0
3600.0 0.0 0.0 5.0 118631091.0 127700.0 0.0 60220000.0 23.0 2.0 1000.0 1681209.0
3700.0 0.0 0.0 5.0 118549104.0 121249.0 0.0 60220000.0 23.0 2.0 1000.0 1769647.0
3800.0 0.0 0.0 5.0 118467320.0 115278.0 0.0 60220000.0 23.0 2.0 1000.0 1857402.0
3900.0 0.0 0.0 5.0 118384744.0 111428.0 0.0 60220000.0 23.0 2.0 1000.0 1943828.0
4000.0 0.0 0.0 5.0 118305788.0 105971.0 0.0 60220000.0 22.0 2.0 1000.0 2028241.0
4100.0 0.0 0.0 5.0 118228273.0 100731.0 0.0 60220000.0 21.0 2.0 1000.0 2110996.0
4200.0 0.0 0.0 5.0 118154325.0 94026.0 0.0 60220000.0 20.0 2.0 1000.0 2191649.0
4300.0 0.0 0.0 4.0 118082969.0 93387.0 0.0 60220000.0 20.0 2.0 1000.0 2263644.0
4400.0 0.0 0.0 4.0 118011916.0 100285.0 0.0 60220000.0 20.0 2.0 1000.0 2327799.0
4500.0 0.0 0.0 4.0 117940284.0 105642.0 0.0 60220000.0 20.0 2.0 1000.0 2394074.0
4600.0 0.0 0.0 4.0 117870986.0 107940.0 0.0 60220000.0 18.0 2.0 1000.0 2461074.0
4700.0 0.0 0.0 5.0 117799095.0 110872.0 0.0 60220000.0 27.0 2.0 1000.0 2530033.0
4800.0 0.0 0.0 5.0 117703379.0 119585.0 0.0 60220000.0 26.0 2.0 1000.0 2617036.0
4900.0 0.0 0.0 5.0 117610217.0 124157.0 0.0 60220000.0 26.0 2.0 1000.0 2705626.0
5000.0 0.0 0.0 5.0 117517260.0 127169.0 0.0 60220000.0 26.0 2.0 1000.0 2795571.0
5100.0 0.0 0.0 4.0 117425309.0 145199.0 0.0 60220000.0 25.0 2.0 1000.0 2869492.0
5200.0 0.0 0.0 4.0 117338444.0 155370.0 0.0 60220000.0 24.0 2.0 1000.0 2946186.0
5300.0 0.0 0.0 4.0 117252748.0 162589.0 0.0 60220000.0 24.0 2.0 1000.0 3024663.0
5400.0 0.0 0.0 4.0 117166579.0 169150.0 0.0 60220000.0 24.0 2.0 1000.0 3104271.0
5500.0 0.0 0.0 4.0 117080531.0 174553.0 0.0 60220000.0 24.0 2.0 1000.0 3184916.0
5600.0 0.0 0.0 3.0 116994874.0 185450.0 0.0 60220000.0 24.0 2.0 1000.0 3259676.0
5700.0 0.0 0.0 3.0 116908821.0 208236.0 0.0 60220000.0 24.0 2.0 1000.0 3322943.0
5800.0 0.0 0.0 3.0 116823524.0 228577.0 0.0 60220000.0 23.0 2.0 1000.0 3387899.0
5900.0 0.0 0.0 3.0 116741524.0 244230.0 0.0 60220000.0 22.0 2.0 1000.0 3454246.0
6000.0 0.0 0.0 3.0 116663014.0 255488.0 0.0 60220000.0 22.0 2.0 1000.0 3521498.0
6100.0 0.0 0.0 2.0 116586893.0 284371.0 0.0 60220000.0 20.0 2.0 1000.0 3568736.0
6200.0 0.0 0.0 2.0 116515711.0 309041.0 0.0 60220000.0 20.0 2.0 1000.0 3615248.0
6300.0 0.0 0.0 2.0 116444696.0 332680.0 0.0 60220000.0 20.0 2.0 1000.0 3662624.0
6400.0 0.0 0.0 2.0 116373435.0 355943.0 0.0 60220000.0 20.0 2.0 1000.0 3710622.0
6500.0 0.0 0.0 2.0 116302480.0 378500.0 0.0 60220000.0 20.0 2.0 1000.0 3759020.0
6600.0 0.0 0.0 2.0 116237786.0 394023.0 0.0 60220000.0 18.0 2.0 1000.0 3808191.0
6700.0 0.0 0.0 2.0 116173420.0 408757.0 0.0 60220000.0 18.0 2.0 1000.0 3857823.0
6800.0 0.0 0.0 2.0 116108995.0 423018.0 0.0 60220000.0 18.0 2.0 1000.0 3907987.0
6900.0 0.0 0.0 2.0 116044487.0 437479.0 0.0 60220000.0 18.0 2.0 1000.0 3958034.0
7000.0 0.0 0.0 2.0 115980318.0 451312.0 0.0 60220000.0 18.0 2.0 1000.0 4008370.0
7100.0 0.0 0.0 2.0 115915695.0 465122.0 0.0 60220000.0 18.0 2.0 1000.0 4059183.0
7200.0 0.0 0.0 2.0 115853925.0 475687.0 0.0 60220000.0 17.0 2.0 1000.0 4110388.0
7300.0 0.0 0.0 2.0 115793895.0 484869.0 0.0 60220000.0 17.0 2.0 1000.0 4161236.0
7400.0 0.0 0.0 2.0 115735462.0 492107.0 0.0 60220000.0 16.0 2.0 1000.0 4212431.0
7500.0 0.0 0.0 2.0 115681187.0 494931.0 0.0 60220000.0 14.0 2.0 1000.0 4263882.0
7600.0 0.0 0.0 2.0 115631090.0 493733.0 0.0 60220000.0 14.0 2.0 1000.0 4315177.0
7700.0 0.0 0.0 1.0 115584793.0 494556.0 0.0 60220000.0 13.0 2.0 1000.0 4360651.0
7800.0 0.0 0.0 1.0 115538651.0 514893.0 0.0 60220000.0 13.0 2.0 1000.0 4386456.0
7900.0 0.0 0.0 1.0 115491695.0 536069.0 0.0 60220000.0 13.0 2.0 1000.0 4412236.0
8000.0 0.0 0.0 1.0 115445204.0 556497.0 0.0 60220000.0 13.0 2.0 1000.0 4438299.0
8100.0 0.0 0.0 1.0 115399011.0 576605.0 0.0 60220000.0 13.0 2.0 1000.0 4464384.0
8200.0 0.0 0.0 1.0 115352534.0 596834.0 0.0 60220000.0 13.0 2.0 1000.0 4490632.0
8300.0 0.0 0.0 1.0 115306246.0 616698.0 0.0 60220000.0 13.0 2.0 1000.0 4517056.0
8400.0 0.0 0.0 1.0 115263271.0 633146.0 0.0 60220000.0 12.0 2.0 1000.0 4543583.0
8500.0 0.0 0.0 1.0 115220717.0 649571.0 0.0 60220000.0 12.0 2.0 1000.0 4569712.0
8600.0 0.0 0.0 1.0 115177940.0 665705.0 0.0 60220000.0 12.0 2.0 1000.0 4596355.0
8700.0 0.0 0.0 1.0 115135259.0 681438.0 0.0 60220000.0 12.0 2.0 1000.0 4623303.0
8800.0 0.0 0.0 1.0 115095937.0 694300.0 0.0 60220000.0 11.0 2.0 1000.0 4649763.0
8900.0 0.0 0.0 1.0 115057025.0 706278.0 0.0 60220000.0 11.0 2.0 1000.0 4676697.0
9000.0 0.0 0.0 1.0 115017904.0 718444.0 0.0 60220000.0 11.0 2.0 1000.0 4703652.0
9100.0 0.0 0.0 1.0 114982555.0 726798.0 0.0 60220000.0 9.0 2.0 1000.0 4730647.0
9200.0 0.0 0.0 1.0 114950277.0 732430.0 0.0 60220000.0 9.0 2.0 1000.0 4757293.0
9300.0 0.0 0.0 1.0 114920537.0 735662.0 0.0 60220000.0 8.0 2.0 1000.0 4783801.0
9400.0 0.0 0.0 1.0 114892033.0 737362.0 0.0 60220000.0 8.0 2.0 1000.0 4810605.0
9500.0 0.0 0.0 1.0 114863484.0 738847.0 0.0 60220000.0 8.0 2.0 1000.0 4837669.0
9600.0 0.0 0.0 1.0 114835077.0 740497.0 0.0 60220000.0 8.0 2.0 1000.0 4864426.0
9700.0 0.0 0.0 1.0 114806418.0 742373.0 0.0 60220000.0 8.0 2.0 1000.0 4891209.0
9800.0 0.0 0.0 1.0 114777913.0 744016.0 0.0 60220000.0 8.0 2.0 1000.0 4918071.0
9900.0 0.0 0.0 1.0 114749501.0 745065.0 0.0 60220000.0 8.0 2.0 1000.0 4945434.0
10000.0 0.0 0.0 1.0 114721384.0 746054.0 0.0 60220000.0 8.0 2.0 1000.0 4972562.0
10100.0 0.0 0.0 1.0 114693036.0 747556.0 0.0 60220000.0 8.0 2.0 1000.0 4999408.0
10200.0 0.0 0.0 1.0 114664644.0 748843.0 0.0 60220000.0 8.0 2.0 1000.0 5026513.0
10300.0 0.0 0.0 1.0 114636227.0 750349.0 0.0 60220000.0 8.0 2.0 1000.0 5053424.0
10400.0 0.0 0.0 1.0 114607495.0 752159.0 0.0 60220000.0 8.0 2.0 1000.0 5080346.0
10500.0 0.0 0.0 1.0 114578734.0 754110.0 0.0 60220000.0 8.0 2.0 1000.0 5107156.0
10600.0 0.0 0.0 1.0 114552061.0 753748.0 0.0 60220000.0 7.0 2.0 1000.0 5134191.0
10700.0 0.0 0.0 1.0 114527085.0 751781.0 0.0 60220000.0 7.0 2.0 1000.0 5161134.0
10800.0 0.0 0.0 1.0 114502281.0 749442.0 0.0 60220000.0 7.0 2.0 1000.0 5188277.0
10900.0 0.0 0.0 1.0 114477289.0 747449.0 0.0 60220000.0 7.0 2.0 1000.0 5215262.0
11000.0 0.0 0.0 1.0 114452405.0 745312.0 0.0 60220000.0 7.0 2.0 1000.0 5242283.0
11100.0 0.0 0.0 1.0 114427656.0 743245.0 0.0 60220000.0 6.0 2.0 1000.0 5269099.0
11200.0 0.0 0.0 1.0 114405990.0 737787.0 0.0 60220000.0 6.0 2.0 1000.0 5296223.0
11300.0 0.0 0.0 1.0 114384548.0 732210.0 0.0 60220000.0 6.0 2.0 1000.0 5323242.0
11400.0 0.0 0.0 1.0 114363199.0 726606.0 0.0 60220000.0 6.0 2.0 1000.0 5350195.0
11500.0 0.0 0.0 0.0 114341787.0 739436.0 0.0 60220000.0 6.0 2.0 1000.0 5358777.0
11600.0 0.0 0.0 0.0 114320556.0 760667.0 0.0 60220000.0 6.0 2.0 1000.0 5358777.0
11700.0 0.0 0.0 0.0 114299153.0 782070.0 0.0 60220000.0 6.0 2.0 1000.0 5358777.0
11800.0 0.0 0.0 0.0 114277930.0 803293.0 0.0 60220000.0 6.0 2.0 1000.0 5358777.0
11900.0 0.0 0.0 0.0 114256485.0 824738.0 0.0 60220000.0 6.0 2.0 1000.0 5358777.0
12000.0 0.0 0.0 0.0 114235182.0 846041.0 0.0 60220000.0 6.0 2.0 1000.0 5358777.0
12100.0 0.0 0.0 0.0 114213599.0 867624.0 0.0 60220000.0 6.0 2.0 1000.0 5358777.0
12200.0 0.0 0.0 0.0 114192470.0 888753.0 0.0 60220000.0 6.0 2.0 1000.0 5358777.0
12300.0 0.0 0.0 0.0 114170995.0 910228.0 0.0 60220000.0 6.0 2.0 1000.0 5358777.0
12400.0 0.0 0.0 0.0 114149771.0 931452.0 0.0 60220000.0 6.0 2.0 1000.0 5358777.0
12500.0 0.0 0.0 0.0 114128207.0 953016.0 0.0 60220000.0 6.0 2.0 1000.0 5358777.0
12600.0 1.0 2.0 2.0 114090259.0 980581.0 0.0 60220000.0 22.0 2.0 1000.0 5369160.0
12700.0 1.0 3.0 6.0 113959460.0 999118.0 0.0 60220000.0 56.0 2.0 1000.0 5481422.0
12800.0 1.0 1.0 9.0 113709473.0 1049586.0 0.0 60220000.0 85.0 2.0 1000.0 5680941.0
12900.0 0.0 1.0 15.0 113346048.0 1059347.0 0.0 60220000.0 113.0 2.0 1000.0 6034605.0
13000.0 0.0 1.0 15.0 112946417.0 1041846.0 0.0 60220000.0 112.0 2.0 1000.0 6451737.0
13100.0 0.0 1.0 14.0 112546670.0 1043692.0 0.0 60220000.0 112.0 2.0 1000.0 6849638.0
13200.0 0.0 1.0 13.0 112154203.0 1049234.0 0.0 60220000.0 109.0 2.0 1000.0 7236563.0
13300.0 0.0 1.0 13.0 111771985.0 1068786.0 0.0 60220000.0 107.0 2.0 1000.0 7599229.0
13400.0 0.0 1.0 12.0 111391596.0 1110745.0 0.0 60220000.0 106.0 2.0 1000.0 7937659.0
13500.0 0.0 1.0 12.0 111021089.0 1146245.0 0.0 60220000.0 103.0 2.0 1000.0 8272666.0
13600.0 0.0 1.0 12.0 110655118.0 1176493.0 0.0 60220000.0 103.0 2.0 1000.0 8608389.0
13700.0 0.0 1.0 12.0 110293819.0 1201633.0 0.0 60220000.0 101.0 2.0 1000.0 8944548.0
13800.0 0.0 1.0 12.0 109935380.0 1222895.0 0.0 60220000.0 100.0 2.0 1000.0 9281725.0
13900.0 0.0 1.0 12.0 109581870.0 1239797.0 0.0 60220000.0 97.0 2.0 1000.0 9618333.0
14000.0 0.0 1.0 12.0 109243190.0 1241287.0 0.0 60220000.0 93.0 2.0 1000.0 9955523.0
14100.0 0.0 1.0 11.0 108912329.0 1249318.0 0.0 60220000.0 92.0 2.0 1000.0 10278353.0
14200.0 1.0 1.0 12.0 108582086.0 1268527.0 0.0 60220000.0 100.0 2.0 1000.0 10589387.0
14300.0 1.0 1.0 16.0 108162184.0 1301021.0 0.0 60220000.0 135.0 2.0 1000.0 10976795.0
14400.0 0.0 3.0 17.0 107623908.0 1371452.0 0.0 60220000.0 159.0 2.0 1000.0 11444640.0
14500.0 0.0 3.0 16.0 107058839.0 1456397.0 0.0 60220000.0 158.0 2.0 1000.0 11924764.0
14600.0 0.0 3.0 16.0 106502938.0 1557377.0 0.0 60220000.0 156.0 2.0 1000.0 12379685.0
14700.0 0.0 3.0 16.0 105951361.0 1652676.0 0.0 60220000.0 153.0 2.0 1000.0 12835963.0
14800.0 0.0 3.0 16.0 105412975.0 1733890.0 0.0 60220000.0 151.0 2.0 1000.0 13293135.0
14900.0 0.0 3.0 16.0 104882253.0 1806397.0 0.0 60220000.0 149.0 2.0 1000.0 13751350.0
15000.0 0.0 3.0 16.0 104362820.0 1867373.0 0.0 60220000.0 144.0 2.0 1000.0 14209807.0
15100.0 2.0 0.0 21.0 103796214.0 1910808.0 0.0 60220000.0 180.0 2.0 1000.0 14732978.0
15200.0 1.0 2.0 25.0 103070307.0 1982035.0 0.0 60220000.0 218.0 2.0 1000.0 15387658.0
15300.0 1.0 0.0 28.0 102240544.0 2076840.0 0.0 60220000.0 247.0 2.0 1000.0 16122616.0
15400.0 0.0 0.0 27.0 101376500.0 2147860.0 0.0 60220000.0 242.0 2.0 1000.0 16915640.0
15500.0 0.0 0.0 27.0 100517250.0 2226980.0 0.0 60220000.0 240.0 2.0 1000.0 17695770.0
15600.0 1.0 1.0 28.0 99666491.0 2296224.0 0.0 60220000.0 246.0 2.0 1000.0 18477285.0
15700.0 1.0 3.0 32.0 98729007.0 2367377.0 0.0 60220000.0 274.0 2.0 1000.0 19343616.0
15800.0 1.0 0.0 35.0 97715768.0 2386730.0 0.0 60220000.0 296.0 2.0 1000.0 20337502.0
15900.0 2.0 2.0 38.0 96624653.0 2443897.0 0.0 60220000.0 333.0 2.0 1000.0 21371450.0
16000.0 0.0 0.0 40.0 95395475.0 2514378.0 0.0 60220000.0 348.0 2.0 1000.0 22530147.0
16100.0 0.0 0.0 40.0 94171121.0 2577761.0 0.0 60220000.0 344.0 2.0 1000.0 23691118.0
16200.0 0.0 0.0 40.0 92954582.0 2632285.0 0.0 60220000.0 340.0 2.0 1000.0 24853133.0
16300.0 0.0 0.0 40.0 91748846.0 2675206.0 0.0 60220000.0 340.0 2.0 1000.0 26015948.0
16400.0 0.0 0.0 39.0 90563436.0 2719964.0 0.0 60220000.0 331.0 2.0 1000.0 27156600.0
16500.0 0.0 0.0 37.0 89401304.0 2777430.0 0.0 60220000.0 323.0 2.0 1000.0 28261266.0
16600.0 3.0 1.0 40.0 88220456.0 2863847.0 0.0 60220000.0 362.0 2.0 1000.0 29355697.0
16700.0 2.0 0.0 49.0 86784571.0 2996738.0 0.0 60220000.0 453.0 2.0 1000.0 30658691.0
16800.0 0.0 0.0 50.0 85126552.0 3208188.0 0.0 60220000.0 469.0 2.0 1000.0 32105260.0
16900.0 0.0 0.0 50.0 83474754.0 3408830.0 0.0 60220000.0 471.0 2.0 1000.0 33556416.0
17000.0 0.0 1.0 49.0 81815841.0 3624231.0 0.0 60220000.0 469.0 2.0 1000.0 34999928.0
17100.0 1.0 2.0 48.0 80173193.0 3845312.0 0.0 60220000.0 461.0 2.0 1000.0 36421495.0
17200.0 2.0 0.0 56.0 78479483.0 3984256.0 0.0 60220000.0 498.0 2.0 1000.0 37976261.0
17300.0 0.0 3.0 54.0 76702247.0 4127938.0 0.0 60220000.0 499.0 2.0 1000.0 39609815.0
17400.0 2.0 0.0 57.0 74920897.0 4306622.0 0.0 60220000.0 527.0 2.0 1000.0 41212481.0
17500.0 1.0 2.0 60.0 73027341.0 4466038.0 0.0 60220000.0 538.0 2.0 1000.0 42946621.0
17600.0 0.0 2.0 61.0 71108074.0 4592619.0 0.0 60220000.0 539.0 2.0 1000.0 44739307.0
17700.0 0.0 2.0 61.0 69223038.0 4680677.0 0.0 60220000.0 527.0 2.0 1000.0 46536285.0
17800.0 0.0 2.0 61.0 67375574.0 4727839.0 0.0 60220000.0 520.0 2.0 1000.0 48336587.0
17900.0 0.0 2.0 61.0 65564466.0 4741617.0 0.0 60220000.0 509.0 2.0 1000.0 50133917.0
18000.0 0.0 0.0 63.0 63757564.0 4755982.0 0.0 60220000.0 518.0 2.0 1000.0 51926454.0
18100.0 0.0 0.0 63.0 61949224.0 4707136.0 0.0 60220000.0 509.0 2.0 1000.0 53783640.0
18200.0 0.0 0.0 62.0 60162666.0 4638016.0 0.0 60220000.0 501.0 2.0 1000.0 55639318.0
18300.0 0.0 0.0 62.0 58407603.0 4566108.0 0.0 60220000.0 494.0 2.0 1000.0 57466289.0
18400.0 1.0 1.0 62.0 56681843.0 4464854.0 0.0 60220000.0 486.0 2.0 1000.0 59293303.0
18500.0 1.0 2.0 65.0 54920445.0 4348961.0 0.0 60220000.0 512.0 2.0 1000.0 61170594.0
18600.0 1.0 0.0 72.0 53070750.0 4211406.0 0.0 60220000.0 543.0 2.0 1000.0 63157844.0
18700.0 0.0 1.0 70.0 51167766.0 4011629.0 0.0 60220000.0 535.0 2.0 1000.0 65260605.0
18800.0 1.0 2.0 70.0 49312270.0 3810794.0 0.0 60220000.0 530.0 2.0 1000.0 67316936.0
18900.0 0.0 0.0 69.0 47443341.0 3637062.0 0.0 60220000.0 522.0 2.0 1000.0 69359597.0
19000.0 1.0 2.0 68.0 45594012.0 3484733.0 0.0 60220000.0 524.0 2.0 1000.0 71361255.0
19100.0 0.0 2.0 66.0 43715280.0 3404838.0 0.0 60220000.0 535.0 2.0 1000.0 73319882.0
19200.0 0.0 2.0 65.0 41847448.0 3361853.0 0.0 60220000.0 521.0 2.0 1000.0 75230699.0
19300.0 1.0 0.0 61.0 40014768.0 3346901.0 0.0 60220000.0 519.0 2.0 1000.0 77078331.0
19400.0 1.0 2.0 62.0 38168057.0 3429405.0 0.0 60220000.0 523.0 2.0 1000.0 78842538.0
19500.0 1.0 1.0 63.0 36286601.0 3477453.0 0.0 60220000.0 551.0 2.0 1000.0 80675946.0
19600.0 0.0 3.0 64.0 34321873.0 3550653.0 0.0 60220000.0 556.0 2.0 1000.0 82567474.0
19700.0 0.0 3.0 63.0 32371895.0 3629822.0 0.0 60220000.0 547.0 2.0 1000.0 84438283.0
19800.0 0.0 2.0 64.0 30456674.0 3697467.0 0.0 60220000.0 537.0 2.0 1000.0 86285859.0
19900.0 0.0 2.0 63.0 28578213.0 3724769.0 0.0 60220000.0 526.0 2.0 1000.0 88137018.0
