time rna_M monomer_betaGal protein_betaGal Lactose_external Lactose_internal Glucose_external Glucose_internal protein_Lactose_Permease dna_Lac_Operon Biomass Lactose_consumed
0.0 0.0 0.0 0.0 120440000.0 0.0 60220000.0 0.0 0.0 2.0 1000.0 0.0
100.0 0.0 0.0 0.0 120440000.0 0.0 30126019.0 30093981.0 0.0 2.0 1000.0 0.0
200.0 0.0 0.0 0.0 120440000.0 0.0 74716.0 60145284.0 0.0 2.0 1000.0 0.0
300.0 0.0 0.0 0.0 120440000.0 0.0 0.0 60220000.0 0.0 2.0 1000.0 0.0
400.0 0.0 0.0 0.0 120440000.0 0.0 0.0 60220000.0 0.0 2.0 1000.0 0.0
500.0 0.0 0.0 0.0 120440000.0 0.0 0.0 60220000.0 0.0 2.0 1000.0 0.0
600.0 0.0 0.0 0.0 120440000.0 0.0 0.0 60220000.0 0.0 2.0 1000.0 0.0
700.0 1.0 0.0 1.0 120424946.0 14376.0 0.0 60220000.0 18.0 2.0 1000.0 678.0
800.0 1.0 2.0 4.0 120309356.0 95326.0 0.0 60220000.0 50.0 2.0 1000.0 35318.0
900.0 1.0 3.0 6.0 120046853.0 252257.0 0.0 60220000.0 87.0 2.0 1000.0 140890.0
1000.0 0.0 2.0 11.0 119684917.0 389072.0 0.0 60220000.0 110.0 2.0 1000.0 366011.0
1100.0 0.0 2.0 11.0 119292443.0 503637.0 0.0 60220000.0 109.0 2.0 1000.0 643920.0
1200.0 0.0 2.0 11.0 118909693.0 599569.0 0.0 60220000.0 106.0 2.0 1000.0 930738.0
1300.0 0.0 2.0 11.0 118535429.0 682346.0 0.0 60220000.0 104.0 2.0 1000.0 1222225.0
1400.0 0.0 2.0 11.0 118167107.0 755522.0 0.0 60220000.0 103.0 2.0 1000.0 1517371.0
1500.0 0.0 2.0 11.0 117803623.0 819763.0 0.0 60220000.0 101.0 2.0 1000.0 1816614.0
1600.0 0.0 2.0 10.0 117443511.0 880233.0 0.0 60220000.0 100.0 2.0 1000.0 2116256.0
1700.0 0.0 2.0 10.0 117090898.0 958882.0 0.0 60220000.0 97.0 2.0 1000.0 2390220.0
1800.0 0.0 2.0 10.0 116750681.0 1022602.0 0.0 60220000.0 94.0 2.0 1000.0 2666717.0
1900.0 0.0 2.0 10.0 116418238.0 1076638.0 0.0 60220000.0 92.0 2.0 1000.0 2945124.0
2000.0 0.0 2.0 10.0 116091039.0 1125352.0 0.0 60220000.0 92.0 2.0 1000.0 3223609.0
2100.0 0.0 2.0 10.0 115763769.0 1172771.0 0.0 60220000.0 92.0 2.0 1000.0 3503460.0
2200.0 0.0 2.0 10.0 115436009.0 1219833.0 0.0 60220000.0 92.0 2.0 1000.0 3784158.0
2300.0 0.0 2.0 10.0 115110640.0 1264900.0 0.0 60220000.0 90.0 2.0 1000.0 4064460.0
2400.0 0.0 2.0 9.0 114790645.0 1323235.0 0.0 60220000.0 89.0 2.0 1000.0 4326120.0
2500.0 0.0 2.0 9.0 114476415.0 1383708.0 0.0 60220000.0 86.0 2.0 1000.0 4579877.0
2600.0 0.0 2.0 9.0 114172818.0 1432231.0 0.0 60220000.0 83.0 2.0 1000.0 4834951.0
2700.0 0.0 2.0 9.0 113877714.0 1472543.0 0.0 60220000.0 83.0 2.0 1000.0 5089743.0
2800.0 0.0 2.0 8.0 113586571.0 1524273.0 0.0 60220000.0 81.0 2.0 1000.0 5329156.0
2900.0 0.0 2.0 8.0 113297816.0 1586318.0 0.0 60220000.0 80.0 2.0 1000.0 5555866.0
3000.0 0.0 2.0 8.0 113017415.0 1638434.0 0.0 60220000.0 77.0 2.0 1000.0 5784151.0
3100.0 0.0 2.0 8.0 112745918.0 1681078.0 0.0 60220000.0 76.0 2.0 1000.0 6013004.0
3200.0 0.0 2.0 8.0 112476067.0 1722574.0 0.0 60220000.0 76.0 2.0 1000.0 6241359.0
3300.0 0.0 2.0 8.0 112213036.0 1756735.0 0.0 60220000.0 73.0 2.0 1000.0 6470229.0
3400.0 0.0 2.0 8.0 111957773.0 1782950.0 0.0 60220000.0 70.0 2.0 1000.0 6699277.0
3500.0 0.0 2.0 8.0 111711024.0 1799725.0 0.0 60220000.0 69.0 2.0 1000.0 6929251.0
3600.0 1.0 3.0 8.0 111467181.0 1814435.0 0.0 60220000.0 69.0 2.0 1000.0 7158384.0
3700.0 0.0 2.0 12.0 111179724.0 1800334.0 0.0 60220000.0 88.0 2.0 1000.0 7459942.0
3800.0 0.0 2.0 11.0 110868712.0 1795874.0 0.0 60220000.0 85.0 2.0 1000.0 7775414.0
3900.0 0.0 2.0 11.0 110569739.0 1779767.0 0.0 60220000.0 82.0 2.0 1000.0 8090494.0
4000.0 0.0 2.0 11.0 110279935.0 1754117.0 0.0 60220000.0 81.0 2.0 1000.0 8405948.0
4100.0 0.0 2.0 11.0 109994406.0 1725146.0 0.0 60220000.0 80.0 2.0 1000.0 8720448.0
4200.0 0.0 2.0 11.0 109713551.0 1692554.0 0.0 60220000.0 79.0 2.0 1000.0 9033895.0
4300.0 0.0 2.0 11.0 109436321.0 1655693.0 0.0 60220000.0 77.0 2.0 1000.0 9347986.0
4400.0 0.0 2.0 11.0 109165591.0 1613261.0 0.0 60220000.0 76.0 2.0 1000.0 9661148.0
4500.0 0.0 2.0 10.0 108897335.0 1586123.0 0.0 60220000.0 74.0 2.0 1000.0 9956542.0
4600.0 0.0 2.0 10.0 108634624.0 1563935.0 0.0 60220000.0 73.0 2.0 1000.0 10241441.0
4700.0 0.0 2.0 9.0 108375346.0 1559890.0 0.0 60220000.0 73.0 2.0 1000.0 10504764.0
4800.0 0.0 2.0 9.0 108119367.0 1560526.0 0.0 60220000.0 71.0 2.0 1000.0 10760107.0
4900.0 0.0 2.0 9.0 107869950.0 1552952.0 0.0 60220000.0 70.0 2.0 1000.0 11017098.0
5000.0 0.0 2.0 9.0 107620755.0 1545909.0 0.0 60220000.0 70.0 2.0 1000.0 11273336.0
5100.0 1.0 0.0 10.0 107377421.0 1528052.0 0.0 60220000.0 70.0 2.0 1000.0 11534527.0
5200.0 1.0 0.0 13.0 107072489.0 1532286.0 0.0 60220000.0 98.0 2.0 1000.0 11835225.0
5300.0 1.0 3.0 16.0 106676245.0 1528816.0 0.0 60220000.0 124.0 2.0 1000.0 12234939.0
5400.0 1.0 3.0 19.0 106177739.0 1502103.0 0.0 60220000.0 162.0 2.0 1000.0 12760158.0
5500.0 1.0 1.0 23.0 105547232.0 1527106.0 0.0 60220000.0 191.0 2.0 1000.0 13365662.0
5600.0 0.0 1.0 23.0 104851060.0 1569466.0 0.0 60220000.0 196.0 2.0 1000.0 14019474.0
5700.0 0.0 1.0 23.0 104166306.0 1600094.0 0.0 60220000.0 189.0 2.0 1000.0 14673600.0
5800.0 0.0 1.0 21.0 103494256.0 1633207.0 0.0 60220000.0 187.0 2.0 1000.0 15312537.0
5900.0 0.0 1.0 21.0 102829113.0 1699014.0 0.0 60220000.0 186.0 2.0 1000.0 15911873.0
6000.0 0.0 1.0 20.0 102176853.0 1756763.0 0.0 60220000.0 182.0 2.0 1000.0 16506384.0
6100.0 0.0 1.0 19.0 101541953.0 1819379.0 0.0 60220000.0 177.0 2.0 1000.0 17078668.0
6200.0 0.0 1.0 19.0 100920507.0 1895653.0 0.0 60220000.0 174.0 2.0 1000.0 17623840.0
6300.0 0.0 1.0 19.0 100307676.0 1962467.0 0.0 60220000.0 170.0 2.0 1000.0 18169857.0
6400.0 0.0 1.0 19.0 99706547.0 2014746.0 0.0 60220000.0 169.0 2.0 1000.0 18718707.0
6500.0 0.0 1.0 19.0 99110429.0 2063102.0 0.0 60220000.0 166.0 2.0 1000.0 19266469.0
6600.0 0.0 1.0 19.0 98524807.0 2101631.0 0.0 60220000.0 163.0 2.0 1000.0 19813562.0
6700.0 0.0 1.0 19.0 97953817.0 2124350.0 0.0 60220000.0 158.0 2.0 1000.0 20361833.0
6800.0 0.0 1.0 19.0 97400052.0 2128828.0 0.0 60220000.0 154.0 2.0 1000.0 20911120.0
6900.0 1.0 2.0 19.0 96860757.0 2119900.0 0.0 60220000.0 153.0 2.0 1000.0 21459343.0
7000.0 1.0 0.0 23.0 96274997.0 2111145.0 0.0 60220000.0 177.0 2.0 1000.0 22053858.0
7100.0 0.0 2.0 25.0 95589042.0 2115735.0 0.0 60220000.0 201.0 2.0 1000.0 22735223.0
7200.0 0.0 2.0 25.0 94878398.0 2105269.0 0.0 60220000.0 199.0 2.0 1000.0 23456333.0
7300.0 1.0 2.0 25.0 94181167.0 2081193.0 0.0 60220000.0 197.0 2.0 1000.0 24177640.0
7400.0 0.0 3.0 26.0 93447951.0 2078196.0 0.0 60220000.0 220.0 2.0 1000.0 24913853.0
7500.0 0.0 3.0 26.0 92673387.0 2103415.0 0.0 60220000.0 216.0 2.0 1000.0 25663198.0
7600.0 0.0 3.0 26.0 91905818.0 2118938.0 0.0 60220000.0 216.0 2.0 1000.0 26415244.0
7700.0 0.0 3.0 25.0 91153956.0 2145952.0 0.0 60220000.0 209.0 2.0 1000.0 27140092.0
7800.0 0.0 3.0 25.0 90418182.0 2159749.0 0.0 60220000.0 206.0 2.0 1000.0 27862069.0
7900.0 0.0 3.0 25.0 89687021.0 2168741.0 0.0 60220000.0 203.0 2.0 1000.0 28584238.0
8000.0 0.0 3.0 25.0 88972370.0 2161829.0 0.0 60220000.0 201.0 2.0 1000.0 29305801.0
8100.0 0.0 3.0 23.0 88257766.0 2177491.0 0.0 60220000.0 200.0 2.0 1000.0 30004743.0
8200.0 0.0 3.0 23.0 87559868.0 2211247.0 0.0 60220000.0 193.0 2.0 1000.0 30668885.0
8300.0 0.0 3.0 23.0 86874325.0 2232123.0 0.0 60220000.0 193.0 2.0 1000.0 31333552.0
8400.0 0.0 3.0 22.0 86197560.0 2265572.0 0.0 60220000.0 190.0 2.0 1000.0 31976868.0
8500.0 0.0 3.0 22.0 85524912.0 2300858.0 0.0 60220000.0 189.0 2.0 1000.0 32614230.0
8600.0 0.0 3.0 20.0 84856805.0 2386261.0 0.0 60220000.0 188.0 2.0 1000.0 33196934.0
8700.0 0.0 3.0 20.0 84198323.0 2464533.0 0.0 60220000.0 184.0 2.0 1000.0 33777144.0
8800.0 0.0 3.0 20.0 83551058.0 2531156.0 0.0 60220000.0 181.0 2.0 1000.0 34357786.0
8900.0 0.0 3.0 19.0 82916334.0 2611903.0 0.0 60220000.0 178.0 2.0 1000.0 34911763.0
9000.0 1.0 2.0 22.0 82245841.0 2690470.0 0.0 60220000.0 204.0 2.0 1000.0 35503689.0
9100.0 0.0 1.0 24.0 81465903.0 2786797.0 0.0 60220000.0 224.0 2.0 1000.0 36187300.0
9200.0 0.0 1.0 24.0 80678105.0 2875067.0 0.0 60220000.0 221.0 2.0 1000.0 36886828.0
9300.0 0.0 1.0 24.0 79905213.0 2949736.0 0.0 60220000.0 217.0 2.0 1000.0 37585051.0
9400.0 0.0 1.0 24.0 79138935.0 3017155.0 0.0 60220000.0 216.0 2.0 1000.0 38283910.0
9500.0 1.0 3.0 24.0 78381127.0 3074350.0 0.0 60220000.0 214.0 2.0 1000.0 38984523.0
9600.0 0.0 1.0 25.0 77615200.0 3112205.0 0.0 60220000.0 216.0 2.0 1000.0 39712595.0
9700.0 0.0 1.0 25.0 76834703.0 3166940.0 0.0 60220000.0 224.0 2.0 1000.0 40438357.0
9800.0 0.0 1.0 25.0 76048513.0 3223197.0 0.0 60220000.0 221.0 2.0 1000.0 41168290.0
9900.0 0.0 1.0 24.0 75268282.0 3292864.0 0.0 60220000.0 218.0 2.0 1000.0 41878854.0
10000.0 0.0 1.0 24.0 74504480.0 3354045.0 0.0 60220000.0 214.0 2.0 1000.0 42581475.0
10100.0 0.0 1.0 23.0 73748112.0 3433417.0 0.0 60220000.0 212.0 2.0 1000.0 43258471.0
10200.0 0.0 1.0 22.0 73004505.0 3518579.0 0.0 60220000.0 210.0 2.0 1000.0 43916916.0
10300.0 0.0 1.0 21.0 72264549.0 3623528.0 0.0 60220000.0 208.0 2.0 1000.0 44551923.0
10400.0 0.0 1.0 21.0 71529869.0 3741766.0 0.0 60220000.0 207.0 2.0 1000.0 45168365.0
10500.0 1.0 3.0 21.0 70798000.0 3857468.0 0.0 60220000.0 213.0 2.0 1000.0 45784532.0
10600.0 0.0 3.0 23.0 70012274.0 3977590.0 0.0 60220000.0 225.0 2.0 1000.0 46450136.0
10700.0 0.0 3.0 23.0 69225013.0 4088169.0 0.0 60220000.0 220.0 2.0 1000.0 47126818.0
10800.0 0.0 2.0 23.0 68435733.0 4205765.0 0.0 60220000.0 229.0 2.0 1000.0 47798502.0
10900.0 1.0 2.0 23.0 67632742.0 4331508.0 0.0 60220000.0 227.0 2.0 1000.0 48475750.0
11000.0 1.0 0.0 27.0 66797130.0 4426058.0 0.0 60220000.0 250.0 2.0 1000.0 49216812.0
11100.0 1.0 3.0 30.0 65862645.0 4534572.0 0.0 60220000.0 280.0 2.0 1000.0 50042783.0
11200.0 0.0 0.0 32.0 64835831.0 4634350.0 0.0 60220000.0 293.0 2.0 1000.0 50969819.0
11300.0 0.0 0.0 31.0 63817909.0 4724864.0 0.0 60220000.0 285.0 2.0 1000.0 51897227.0
11400.0 1.0 2.0 35.0 62784888.0 4804866.0 0.0 60220000.0 307.0 2.0 1000.0 52850246.0
11500.0 1.0 2.0 40.0 61647619.0 4831953.0 0.0 60220000.0 341.0 2.0 1000.0 53960428.0
11600.0 2.0 1.0 45.0 60388989.0 4835824.0 0.0 60220000.0 372.0 2.0 1000.0 55215187.0
11700.0 1.0 0.0 51.0 58991606.0 4797591.0 0.0 60220000.0 415.0 2.0 1000.0 56650803.0
11800.0 0.0 3.0 51.0 57509121.0 4762434.0 0.0 60220000.0 421.0 2.0 1000.0 58168445.0
11900.0 0.0 3.0 50.0 56038842.0 4754830.0 0.0 60220000.0 410.0 2.0 1000.0 59646328.0
12000.0 0.0 0.0 51.0 54578780.0 4718175.0 0.0 60220000.0 417.0 2.0 1000.0 61143045.0
12100.0 1.0 1.0 52.0 53082776.0 4687630.0 0.0 60220000.0 439.0 2.0 1000.0 62669594.0
12200.0 1.0 0.0 53.0 51492731.0 4716536.0 0.0 60220000.0 452.0 2.0 1000.0 64230733.0
12300.0 1.0 1.0 57.0 49879645.0 4724091.0 0.0 60220000.0 465.0 2.0 1000.0 65836264.0
12400.0 1.0 2.0 59.0 48185085.0 4699914.0 0.0 60220000.0 493.0 2.0 1000.0 67555001.0
12500.0 1.0 1.0 61.0 46453261.0 4653611.0 0.0 60220000.0 492.0 2.0 1000.0 69333128.0
12600.0 1.0 0.0 65.0 44696393.0 4575277.0 0.0 60220000.0 511.0 2.0 1000.0 71168330.0
12700.0 1.0 2.0 66.0 42847521.0 4501262.0 0.0 60220000.0 536.0 2.0 1000.0 73091217.0
12800.0 0.0 0.0 66.0 40921415.0 4491060.0 0.0 60220000.0 546.0 2.0 1000.0 75027525.0
12900.0 2.0 1.0 67.0 39008553.0 4470024.0 0.0 60220000.0 554.0 2.0 1000.0 76961423.0
13000.0 3.0 0.0 77.0 36907965.0 4470925.0 0.0 60220000.0 634.0 2.0 1000.0 79061110.0
13100.0 4.0 3.0 89.0 34465789.0 4482913.0 0.0 60220000.0 751.0 2.0 1000.0 81491298.0
13200.0 3.0 3.0 102.0 31671058.0 4447364.0 0.0 60220000.0 832.0 2.0 1000.0 84321578.0
13300.0 2.0 0.0 108.0 28658159.0 4360861.0 0.0 60220000.0 871.0 2.0 1000.0 87420980.0
13400.0 2.0 3.0 109.0 25529126.0 4293809.0 0.0 60220000.0 902.0 2.0 1000.0 90617065.0
13500.0 2.0 1.0 114.0 22249635.0 4261199.0 0.0 60220000.0 952.0 2.0 1000.0 93929166.0
13600.0 1.0 2.0 120.0 18799307.0 4255301.0 0.0 60220000.0 1004.0 2.0 1000.0 97385392.0
13700.0 1.0 1.0 124.0 15229902.0 4231998.0 0.0 60220000.0 1031.0 2.0 1000.0 100978100.0
13800.0 3.0 1.0 133.0 11558168.0 4143264.0 0.0 60220000.0 1082.0 2.0 1000.0 104738568.0
13900.0 2.0 1.0 141.0 7690261.0 3983087.0 0.0 60220000.0 1143.0 2.0 1000.0 108766652.0
14000.0 1.0 2.0 143.0 3664275.0 3862738.0 0.0 60220000.0 1200.0 2.0 1000.0 112912987.0
14100.0 1.0 2.0 146.0 52241.0 3231683.0 0.0 60220000.0 1215.0 2.0 1000.0 117156076.0
14200.0 1.0 1.0 149.0 1.0 11.0 0.0 60220000.0 1223.0 2.0 1000.0 120439988.0
14300.0 1.0 2.0 147.0 0.0 0.0 0.0 60220000.0 1223.0 2.0 1000.0 120440000.0
14400.0 1.0 2.0 149.0 0.0 0.0 0.0 60220000.0 1239.0 2.0 1000.0 120440000.0
14500.0 0.0 0.0 146.0 0.0 0.0 0.0 60220000.0 1236.0 2.0 1000.0 120440000.0
14600.0 0.0 0.0 144.0 0.0 0.0 0.0 60220000.0 1211.0 2.0 1000.0 120440000.0
14700.0 0.0 0.0 140.0 0.0 0.0 0.0 60220000.0 1196.0 2.0 1000.0 120440000.0
14800.0 0.0 0.0 138.0 0.0 0.0 0.0 60220000.0 1180.0 2.0 1000.0 120440000.0
14900.0 0.0 0.0 135.0 0.0 0.0 0.0 60220000.0 1159.0 2.0 1000.0 120440000.0
15000.0 0.0 0.0 131.0 0.0 0.0 0.0 60220000.0 1144.0 2.0 1000.0 120440000.0
15100.0 0.0 0.0 131.0 0.0 0.0 0.0 60220000.0 1130.0 2.0 1000.0 120440000.0
15200.0 0.0 0.0 131.0 0.0 0.0 0.0 60220000.0 1109.0 2.0 1000.0 120440000.0
15300.0 0.0 0.0 131.0 0.0 0.0 0.0 60220000.0 1096.0 2.0 1000.0 120440000.0
15400.0 0.0 0.0 129.0 0.0 0.0 0.0 60220000.0 1081.0 2.0 1000.0 120440000.0
15500.0 0.0 0.0 126.0 0.0 0.0 0.0 60220000.0 1064.0 2.0 1000.0 120440000.0
15600.0 0.0 0.0 125.0 0.0 0.0 0.0 60220000.0 1048.0 2.0 1000.0 120440000.0
15700.0 0.0 0.0 124.0 0.0 0.0 0.0 60220000.0 1030.0 2.0 1000.0 120440000.0
15800.0 0.0 0.0 122.0 0.0 0.0 0.0 60220000.0 1015.0 2.0 1000.0 120440000.0
15900.0 0.0 0.0 120.0 0.0 0.0 0.0 60220000.0 1000.0 2.0 1000.0 120440000.0
16000.0 0.0 0.0 118.0 0.0 0.0 0.0 60220000.0 977.0 2.0 1000.0 120440000.0
16100.0 0.0 0.0 118.0 0.0 0.0 0.0 60220000.0 955.0 2.0 1000.0 120440000.0
16200.0 0.0 0.0 117.0 0.0 0.0 0.0 60220000.0 946.0 2.0 1000.0 120440000.0
16300.0 0.0 0.0 115.0 0.0 0.0 0.0 60220000.0 934.0 2.0 1000.0 120440000.0
16400.0 0.0 0.0 111.0 0.0 0.0 0.0 60220000.0 921.0 2.0 1000.0 120440000.0
16500.0 0.0 0.0 111.0 0.0 0.0 0.0 60220000.0 909.0 2.0 1000.0 120440000.0
16600.0 0.0 0.0 109.0 0.0 0.0 0.0 60220000.0 893.0 2.0 1000.0 120440000.0
16700.0 0.0 0.0 107.0 0.0 0.0 0.0 60220000.0 877.0 2.0 1000.0 120440000.0
16800.0 1.0 3.0 105.0 0.0 0.0 0.0 60220000.0 885.0 2.0 1000.0 120440000.0
16900.0 1.0 1.0 109.0 0.0 0.0 0.0 60220000.0 901.0 2.0 1000.0 120440000.0
17000.0 1.0 0.0 117.0 0.0 0.0 0.0 60220000.0 933.0 2.0 1000.0 120440000.0
17100.0 0.0 3.0 117.0 0.0 0.0 0.0 60220000.0 917.0 2.0 1000.0 120440000.0
17200.0 0.0 3.0 114.0 0.0 0.0 0.0 60220000.0 904.0 2.0 1000.0 120440000.0
17300.0 0.0 3.0 114.0 0.0 0.0 0.0 60220000.0 896.0 2.0 1000.0 120440000.0
17400.0 0.0 3.0 112.0 0.0 0.0 0.0 60220000.0 885.0 2.0 1000.0 120440000.0
17500.0 0.0 3.0 111.0 0.0 0.0 0.0 60220000.0 875.0 2.0 1000.0 120440000.0
17600.0 0.0 3.0 109.0 0.0 0.0 0.0 60220000.0 863.0 2.0 1000.0 120440000.0
17700.0 0.0 3.0 107.0 0.0 0.0 0.0 60220000.0 851.0 2.0 1000.0 120440000.0
17800.0 0.0 3.0 106.0 0.0 0.0 0.0 60220000.0 836.0 2.0 1000.0 120440000.0
17900.0 0.0 3.0 106.0 0.0 0.0 0.0 60220000.0 824.0 2.0 1000.0 120440000.0
18000.0 0.0 3.0 103.0 0.0 0.0 0.0 60220000.0 806.0 2.0 1000.0 120440000.0
18100.0 0.0 3.0 102.0 0.0 0.0 0.0 60220000.0 790.0 2.0 1000.0 120440000.0
18200.0 0.0 3.0 100.0 0.0 0.0 0.0 60220000.0 779.0 2.0 1000.0 120440000.0
18300.0 0.0 3.0 99.0 0.0 0.0 0.0 60220000.0 769.0 2.0 1000.0 120440000.0
18400.0 0.0 3.0 98.0 0.0 0.0 0.0 60220000.0 761.0 2.0 1000.0 120440000.0
18500.0 0.0 3.0 95.0 0.0 0.0 0.0 60220000.0 750.0 2.0 1000.0 120440000.0
18600.0 0.0 3.0 94.0 0.0 0.0 0.0 60220000.0 736.0 2.0 1000.0 120440000.0
18700.0 0.0 3.0 94.0 0.0 0.0 0.0 60220000.0 722.0 2.0 1000.0 120440000.0
18800.0 0.0 3.0 93.0 0.0 0.0 0.0 60220000.0 715.0 2.0 1000.0 120440000.0
18900.0 0.0 3.0 90.0 0.0 0.0 0.0 60220000.0 705.0 2.0 1000.0 120440000.0
19000.0 0.0 3.0 88.0 0.0 0.0 0.0 60220000.0 693.0 2.0 1000.0 120440000.0
19100.0 0.0 3.0 85.0 0.0 0.0 0.0 60220000.0 680.0 2.0 1000.0 120440000.0
19200.0 0.0 3.0 85.0 0.0 0.0 0.0 60220000.0 675.0 2.0 1000.0 120440000.0
19300.0 0.0 3.0 84.0 0.0 0.0 0.0 60220000.0 665.0 2.0 1000.0 120440000.0
19400.0 0.0 3.0 84.0 0.0 0.0 0.0 60220000.0 656.0 2.0 1000.0 120440000.0
19500.0 0.0 3.0 84.0 0.0 0.0 0.0 60220000.0 642.0 2.0 1000.0 120440000.0
19600.0 0.0 3.0 82.0 0.0 0.0 0.0 60220000.0 627.0 2.0 1000.0 120440000.0
19700.0 0.0 3.0 82.0 0.0 0.0 0.0 60220000.0 621.0 2.0 1000.0 120440000.0
19800.0 0.0 3.0 80.0 0.0 0.0 0.0 60220000.0 612.0 2.0 1000.0 120440000.0
19900.0 0.0 3.0 79.0 0.0 0.0 0.0 60220000.0 601.0 2.0 1000.0 120440000.0
