time rna_M monomer_betaGal protein_betaGal Lactose_external Lactose_internal Glucose_external Glucose_internal protein_Lactose_Permease dna_Lac_Operon Biomass Lactose_consumed
0.0 0.0 0.0 0.0 120440000.0 0.0 60220000.0 0.0 0.0 2.0 1000.0 0.0
100.0 0.0 0.0 0.0 120440000.0 0.0 30134357.0 30085643.0 0.0 2.0 1000.0 0.0
200.0 0.0 0.0 0.0 120440000.0 0.0 80199.0 60139801.0 0.0 2.0 1000.0 0.0
300.0 0.0 0.0 0.0 120440000.0 0.0 0.0 60220000.0 0.0 2.0 1000.0 0.0
400.0 0.0 0.0 0.0 120440000.0 0.0 0.0 60220000.0 0.0 2.0 1000.0 0.0
500.0 0.0 0.0 0.0 120440000.0 0.0 0.0 60220000.0 0.0 2.0 1000.0 0.0
600.0 0.0 0.0 0.0 120440000.0 0.0 0.0 60220000.0 0.0 2.0 1000.0 0.0
700.0 0.0 0.0 0.0 120440000.0 0.0 0.0 60220000.0 0.0 2.0 1000.0 0.0
800.0 0.0 0.0 0.0 120440000.0 0.0 0.0 60220000.0 0.0 2.0 1000.0 0.0
900.0 0.0 0.0 0.0 120440000.0 0.0 0.0 60220000.0 0.0 2.0 1000.0 0.0
1000.0 0.0 0.0 0.0 120440000.0 0.0 0.0 60220000.0 0.0 2.0 1000.0 0.0
1100.0 0.0 0.0 0.0 120440000.0 0.0 0.0 60220000.0 0.0 2.0 1000.0 0.0
1200.0 0.0 0.0 0.0 120440000.0 0.0 0.0 60220000.0 0.0 2.0 1000.0 0.0
1300.0 0.0 0.0 0.0 120440000.0 0.0 0.0 60220000.0 0.0 2.0 1000.0 0.0
1400.0 0.0 0.0 0.0 120440000.0 0.0 0.0 60220000.0 0.0 2.0 1000.0 0.0
1500.0 0.0 0.0 0.0 120440000.0 0.0 0.0 60220000.0 0.0 2.0 1000.0 0.0
1600.0 0.0 0.0 0.0 120440000.0 0.0 0.0 60220000.0 0.0 2.0 1000.0 0.0
1700.0 0.0 0.0 0.0 120440000.0 0.0 0.0 60220000.0 0.0 2.0 1000.0 0.0
1800.0 0.0 0.0 0.0 120440000.0 0.0 0.0 60220000.0 0.0 2.0 1000.0 0.0
1900.0 0.0 0.0 0.0 120440000.0 0.0 0.0 60220000.0 0.0 2.0 1000.0 0.0
2000.0 0.0 0.0 0.0 120440000.0 0.0 0.0 60220000.0 0.0 2.0 1000.0 0.0
2100.0 0.0 0.0 0.0 120440000.0 0.0 0.0 60220000.0 0.0 2.0 1000.0 0.0
2200.0 0.0 0.0 0.0 120440000.0 0.0 0.0 60220000.0 0.0 2.0 1000.0 0.0
2300.0 0.0 0.0 0.0 120440000.0 0.0 0.0 60220000.0 0.0 2.0 1000.0 0.0
2400.0 0.0 0.0 0.0 120440000.0 0.0 0.0 60220000.0 0.0 2.0 1000.0 0.0
2500.0 0.0 0.0 0.0 120440000.0 0.0 0.0 60220000.0 0.0 2.0 1000.0 0.0
2600.0 0.0 0.0 0.0 120440000.0 0.0 0.0 60220000.0 0.0 2.0 1000.0 0.0
2700.0 0.0 0.0 0.0 120440000.0 0.0 0.0 60220000.0 0.0 2.0 1000.0 0.0
2800.0 0.0 0.0 0.0 120440000.0 0.0 0.0 60220000.0 0.0 2.0 1000.0 0.0
2900.0 0.0 0.0 0.0 120440000.0 0.0 0.0 60220000.0 0.0 2.0 1000.0 0.0
3000.0 0.0 0.0 0.0 120440000.0 0.0 0.0 60220000.0 0.0 2.0 1000.0 0.0
3100.0 0.0 0.0 1.0 120427067.0 11201.0 0.0 60220000.0 4.0 2.0 1000.0 1732.0
3200.0 0.0 0.0 1.0 120412657.0 20823.0 0.0 60220000.0 4.0 2.0 1000.0 6520.0
3300.0 0.0 0.0 1.0 120398290.0 28352.0 0.0 60220000.0 4.0 2.0 1000.0 13358.0
3400.0 0.0 0.0 1.0 120384076.0 34445.0 0.0 60220000.0 4.0 2.0 1000.0 21479.0
3500.0 0.0 0.0 1.0 120369856.0 39546.0 0.0 60220000.0 4.0 2.0 1000.0 30598.0
3600.0 0.0 0.0 1.0 120355616.0 43816.0 0.0 60220000.0 4.0 2.0 1000.0 40568.0
3700.0 0.0 0.0 1.0 120341280.0 47568.0 0.0 60220000.0 4.0 2.0 1000.0 51152.0
3800.0 0.0 0.0 1.0 120326850.0 50852.0 0.0 60220000.0 4.0 2.0 1000.0 62298.0
3900.0 0.0 0.0 1.0 120312679.0 53428.0 0.0 60220000.0 4.0 2.0 1000.0 73893.0
4000.0 0.0 0.0 1.0 120298462.0 55893.0 0.0 60220000.0 4.0 2.0 1000.0 85645.0
4100.0 0.0 0.0 1.0 120284291.0 58026.0 0.0 60220000.0 4.0 2.0 1000.0 97683.0
4200.0 0.0 0.0 1.0 120269972.0 60038.0 0.0 60220000.0 4.0 2.0 1000.0 109990.0
4300.0 0.0 0.0 1.0 120255816.0 61610.0 0.0 60220000.0 4.0 2.0 1000.0 122574.0
4400.0 0.0 0.0 1.0 120241620.0 62901.0 0.0 60220000.0 4.0 2.0 1000.0 135479.0
4500.0 0.0 0.0 1.0 120227201.0 64430.0 0.0 60220000.0 4.0 2.0 1000.0 148369.0
4600.0 0.0 0.0 1.0 120212823.0 65844.0 0.0 60220000.0 4.0 2.0 1000.0 161333.0
4700.0 0.0 0.0 1.0 120198413.0 67172.0 0.0 60220000.0 4.0 2.0 1000.0 174415.0
4800.0 0.0 0.0 1.0 120184321.0 68146.0 0.0 60220000.0 4.0 2.0 1000.0 187533.0
4900.0 0.0 0.0 1.0 120170031.0 68951.0 0.0 60220000.0 4.0 2.0 1000.0 201018.0
5000.0 0.0 0.0 1.0 120155855.0 69316.0 0.0 60220000.0 4.0 2.0 1000.0 214829.0
5100.0 0.0 0.0 1.0 120141450.0 69994.0 0.0 60220000.0 4.0 2.0 1000.0 228556.0
5200.0 0.0 0.0 1.0 120127281.0 70509.0 0.0 60220000.0 4.0 2.0 1000.0 242210.0
5300.0 0.0 0.0 1.0 120112965.0 71219.0 0.0 60220000.0 4.0 2.0 1000.0 255816.0
5400.0 0.0 0.0 1.0 120098636.0 71739.0 0.0 60220000.0 4.0 2.0 1000.0 269625.0
5500.0 0.0 0.0 1.0 120084303.0 72160.0 0.0 60220000.0 4.0 2.0 1000.0 283537.0
5600.0 0.0 0.0 1.0 120070087.0 72456.0 0.0 60220000.0 4.0 2.0 1000.0 297457.0
5700.0 0.0 0.0 1.0 120055969.0 72732.0 0.0 60220000.0 4.0 2.0 1000.0 311299.0
5800.0 0.0 0.0 1.0 120041711.0 73025.0 0.0 60220000.0 4.0 2.0 1000.0 325264.0
5900.0 0.0 0.0 1.0 120027448.0 73252.0 0.0 60220000.0 4.0 2.0 1000.0 339300.0
6000.0 0.0 0.0 1.0 120013187.0 73570.0 0.0 60220000.0 4.0 2.0 1000.0 353243.0
6100.0 0.0 0.0 1.0 119998999.0 73780.0 0.0 60220000.0 4.0 2.0 1000.0 367221.0
6200.0 0.0 0.0 1.0 119984896.0 74104.0 0.0 60220000.0 4.0 2.0 1000.0 381000.0
6300.0 0.0 0.0 1.0 119970492.0 74292.0 0.0 60220000.0 4.0 2.0 1000.0 395216.0
6400.0 0.0 0.0 1.0 119956007.0 74601.0 0.0 60220000.0 4.0 2.0 1000.0 409392.0
6500.0 0.0 0.0 1.0 119941592.0 74874.0 0.0 60220000.0 4.0 2.0 1000.0 423534.0
6600.0 0.0 0.0 1.0 119927189.0 75095.0 0.0 60220000.0 4.0 2.0 1000.0 437716.0
6700.0 0.0 0.0 1.0 119912962.0 75351.0 0.0 60220000.0 4.0 2.0 1000.0 451687.0
6800.0 0.0 0.0 1.0 119898702.0 75519.0 0.0 60220000.0 4.0 2.0 1000.0 465779.0
6900.0 0.0 0.0 1.0 119884420.0 75610.0 0.0 60220000.0 4.0 2.0 1000.0 479970.0
7000.0 0.0 0.0 1.0 119870273.0 75536.0 0.0 60220000.0 4.0 2.0 1000.0 494191.0
7100.0 0.0 0.0 1.0 119855915.0 75567.0 0.0 60220000.0 4.0 2.0 1000.0 508518.0
7200.0 0.0 0.0 1.0 119841399.0 75875.0 0.0 60220000.0 4.0 2.0 1000.0 522726.0
7300.0 0.0 0.0 1.0 119832917.0 70327.0 0.0 60220000.0 2.0 2.0 1000.0 536756.0
7400.0 0.0 0.0 1.0 119825791.0 64370.0 0.0 60220000.0 2.0 2.0 1000.0 549839.0
7500.0 0.0 0.0 1.0 119818611.0 59083.0 0.0 60220000.0 2.0 2.0 1000.0 562306.0
7600.0 0.0 0.0 1.0 119811376.0 54270.0 0.0 60220000.0 2.0 2.0 1000.0 574354.0
7700.0 0.0 0.0 1.0 119804300.0 49865.0 0.0 60220000.0 2.0 2.0 1000.0 585835.0
7800.0 0.0 0.0 1.0 119797091.0 46296.0 0.0 60220000.0 2.0 2.0 1000.0 596613.0
7900.0 0.0 0.0 1.0 119789969.0 43087.0 0.0 60220000.0 2.0 2.0 1000.0 606944.0
8000.0 0.0 0.0 1.0 119782885.0 40248.0 0.0 60220000.0 2.0 2.0 1000.0 616867.0
8100.0 0.0 0.0 1.0 119775661.0 37882.0 0.0 60220000.0 2.0 2.0 1000.0 626457.0
8200.0 0.0 0.0 1.0 119768671.0 35637.0 0.0 60220000.0 2.0 2.0 1000.0 635692.0
8300.0 0.0 0.0 1.0 119761410.0 34219.0 0.0 60220000.0 2.0 2.0 1000.0 644371.0
8400.0 0.0 0.0 1.0 119754141.0 33009.0 0.0 60220000.0 2.0 2.0 1000.0 652850.0
8500.0 0.0 0.0 1.0 119746996.0 31739.0 0.0 60220000.0 2.0 2.0 1000.0 661265.0
8600.0 0.0 0.0 1.0 119739796.0 30831.0 0.0 60220000.0 2.0 2.0 1000.0 669373.0
8700.0 0.0 0.0 1.0 119732636.0 29873.0 0.0 60220000.0 2.0 2.0 1000.0 677491.0
8800.0 0.0 0.0 1.0 119725503.0 29124.0 0.0 60220000.0 2.0 2.0 1000.0 685373.0
8900.0 0.0 0.0 1.0 119718322.0 28637.0 0.0 60220000.0 2.0 2.0 1000.0 693041.0
9000.0 0.0 0.0 1.0 119711307.0 28119.0 0.0 60220000.0 2.0 2.0 1000.0 700574.0
9100.0 0.0 0.0 1.0 119704169.0 27855.0 0.0 60220000.0 2.0 2.0 1000.0 707976.0
9200.0 0.0 0.0 1.0 119697091.0 27480.0 0.0 60220000.0 2.0 2.0 1000.0 715429.0
9300.0 0.0 0.0 1.0 119689880.0 27370.0 0.0 60220000.0 2.0 2.0 1000.0 722750.0
9400.0 0.0 0.0 1.0 119682770.0 27063.0 0.0 60220000.0 2.0 2.0 1000.0 730167.0
9500.0 0.0 0.0 1.0 119675607.0 27058.0 0.0 60220000.0 2.0 2.0 1000.0 737335.0
9600.0 0.0 0.0 1.0 119668438.0 26877.0 0.0 60220000.0 2.0 2.0 1000.0 744685.0
9700.0 0.0 0.0 1.0 119661059.0 26924.0 0.0 60220000.0 2.0 2.0 1000.0 752017.0
9800.0 0.0 0.0 1.0 119654062.0 26731.0 0.0 60220000.0 2.0 2.0 1000.0 759207.0
9900.0 0.0 0.0 1.0 119646860.0 26734.0 0.0 60220000.0 2.0 2.0 1000.0 766406.0
10000.0 1.0 3.0 2.0 119607416.0 54320.0 0.0 60220000.0 24.0 2.0 1000.0 778264.0
10100.0 1.0 3.0 5.0 119455873.0 142194.0 0.0 60220000.0 58.0 2.0 1000.0 841933.0
10200.0 1.0 1.0 9.0 119216483.0 236674.0 0.0 60220000.0 77.0 2.0 1000.0 986843.0
10300.0 0.0 2.0 10.0 118920096.0 307152.0 0.0 60220000.0 83.0 2.0 1000.0 1212752.0
10400.0 0.0 2.0 9.0 118628313.0 364213.0 0.0 60220000.0 81.0 2.0 1000.0 1447474.0
10500.0 0.0 2.0 9.0 118339999.0 429982.0 0.0 60220000.0 80.0 2.0 1000.0 1670019.0
10600.0 0.0 2.0 8.0 118054793.0 509835.0 0.0 60220000.0 79.0 2.0 1000.0 1875372.0
10700.0 0.0 2.0 8.0 117778590.0 577670.0 0.0 60220000.0 76.0 2.0 1000.0 2083740.0
10800.0 0.0 2.0 8.0 117507546.0 637530.0 0.0 60220000.0 75.0 2.0 1000.0 2294924.0
10900.0 0.0 2.0 8.0 117242850.0 689348.0 0.0 60220000.0 74.0 2.0 1000.0 2507802.0
11000.0 0.0 2.0 10.0 116957790.0 734881.0 0.0 60220000.0 88.0 2.0 1000.0 2747329.0
11100.0 0.0 2.0 10.0 116646039.0 776264.0 0.0 60220000.0 86.0 2.0 1000.0 3017697.0
11200.0 0.0 2.0 10.0 116339060.0 812034.0 0.0 60220000.0 85.0 2.0 1000.0 3288906.0
11300.0 0.0 2.0 10.0 116035915.0 843654.0 0.0 60220000.0 84.0 2.0 1000.0 3560431.0
11400.0 0.0 2.0 10.0 115739034.0 867052.0 0.0 60220000.0 83.0 2.0 1000.0 3833914.0
11500.0 0.0 2.0 10.0 115444407.0 888567.0 0.0 60220000.0 82.0 2.0 1000.0 4107026.0
11600.0 0.0 2.0 10.0 115152016.0 906402.0 0.0 60220000.0 82.0 2.0 1000.0 4381582.0
11700.0 0.0 2.0 10.0 114867269.0 916237.0 0.0 60220000.0 79.0 2.0 1000.0 4656494.0
11800.0 0.0 2.0 9.0 114588900.0 939762.0 0.0 60220000.0 78.0 2.0 1000.0 4911338.0
11900.0 0.0 2.0 9.0 114311831.0 968791.0 0.0 60220000.0 76.0 2.0 1000.0 5159378.0
12000.0 0.0 2.0 9.0 114043624.0 990019.0 0.0 60220000.0 75.0 2.0 1000.0 5406357.0
12100.0 0.0 2.0 9.0 113780693.0 1004526.0 0.0 60220000.0 73.0 2.0 1000.0 5654781.0
12200.0 0.0 2.0 9.0 113523300.0 1012783.0 0.0 60220000.0 71.0 2.0 1000.0 5903917.0
12300.0 0.0 2.0 9.0 113270482.0 1016602.0 0.0 60220000.0 70.0 2.0 1000.0 6152916.0
12400.0 0.0 2.0 9.0 113022717.0 1015439.0 0.0 60220000.0 69.0 2.0 1000.0 6401844.0
12500.0 0.0 2.0 9.0 112779187.0 1009511.0 0.0 60220000.0 68.0 2.0 1000.0 6651302.0
12600.0 0.0 2.0 9.0 112538171.0 1001153.0 0.0 60220000.0 67.0 2.0 1000.0 6900676.0
12700.0 1.0 1.0 11.0 112293601.0 987548.0 0.0 60220000.0 76.0 2.0 1000.0 7158851.0
12800.0 0.0 1.0 13.0 112005904.0 933950.0 0.0 60220000.0 83.0 2.0 1000.0 7500146.0
12900.0 0.0 1.0 13.0 111712260.0 870762.0 0.0 60220000.0 82.0 2.0 1000.0 7856978.0
13000.0 0.0 1.0 11.0 111422582.0 832479.0 0.0 60220000.0 81.0 2.0 1000.0 8184939.0
13100.0 0.0 1.0 10.0 111134155.0 837760.0 0.0 60220000.0 81.0 2.0 1000.0 8468085.0
13200.0 0.0 1.0 9.0 110845476.0 856599.0 0.0 60220000.0 81.0 2.0 1000.0 8737925.0
13300.0 0.0 1.0 9.0 110556421.0 899839.0 0.0 60220000.0 81.0 2.0 1000.0 8983740.0
13400.0 0.0 1.0 9.0 110272211.0 937370.0 0.0 60220000.0 79.0 2.0 1000.0 9230419.0
13500.0 0.0 1.0 8.0 109996394.0 977081.0 0.0 60220000.0 76.0 2.0 1000.0 9466525.0
13600.0 0.0 1.0 8.0 109727441.0 1025201.0 0.0 60220000.0 75.0 2.0 1000.0 9687358.0
13700.0 0.0 1.0 8.0 109464209.0 1066197.0 0.0 60220000.0 73.0 2.0 1000.0 9909594.0
13800.0 0.0 1.0 8.0 109205192.0 1102789.0 0.0 60220000.0 72.0 2.0 1000.0 10132019.0
13900.0 0.0 1.0 7.0 108949180.0 1147618.0 0.0 60220000.0 72.0 2.0 1000.0 10343202.0
14000.0 0.0 1.0 7.0 108700150.0 1200268.0 0.0 60220000.0 70.0 2.0 1000.0 10539582.0
14100.0 0.0 1.0 7.0 108457274.0 1246762.0 0.0 60220000.0 67.0 2.0 1000.0 10735964.0
14200.0 0.0 1.0 7.0 108222384.0 1284812.0 0.0 60220000.0 66.0 2.0 1000.0 10932804.0
14300.0 0.0 1.0 7.0 107991119.0 1319208.0 0.0 60220000.0 65.0 2.0 1000.0 11129673.0
14400.0 0.0 1.0 7.0 107759467.0 1353908.0 0.0 60220000.0 64.0 2.0 1000.0 11326625.0
14500.0 0.0 1.0 7.0 107531843.0 1383878.0 0.0 60220000.0 64.0 2.0 1000.0 11524279.0
14600.0 0.0 1.0 7.0 107304388.0 1413291.0 0.0 60220000.0 64.0 2.0 1000.0 11722321.0
14700.0 0.0 1.0 7.0 107076665.0 1443939.0 0.0 60220000.0 64.0 2.0 1000.0 11919396.0
14800.0 0.0 1.0 7.0 106848314.0 1473737.0 0.0 60220000.0 64.0 2.0 1000.0 12117949.0
14900.0 0.0 1.0 7.0 106621562.0 1501642.0 0.0 60220000.0 63.0 2.0 1000.0 12316796.0
15000.0 0.0 1.0 7.0 106400145.0 1523875.0 0.0 60220000.0 62.0 2.0 1000.0 12515980.0
15100.0 0.0 1.0 7.0 106185121.0 1539468.0 0.0 60220000.0 59.0 2.0 1000.0 12715411.0
15200.0 0.0 1.0 7.0 105975797.0 1550663.0 0.0 60220000.0 59.0 2.0 1000.0 12913540.0
15300.0 0.0 1.0 7.0 105767422.0 1559263.0 0.0 60220000.0 58.0 2.0 1000.0 13113315.0
15400.0 0.0 1.0 6.0 105562512.0 1586359.0 0.0 60220000.0 56.0 2.0 1000.0 13291129.0
15500.0 0.0 1.0 6.0 105363316.0 1614378.0 0.0 60220000.0 56.0 2.0 1000.0 13462306.0
15600.0 0.0 1.0 6.0 105165203.0 1640861.0 0.0 60220000.0 55.0 2.0 1000.0 13633936.0
15700.0 0.0 1.0 5.0 104969362.0 1671826.0 0.0 60220000.0 55.0 2.0 1000.0 13798812.0
15800.0 0.0 1.0 5.0 104773919.0 1723932.0 0.0 60220000.0 55.0 2.0 1000.0 13942149.0
15900.0 0.0 1.0 5.0 104579169.0 1775505.0 0.0 60220000.0 54.0 2.0 1000.0 14085326.0
16000.0 0.0 1.0 5.0 104388840.0 1822026.0 0.0 60220000.0 53.0 2.0 1000.0 14229134.0
16100.0 0.0 1.0 5.0 104200055.0 1867407.0 0.0 60220000.0 53.0 2.0 1000.0 14372538.0
16200.0 0.0 1.0 5.0 104015066.0 1909776.0 0.0 60220000.0 52.0 2.0 1000.0 14515158.0
16300.0 0.0 1.0 5.0 103829972.0 1950848.0 0.0 60220000.0 52.0 2.0 1000.0 14659180.0
16400.0 0.0 1.0 5.0 103649780.0 1986737.0 0.0 60220000.0 50.0 2.0 1000.0 14803483.0
16500.0 0.0 1.0 5.0 103474091.0 2018040.0 0.0 60220000.0 49.0 2.0 1000.0 14947869.0
16600.0 0.0 1.0 5.0 103299967.0 2048458.0 0.0 60220000.0 49.0 2.0 1000.0 15091575.0
16700.0 0.0 1.0 5.0 103125435.0 2078736.0 0.0 60220000.0 49.0 2.0 1000.0 15235829.0
16800.0 0.0 1.0 5.0 102950716.0 2108881.0 0.0 60220000.0 48.0 2.0 1000.0 15380403.0
16900.0 0.0 1.0 5.0 102781417.0 2133749.0 0.0 60220000.0 46.0 2.0 1000.0 15524834.0
17000.0 0.0 1.0 5.0 102618760.0 2151872.0 0.0 60220000.0 46.0 2.0 1000.0 15669368.0
17100.0 0.0 1.0 5.0 102455767.0 2170787.0 0.0 60220000.0 46.0 2.0 1000.0 15813446.0
17200.0 0.0 1.0 5.0 102292669.0 2189332.0 0.0 60220000.0 46.0 2.0 1000.0 15957999.0
17300.0 0.0 1.0 5.0 102129884.0 2208387.0 0.0 60220000.0 46.0 2.0 1000.0 16101729.0
17400.0 0.0 1.0 5.0 101967382.0 2226362.0 0.0 60220000.0 45.0 2.0 1000.0 16246256.0
17500.0 0.0 1.0 5.0 101807550.0 2241596.0 0.0 60220000.0 45.0 2.0 1000.0 16390854.0
17600.0 0.0 1.0 5.0 101647944.0 2257023.0 0.0 60220000.0 45.0 2.0 1000.0 16535033.0
17700.0 1.0 1.0 6.0 101485412.0 2273844.0 0.0 60220000.0 55.0 2.0 1000.0 16680744.0
17800.0 0.0 1.0 7.0 101272335.0 2286448.0 0.0 60220000.0 60.0 2.0 1000.0 16881217.0
17900.0 0.0 1.0 7.0 101059195.0 2297476.0 0.0 60220000.0 58.0 2.0 1000.0 17083329.0
18000.0 0.0 1.0 7.0 100854977.0 2298787.0 0.0 60220000.0 57.0 2.0 1000.0 17286236.0
18100.0 0.0 1.0 7.0 100652770.0 2298061.0 0.0 60220000.0 57.0 2.0 1000.0 17489169.0
18200.0 0.0 0.0 8.0 100431826.0 2296058.0 0.0 60220000.0 64.0 2.0 1000.0 17712116.0
18300.0 0.0 0.0 8.0 100205049.0 2290614.0 0.0 60220000.0 64.0 2.0 1000.0 17944337.0
18400.0 0.0 0.0 8.0 99981642.0 2281828.0 0.0 60220000.0 63.0 2.0 1000.0 18176530.0
18500.0 0.0 0.0 8.0 99759434.0 2273092.0 0.0 60220000.0 62.0 2.0 1000.0 18407474.0
18600.0 0.0 0.0 8.0 99541864.0 2259053.0 0.0 60220000.0 61.0 2.0 1000.0 18639083.0
18700.0 0.0 0.0 8.0 99326107.0 2244015.0 0.0 60220000.0 61.0 2.0 1000.0 18869878.0
18800.0 0.0 0.0 8.0 99112861.0 2225293.0 0.0 60220000.0 59.0 2.0 1000.0 19101846.0
18900.0 0.0 0.0 8.0 98903753.0 2202961.0 0.0 60220000.0 59.0 2.0 1000.0 19333286.0
19000.0 0.0 0.0 8.0 98698071.0 2176972.0 0.0 60220000.0 57.0 2.0 1000.0 19564957.0
19100.0 0.0 0.0 8.0 98495387.0 2148416.0 0.0 60220000.0 57.0 2.0 1000.0 19796197.0
19200.0 0.0 0.0 7.0 98293223.0 2126995.0 0.0 60220000.0 56.0 2.0 1000.0 20019782.0
19300.0 0.0 0.0 6.0 98095086.0 2126548.0 0.0 60220000.0 56.0 2.0 1000.0 20218366.0
19400.0 1.0 0.0 7.0 97886628.0 2161587.0 0.0 60220000.0 64.0 2.0 1000.0 20391785.0
19500.0 2.0 0.0 14.0 97564847.0 2201149.0 0.0 60220000.0 126.0 2.0 1000.0 20674004.0
19600.0 2.0 1.0 19.0 97014797.0 2294975.0 0.0 60220000.0 185.0 2.0 1000.0 21130228.0
19700.0 1.0 0.0 26.0 96237971.0 2436888.0 0.0 60220000.0 247.0 2.0 1000.0 21765141.0
19800.0 0.0 3.0 27.0 95292527.0 2602418.0 0.0 60220000.0 279.0 2.0 1000.0 22545055.0
19900.0 0.0 3.0 27.0 94313117.0 2796187.0 0.0 60220000.0 274.0 2.0 1000.0 23330696.0
