time rna_M monomer_betaGal protein_betaGal Lactose_external Lactose_internal Glucose_external Glucose_internal protein_Lactose_Permease dna_Lac_Operon Biomass Lactose_consumed
0.0 0.0 0.0 0.0 120440000.0 0.0 60220000.0 0.0 0.0 2.0 1000.0 0.0
100.0 0.0 0.0 0.0 120440000.0 0.0 30130630.0 30089370.0 0.0 2.0 1000.0 0.0
200.0 0.0 0.0 0.0 120440000.0 0.0 82737.0 60137263.0 0.0 2.0 1000.0 0.0
300.0 0.0 0.0 0.0 120440000.0 0.0 0.0 60220000.0 0.0 2.0 1000.0 0.0
400.0 0.0 0.0 0.0 120440000.0 0.0 0.0 60220000.0 0.0 2.0 1000.0 0.0
500.0 0.0 0.0 0.0 120440000.0 0.0 0.0 60220000.0 0.0 2.0 1000.0 0.0
600.0 0.0 0.0 0.0 120440000.0 0.0 0.0 60220000.0 0.0 2.0 1000.0 0.0
700.0 0.0 0.0 0.0 120440000.0 0.0 0.0 60220000.0 0.0 2.0 1000.0 0.0
800.0 0.0 0.0 0.0 120440000.0 0.0 0.0 60220000.0 0.0 2.0 1000.0 0.0
900.0 0.0 0.0 0.0 120440000.0 0.0 0.0 60220000.0 0.0 2.0 1000.0 0.0
1000.0 0.0 0.0 0.0 120440000.0 0.0 0.0 60220000.0 0.0 2.0 1000.0 0.0
1100.0 0.0 0.0 0.0 120440000.0 0.0 0.0 60220000.0 0.0 2.0 1000.0 0.0
1200.0 0.0 0.0 0.0 120440000.0 0.0 0.0 60220000.0 0.0 2.0 1000.0 0.0
1300.0 0.0 0.0 0.0 120440000.0 0.0 0.0 60220000.0 0.0 2.0 1000.0 0.0
1400.0 0.0 0.0 0.0 120440000.0 0.0 0.0 60220000.0 0.0 2.0 1000.0 0.0
1500.0 0.0 0.0 0.0 120440000.0 0.0 0.0 60220000.0 0.0 2.0 1000.0 0.0
1600.0 0.0 0.0 0.0 120440000.0 0.0 0.0 60220000.0 0.0 2.0 1000.0 0.0
1700.0 0.0 0.0 0.0 120440000.0 0.0 0.0 60220000.0 0.0 2.0 1000.0 0.0
1800.0 0.0 0.0 0.0 120440000.0 0.0 0.0 60220000.0 0.0 2.0 1000.0 0.0
1900.0 0.0 0.0 0.0 120440000.0 0.0 0.0 60220000.0 0.0 2.0 1000.0 0.0
2000.0 0.0 0.0 0.0 120440000.0 0.0 0.0 60220000.0 0.0 2.0 1000.0 0.0
2100.0 0.0 0.0 0.0 120440000.0 0.0 0.0 60220000.0 0.0 2.0 1000.0 0.0
2200.0 0.0 0.0 0.0 120440000.0 0.0 0.0 60220000.0 0.0 2.0 1000.0 0.0
2300.0 0.0 0.0 0.0 120440000.0 0.0 0.0 60220000.0 0.0 2.0 1000.0 0.0
2400.0 0.0 0.0 0.0 120440000.0 0.0 0.0 60220000.0 0.0 2.0 1000.0 0.0
2500.0 0.0 0.0 0.0 120440000.0 0.0 0.0 60220000.0 0.0 2.0 1000.0 0.0
2600.0 0.0 0.0 0.0 120440000.0 0.0 0.0 60220000.0 0.0 2.0 1000.0 0.0
2700.0 0.0 0.0 0.0 120440000.0 0.0 0.0 60220000.0 0.0 2.0 1000.0 0.0
2800.0 0.0 0.0 0.0 120440000.0 0.0 0.0 60220000.0 0.0 2.0 1000.0 0.0
2900.0 0.0 0.0 0.0 120440000.0 0.0 0.0 60220000.0 0.0 2.0 1000.0 0.0
3000.0 0.0 0.0 0.0 120440000.0 0.0 0.0 60220000.0 0.0 2.0 1000.0 0.0
3100.0 0.0 0.0 0.0 120440000.0 0.0 0.0 60220000.0 0.0 2.0 1000.0 0.0
3200.0 0.0 0.0 0.0 120440000.0 0.0 0.0 60220000.0 0.0 2.0 1000.0 0.0
3300.0 0.0 0.0 0.0 120440000.0 0.0 0.0 60220000.0 0.0 2.0 1000.0 0.0
3400.0 0.0 0.0 0.0 120440000.0 0.0 0.0 60220000.0 0.0 2.0 1000.0 0.0
3500.0 0.0 0.0 0.0 120440000.0 0.0 0.0 60220000.0 0.0 2.0 1000.0 0.0
3600.0 0.0 0.0 0.0 120440000.0 0.0 0.0 60220000.0 0.0 2.0 1000.0 0.0
3700.0 0.0 0.0 0.0 120440000.0 0.0 0.0 60220000.0 0.0 2.0 1000.0 0.0
3800.0 0.0 0.0 0.0 120440000.0 0.0 0.0 60220000.0 0.0 2.0 1000.0 0.0
3900.0 0.0 0.0 0.0 120440000.0 0.0 0.0 60220000.0 0.0 2.0 1000.0 0.0
4000.0 0.0 0.0 0.0 120440000.0 0.0 0.0 60220000.0 0.0 2.0 1000.0 0.0
4100.0 0.0 0.0 0.0 120440000.0 0.0 0.0 60220000.0 0.0 2.0 1000.0 0.0
4200.0 0.0 0.0 0.0 120440000.0 0.0 0.0 60220000.0 0.0 2.0 1000.0 0.0
4300.0 0.0 0.0 0.0 120440000.0 0.0 0.0 60220000.0 0.0 2.0 1000.0 0.0
4400.0 0.0 0.0 0.0 120440000.0 0.0 0.0 60220000.0 0.0 2.0 1000.0 0.0
4500.0 0.0 0.0 0.0 120440000.0 0.0 0.0 60220000.0 0.0 2.0 1000.0 0.0
4600.0 0.0 0.0 0.0 120440000.0 0.0 0.0 60220000.0 0.0 2.0 1000.0 0.0
4700.0 0.0 1.0 0.0 120438800.0 1200.0 0.0 60220000.0 2.0 2.0 1000.0 0.0
4800.0 0.0 1.0 0.0 120431741.0 8259.0 0.0 60220000.0 2.0 2.0 1000.0 0.0
4900.0 0.0 1.0 0.0 120424518.0 15482.0 0.0 60220000.0 2.0 2.0 1000.0 0.0
5000.0 0.0 1.0 0.0 120417384.0 22616.0 0.0 60220000.0 2.0 2.0 1000.0 0.0
5100.0 0.0 1.0 0.0 120410145.0 29855.0 0.0 60220000.0 2.0 2.0 1000.0 0.0
5200.0 0.0 1.0 0.0 120403127.0 36873.0 0.0 60220000.0 2.0 2.0 1000.0 0.0
5300.0 0.0 1.0 0.0 120396028.0 43972.0 0.0 60220000.0 2.0 2.0 1000.0 0.0
5400.0 0.0 1.0 0.0 120388761.0 51239.0 0.0 60220000.0 2.0 2.0 1000.0 0.0
5500.0 0.0 1.0 0.0 120381634.0 58366.0 0.0 60220000.0 2.0 2.0 1000.0 0.0
5600.0 0.0 1.0 0.0 120374486.0 65514.0 0.0 60220000.0 2.0 2.0 1000.0 0.0
5700.0 0.0 1.0 0.0 120367397.0 72603.0 0.0 60220000.0 2.0 2.0 1000.0 0.0
5800.0 0.0 1.0 0.0 120360218.0 79782.0 0.0 60220000.0 2.0 2.0 1000.0 0.0
5900.0 0.0 1.0 0.0 120353009.0 86991.0 0.0 60220000.0 2.0 2.0 1000.0 0.0
6000.0 0.0 1.0 0.0 120345831.0 94169.0 0.0 60220000.0 2.0 2.0 1000.0 0.0
6100.0 0.0 1.0 0.0 120338757.0 101243.0 0.0 60220000.0 2.0 2.0 1000.0 0.0
6200.0 0.0 1.0 0.0 120331721.0 108279.0 0.0 60220000.0 2.0 2.0 1000.0 0.0
6300.0 0.0 1.0 0.0 120324508.0 115492.0 0.0 60220000.0 2.0 2.0 1000.0 0.0
6400.0 0.0 1.0 0.0 120317363.0 122637.0 0.0 60220000.0 2.0 2.0 1000.0 0.0
6500.0 0.0 1.0 0.0 120310292.0 129708.0 0.0 60220000.0 2.0 2.0 1000.0 0.0
6600.0 0.0 1.0 0.0 120303223.0 136777.0 0.0 60220000.0 2.0 2.0 1000.0 0.0
6700.0 0.0 1.0 0.0 120296051.0 143949.0 0.0 60220000.0 2.0 2.0 1000.0 0.0
6800.0 0.0 1.0 0.0 120288756.0 151244.0 0.0 60220000.0 2.0 2.0 1000.0 0.0
6900.0 0.0 1.0 0.0 120281574.0 158426.0 0.0 60220000.0 2.0 2.0 1000.0 0.0
7000.0 0.0 1.0 0.0 120274326.0 165674.0 0.0 60220000.0 2.0 2.0 1000.0 0.0
7100.0 0.0 1.0 0.0 120267118.0 172882.0 0.0 60220000.0 2.0 2.0 1000.0 0.0
7200.0 0.0 1.0 0.0 120260045.0 179955.0 0.0 60220000.0 2.0 2.0 1000.0 0.0
7300.0 0.0 1.0 0.0 120253030.0 186970.0 0.0 60220000.0 2.0 2.0 1000.0 0.0
7400.0 0.0 1.0 0.0 120245768.0 194232.0 0.0 60220000.0 2.0 2.0 1000.0 0.0
7500.0 0.0 1.0 0.0 120238660.0 201340.0 0.0 60220000.0 2.0 2.0 1000.0 0.0
7600.0 0.0 1.0 0.0 120231527.0 208473.0 0.0 60220000.0 2.0 2.0 1000.0 0.0
7700.0 0.0 1.0 0.0 120224289.0 215711.0 0.0 60220000.0 2.0 2.0 1000.0 0.0
7800.0 0.0 1.0 0.0 120217100.0 222900.0 0.0 60220000.0 2.0 2.0 1000.0 0.0
7900.0 0.0 1.0 0.0 120209917.0 230083.0 0.0 60220000.0 2.0 2.0 1000.0 0.0
8000.0 0.0 1.0 0.0 120202797.0 237203.0 0.0 60220000.0 2.0 2.0 1000.0 0.0
8100.0 0.0 1.0 0.0 120195698.0 244302.0 0.0 60220000.0 2.0 2.0 1000.0 0.0
8200.0 0.0 1.0 0.0 120188694.0 251306.0 0.0 60220000.0 2.0 2.0 1000.0 0.0
8300.0 0.0 1.0 0.0 120181548.0 258452.0 0.0 60220000.0 2.0 2.0 1000.0 0.0
8400.0 0.0 1.0 0.0 120174427.0 265573.0 0.0 60220000.0 2.0 2.0 1000.0 0.0
8500.0 1.0 0.0 1.0 120164059.0 273820.0 0.0 60220000.0 11.0 2.0 1000.0 2121.0
8600.0 0.0 3.0 2.0 120106826.0 290733.0 0.0 60220000.0 18.0 2.0 1000.0 42441.0
8700.0 0.0 3.0 2.0 120042667.0 308224.0 0.0 60220000.0 18.0 2.0 1000.0 89109.0
8800.0 0.0 3.0 2.0 119982208.0 321538.0 0.0 60220000.0 17.0 2.0 1000.0 136254.0
8900.0 0.0 3.0 2.0 119924194.0 332249.0 0.0 60220000.0 15.0 2.0 1000.0 183557.0
9000.0 0.0 3.0 2.0 119870386.0 338182.0 0.0 60220000.0 15.0 2.0 1000.0 231432.0
9100.0 0.0 3.0 2.0 119819836.0 340911.0 0.0 60220000.0 13.0 2.0 1000.0 279253.0
9200.0 0.0 3.0 2.0 119773665.0 339157.0 0.0 60220000.0 13.0 2.0 1000.0 327178.0
9300.0 0.0 3.0 2.0 119727342.0 337145.0 0.0 60220000.0 13.0 2.0 1000.0 375513.0
9400.0 0.0 3.0 2.0 119681042.0 335436.0 0.0 60220000.0 13.0 2.0 1000.0 423522.0
9500.0 0.0 3.0 2.0 119634854.0 333515.0 0.0 60220000.0 13.0 2.0 1000.0 471631.0
9600.0 0.0 3.0 2.0 119587982.0 332562.0 0.0 60220000.0 13.0 2.0 1000.0 519456.0
9700.0 0.0 3.0 2.0 119541308.0 331383.0 0.0 60220000.0 13.0 2.0 1000.0 567309.0
9800.0 0.0 3.0 2.0 119494613.0 330043.0 0.0 60220000.0 13.0 2.0 1000.0 615344.0
9900.0 0.0 3.0 2.0 119448149.0 328583.0 0.0 60220000.0 13.0 2.0 1000.0 663268.0
10000.0 0.0 3.0 2.0 119404385.0 324533.0 0.0 60220000.0 12.0 2.0 1000.0 711082.0
10100.0 0.0 3.0 2.0 119361626.0 319614.0 0.0 60220000.0 12.0 2.0 1000.0 758760.0
10200.0 0.0 3.0 2.0 119318817.0 315218.0 0.0 60220000.0 12.0 2.0 1000.0 805965.0
10300.0 0.0 3.0 2.0 119275914.0 310779.0 0.0 60220000.0 12.0 2.0 1000.0 853307.0
10400.0 0.0 3.0 2.0 119232806.0 306945.0 0.0 60220000.0 12.0 2.0 1000.0 900249.0
10500.0 0.0 3.0 2.0 119189852.0 303192.0 0.0 60220000.0 12.0 2.0 1000.0 946956.0
10600.0 0.0 3.0 2.0 119146946.0 299179.0 0.0 60220000.0 12.0 2.0 1000.0 993875.0
10700.0 0.0 3.0 2.0 119104304.0 295415.0 0.0 60220000.0 12.0 2.0 1000.0 1040281.0
10800.0 0.0 3.0 2.0 119061473.0 291931.0 0.0 60220000.0 12.0 2.0 1000.0 1086596.0
10900.0 0.0 3.0 2.0 119018743.0 288255.0 0.0 60220000.0 12.0 2.0 1000.0 1133002.0
11000.0 0.0 3.0 2.0 118976030.0 284880.0 0.0 60220000.0 12.0 2.0 1000.0 1179090.0
11100.0 0.0 3.0 2.0 118936745.0 278130.0 0.0 60220000.0 11.0 2.0 1000.0 1225125.0
11200.0 0.0 3.0 2.0 118897850.0 270664.0 0.0 60220000.0 11.0 2.0 1000.0 1271486.0
11300.0 0.0 3.0 2.0 118860333.0 262826.0 0.0 60220000.0 9.0 2.0 1000.0 1316841.0
11400.0 0.0 3.0 2.0 118827919.0 250296.0 0.0 60220000.0 9.0 2.0 1000.0 1361785.0
11500.0 0.0 3.0 2.0 118795466.0 238024.0 0.0 60220000.0 9.0 2.0 1000.0 1406510.0
11600.0 0.0 3.0 2.0 118763553.0 225779.0 0.0 60220000.0 9.0 2.0 1000.0 1450668.0
11700.0 0.0 3.0 2.0 118731319.0 214555.0 0.0 60220000.0 9.0 2.0 1000.0 1494126.0
11800.0 0.0 3.0 2.0 118699406.0 203694.0 0.0 60220000.0 9.0 2.0 1000.0 1536900.0
11900.0 0.0 3.0 2.0 118667220.0 194256.0 0.0 60220000.0 9.0 2.0 1000.0 1578524.0
12000.0 0.0 3.0 2.0 118635088.0 184786.0 0.0 60220000.0 9.0 2.0 1000.0 1620126.0
12100.0 0.0 3.0 2.0 118602989.0 176065.0 0.0 60220000.0 9.0 2.0 1000.0 1660946.0
12200.0 1.0 0.0 7.0 118515545.0 183820.0 0.0 60220000.0 43.0 2.0 1000.0 1740635.0
12300.0 1.0 2.0 11.0 118313567.0 198677.0 0.0 60220000.0 69.0 2.0 1000.0 1927756.0
12400.0 0.0 3.0 10.0 118049009.0 237612.0 0.0 60220000.0 74.0 2.0 1000.0 2153379.0
12500.0 0.0 3.0 10.0 117797587.0 264601.0 0.0 60220000.0 69.0 2.0 1000.0 2377812.0
12600.0 0.0 3.0 10.0 117550572.0 282232.0 0.0 60220000.0 69.0 2.0 1000.0 2607196.0
12700.0 0.0 3.0 10.0 117304421.0 296547.0 0.0 60220000.0 68.0 2.0 1000.0 2839032.0
12800.0 0.0 3.0 10.0 117066749.0 299780.0 0.0 60220000.0 65.0 2.0 1000.0 3073471.0
12900.0 0.0 3.0 10.0 116837563.0 294596.0 0.0 60220000.0 64.0 2.0 1000.0 3307841.0
13000.0 0.0 3.0 10.0 116613487.0 285922.0 0.0 60220000.0 62.0 2.0 1000.0 3540591.0
13100.0 0.0 3.0 10.0 116392413.0 276722.0 0.0 60220000.0 62.0 2.0 1000.0 3770865.0
13200.0 0.0 3.0 10.0 116170978.0 268269.0 0.0 60220000.0 62.0 2.0 1000.0 4000753.0
13300.0 0.0 3.0 10.0 115950146.0 262177.0 0.0 60220000.0 61.0 2.0 1000.0 4227677.0
13400.0 0.0 3.0 10.0 115733225.0 252964.0 0.0 60220000.0 59.0 2.0 1000.0 4453811.0
13500.0 0.0 3.0 10.0 115524997.0 238452.0 0.0 60220000.0 58.0 2.0 1000.0 4676551.0
13600.0 1.0 1.0 13.0 115290519.0 220931.0 0.0 60220000.0 77.0 2.0 1000.0 4928550.0
13700.0 0.0 1.0 14.0 115001001.0 210080.0 0.0 60220000.0 81.0 2.0 1000.0 5228919.0
13800.0 0.0 1.0 13.0 114712152.0 213536.0 0.0 60220000.0 80.0 2.0 1000.0 5514312.0
13900.0 0.0 1.0 13.0 114427173.0 218067.0 0.0 60220000.0 80.0 2.0 1000.0 5794760.0
14000.0 0.0 2.0 11.0 114140535.0 234884.0 0.0 60220000.0 81.0 2.0 1000.0 6064581.0
14100.0 0.0 2.0 11.0 113851420.0 275661.0 0.0 60220000.0 81.0 2.0 1000.0 6312919.0
14200.0 0.0 2.0 11.0 113562209.0 308942.0 0.0 60220000.0 81.0 2.0 1000.0 6568849.0
14300.0 0.0 2.0 10.0 113273921.0 351694.0 0.0 60220000.0 81.0 2.0 1000.0 6814385.0
14400.0 0.0 2.0 10.0 112985679.0 395769.0 0.0 60220000.0 81.0 2.0 1000.0 7058552.0
14500.0 0.0 2.0 9.0 112699508.0 449592.0 0.0 60220000.0 80.0 2.0 1000.0 7290900.0
14600.0 0.0 2.0 9.0 112416263.0 503290.0 0.0 60220000.0 79.0 2.0 1000.0 7520447.0
14700.0 0.0 2.0 9.0 112137088.0 549312.0 0.0 60220000.0 78.0 2.0 1000.0 7753600.0
14800.0 0.0 2.0 9.0 111860077.0 591455.0 0.0 60220000.0 77.0 2.0 1000.0 7988468.0
14900.0 0.0 2.0 9.0 111585719.0 628634.0 0.0 60220000.0 77.0 2.0 1000.0 8225647.0
15000.0 0.0 2.0 9.0 111317927.0 657983.0 0.0 60220000.0 74.0 2.0 1000.0 8464090.0
15100.0 0.0 2.0 9.0 111056375.0 679452.0 0.0 60220000.0 73.0 2.0 1000.0 8704173.0
15200.0 0.0 2.0 9.0 110797716.0 697239.0 0.0 60220000.0 72.0 2.0 1000.0 8945045.0
15300.0 0.0 2.0 8.0 110543530.0 718691.0 0.0 60220000.0 71.0 2.0 1000.0 9177779.0
15400.0 0.0 2.0 8.0 110292837.0 754177.0 0.0 60220000.0 70.0 2.0 1000.0 9392986.0
15500.0 0.0 0.0 11.0 109995010.0 775942.0 0.0 60220000.0 88.0 2.0 1000.0 9669048.0
15600.0 0.0 0.0 11.0 109681292.0 792180.0 0.0 60220000.0 88.0 2.0 1000.0 9966528.0
15700.0 0.0 0.0 11.0 109370993.0 804388.0 0.0 60220000.0 85.0 2.0 1000.0 10264619.0
15800.0 0.0 0.0 11.0 109075818.0 801622.0 0.0 60220000.0 82.0 2.0 1000.0 10562560.0
15900.0 0.0 0.0 11.0 108783149.0 795272.0 0.0 60220000.0 81.0 2.0 1000.0 10861579.0
16000.0 0.0 0.0 11.0 108495670.0 784393.0 0.0 60220000.0 80.0 2.0 1000.0 11159937.0
16100.0 0.0 0.0 11.0 108214226.0 768439.0 0.0 60220000.0 78.0 2.0 1000.0 11457335.0
16200.0 0.0 0.0 11.0 107939440.0 746677.0 0.0 60220000.0 75.0 2.0 1000.0 11753883.0
16300.0 0.0 0.0 11.0 107672185.0 717244.0 0.0 60220000.0 75.0 2.0 1000.0 12050571.0
16400.0 0.0 0.0 11.0 107405175.0 689574.0 0.0 60220000.0 74.0 2.0 1000.0 12345251.0
16500.0 0.0 0.0 11.0 107144339.0 657382.0 0.0 60220000.0 72.0 2.0 1000.0 12638279.0
16600.0 0.0 0.0 11.0 106887087.0 622784.0 0.0 60220000.0 72.0 2.0 1000.0 12930129.0
16700.0 0.0 0.0 10.0 106633179.0 596392.0 0.0 60220000.0 71.0 2.0 1000.0 13210429.0
16800.0 0.0 0.0 10.0 106381775.0 585566.0 0.0 60220000.0 69.0 2.0 1000.0 13472659.0
16900.0 0.0 0.0 10.0 106135217.0 569737.0 0.0 60220000.0 69.0 2.0 1000.0 13735046.0
17000.0 0.0 0.0 9.0 105889023.0 564299.0 0.0 60220000.0 68.0 2.0 1000.0 13986678.0
17100.0 0.0 0.0 9.0 105646455.0 572197.0 0.0 60220000.0 68.0 2.0 1000.0 14221348.0
17200.0 0.0 0.0 9.0 105405760.0 578302.0 0.0 60220000.0 67.0 2.0 1000.0 14455938.0
17300.0 0.0 0.0 9.0 105167900.0 580430.0 0.0 60220000.0 66.0 2.0 1000.0 14691670.0
17400.0 0.0 0.0 9.0 104933936.0 578929.0 0.0 60220000.0 64.0 2.0 1000.0 14927135.0
17500.0 0.0 0.0 9.0 104705868.0 571834.0 0.0 60220000.0 63.0 2.0 1000.0 15162298.0
17600.0 0.0 0.0 9.0 104480720.0 561348.0 0.0 60220000.0 63.0 2.0 1000.0 15397932.0
17700.0 0.0 0.0 9.0 104256285.0 552349.0 0.0 60220000.0 63.0 2.0 1000.0 15631366.0
17800.0 0.0 0.0 8.0 104034084.0 552098.0 0.0 60220000.0 62.0 2.0 1000.0 15853818.0
17900.0 0.0 0.0 8.0 103820659.0 557290.0 0.0 60220000.0 57.0 2.0 1000.0 16062051.0
18000.0 0.0 0.0 8.0 103618377.0 552182.0 0.0 60220000.0 55.0 2.0 1000.0 16269441.0
18100.0 0.0 0.0 8.0 103422445.0 539812.0 0.0 60220000.0 54.0 2.0 1000.0 16477743.0
18200.0 0.0 0.0 8.0 103231962.0 522932.0 0.0 60220000.0 53.0 2.0 1000.0 16685106.0
18300.0 0.0 0.0 8.0 103048843.0 500041.0 0.0 60220000.0 50.0 2.0 1000.0 16891116.0
18400.0 0.0 0.0 8.0 102872834.0 472012.0 0.0 60220000.0 48.0 2.0 1000.0 17095154.0
18500.0 0.0 0.0 8.0 102703597.0 438607.0 0.0 60220000.0 47.0 2.0 1000.0 17297796.0
18600.0 0.0 0.0 8.0 102537270.0 405776.0 0.0 60220000.0 45.0 2.0 1000.0 17496954.0
18700.0 0.0 0.0 8.0 102376699.0 368918.0 0.0 60220000.0 45.0 2.0 1000.0 17694383.0
18800.0 0.0 0.0 8.0 102215896.0 335862.0 0.0 60220000.0 45.0 2.0 1000.0 17888242.0
18900.0 0.0 0.0 8.0 102058982.0 302650.0 0.0 60220000.0 44.0 2.0 1000.0 18078368.0
19000.0 0.0 0.0 8.0 101907344.0 268789.0 0.0 60220000.0 42.0 2.0 1000.0 18263867.0
19100.0 0.0 0.0 8.0 101760352.0 235981.0 0.0 60220000.0 40.0 2.0 1000.0 18443667.0
19200.0 0.0 0.0 8.0 101618912.0 203622.0 0.0 60220000.0 39.0 2.0 1000.0 18617466.0
19300.0 0.0 0.0 8.0 101479598.0 176241.0 0.0 60220000.0 39.0 2.0 1000.0 18784161.0
19400.0 0.0 0.0 8.0 101342403.0 155210.0 0.0 60220000.0 38.0 2.0 1000.0 18942387.0
19500.0 0.0 0.0 8.0 101206683.0 139081.0 0.0 60220000.0 38.0 2.0 1000.0 19094236.0
19600.0 0.0 0.0 8.0 101071723.0 127186.0 0.0 60220000.0 37.0 2.0 1000.0 19241091.0
19700.0 0.0 0.0 11.0 100910113.0 129396.0 0.0 60220000.0 58.0 2.0 1000.0 19400491.0
19800.0 0.0 0.0 11.0 100708724.0 130400.0 0.0 60220000.0 55.0 2.0 1000.0 19600876.0
19900.0 0.0 0.0 11.0 100511888.0 127481.0 0.0 60220000.0 55.0 2.0 1000.0 19800631.0
