time rna_M monomer_betaGal protein_betaGal Lactose_external Lactose_internal Glucose_external Glucose_internal protein_Lactose_Permease dna_Lac_Operon Biomass Lactose_consumed
0.0 0.0 0.0 0.0 120440000.0 0.0 60220000.0 0.0 0.0 2.0 1000.0 0.0
100.0 0.0 0.0 0.0 120440000.0 0.0 30125485.0 30094515.0 0.0 2.0 1000.0 0.0
200.0 0.0 0.0 0.0 120440000.0 0.0 71012.0 60148988.0 0.0 2.0 1000.0 0.0
300.0 0.0 0.0 0.0 120440000.0 0.0 0.0 60220000.0 0.0 2.0 1000.0 0.0
400.0 0.0 0.0 0.0 120440000.0 0.0 0.0 60220000.0 0.0 2.0 1000.0 0.0
500.0 0.0 0.0 0.0 120440000.0 0.0 0.0 60220000.0 0.0 2.0 1000.0 0.0
600.0 0.0 0.0 0.0 120440000.0 0.0 0.0 60220000.0 0.0 2.0 1000.0 0.0
700.0 0.0 0.0 0.0 120440000.0 0.0 0.0 60220000.0 0.0 2.0 1000.0 0.0
800.0 0.0 0.0 0.0 120440000.0 0.0 0.0 60220000.0 0.0 2.0 1000.0 0.0
900.0 0.0 0.0 0.0 120440000.0 0.0 0.0 60220000.0 0.0 2.0 1000.0 0.0
1000.0 0.0 0.0 0.0 120440000.0 0.0 0.0 60220000.0 0.0 2.0 1000.0 0.0
1100.0 0.0 0.0 0.0 120440000.0 0.0 0.0 60220000.0 0.0 2.0 1000.0 0.0
1200.0 0.0 0.0 0.0 120440000.0 0.0 0.0 60220000.0 0.0 2.0 1000.0 0.0
1300.0 0.0 0.0 0.0 120440000.0 0.0 0.0 60220000.0 0.0 2.0 1000.0 0.0
1400.0 0.0 0.0 0.0 120440000.0 0.0 0.0 60220000.0 0.0 2.0 1000.0 0.0
1500.0 0.0 0.0 0.0 120440000.0 0.0 0.0 60220000.0 0.0 2.0 1000.0 0.0
1600.0 0.0 0.0 0.0 120440000.0 0.0 0.0 60220000.0 0.0 2.0 1000.0 0.0
1700.0 0.0 0.0 0.0 120440000.0 0.0 0.0 60220000.0 0.0 2.0 1000.0 0.0
1800.0 0.0 0.0 0.0 120440000.0 0.0 0.0 60220000.0 0.0 2.0 1000.0 0.0
1900.0 1.0 3.0 3.0 120421312.0 15853.0 0.0 60220000.0 14.0 2.0 1000.0 2835.0
2000.0 0.0 3.0 3.0 120371756.0 42109.0 0.0 60220000.0 13.0 2.0 1000.0 26135.0
2100.0 0.0 3.0 3.0 120328408.0 52903.0 0.0 60220000.0 12.0 2.0 1000.0 58689.0
2200.0 0.0 3.0 3.0 120285396.0 59941.0 0.0 60220000.0 12.0 2.0 1000.0 94663.0
2300.0 0.0 3.0 3.0 120246005.0 62055.0 0.0 60220000.0 11.0 2.0 1000.0 131940.0
2400.0 0.0 3.0 3.0 120208870.0 60938.0 0.0 60220000.0 10.0 2.0 1000.0 170192.0
2500.0 0.0 3.0 3.0 120173112.0 59104.0 0.0 60220000.0 10.0 2.0 1000.0 207784.0
2600.0 0.0 3.0 3.0 120137172.0 58115.0 0.0 60220000.0 10.0 2.0 1000.0 244713.0
2700.0 0.0 3.0 3.0 120101196.0 57283.0 0.0 60220000.0 10.0 2.0 1000.0 281521.0
2800.0 0.0 3.0 2.0 120065411.0 63280.0 0.0 60220000.0 10.0 2.0 1000.0 311309.0
2900.0 0.0 3.0 2.0 120029611.0 72335.0 0.0 60220000.0 10.0 2.0 1000.0 338054.0
3000.0 0.0 3.0 2.0 119994054.0 79721.0 0.0 60220000.0 10.0 2.0 1000.0 366225.0
3100.0 0.0 3.0 2.0 119960010.0 83983.0 0.0 60220000.0 9.0 2.0 1000.0 396007.0
3200.0 0.0 3.0 2.0 119927808.0 86094.0 0.0 60220000.0 9.0 2.0 1000.0 426098.0
3300.0 0.0 3.0 2.0 119895349.0 87992.0 0.0 60220000.0 9.0 2.0 1000.0 456659.0
3400.0 0.0 3.0 1.0 119865767.0 94118.0 0.0 60220000.0 8.0 2.0 1000.0 480115.0
3500.0 0.0 3.0 1.0 119837290.0 106211.0 0.0 60220000.0 8.0 2.0 1000.0 496499.0
3600.0 0.0 3.0 1.0 119808581.0 117903.0 0.0 60220000.0 8.0 2.0 1000.0 513516.0
3700.0 0.0 3.0 1.0 119779796.0 129051.0 0.0 60220000.0 8.0 2.0 1000.0 531153.0
3800.0 0.0 3.0 1.0 119751188.0 139410.0 0.0 60220000.0 8.0 2.0 1000.0 549402.0
3900.0 0.0 3.0 1.0 119722434.0 149154.0 0.0 60220000.0 8.0 2.0 1000.0 568412.0
4000.0 0.0 3.0 1.0 119693717.0 158471.0 0.0 60220000.0 8.0 2.0 1000.0 587812.0
4100.0 0.0 3.0 1.0 119668315.0 164300.0 0.0 60220000.0 7.0 2.0 1000.0 607385.0
4200.0 0.0 3.0 1.0 119643237.0 169660.0 0.0 60220000.0 7.0 2.0 1000.0 627103.0
4300.0 0.0 3.0 1.0 119618152.0 174383.0 0.0 60220000.0 7.0 2.0 1000.0 647465.0
4400.0 0.0 3.0 1.0 119593156.0 178956.0 0.0 60220000.0 7.0 2.0 1000.0 667888.0
4500.0 0.0 3.0 1.0 119568010.0 183255.0 0.0 60220000.0 7.0 2.0 1000.0 688735.0
4600.0 0.0 3.0 1.0 119544201.0 186629.0 0.0 60220000.0 6.0 2.0 1000.0 709170.0
4700.0 0.0 3.0 1.0 119522696.0 187435.0 0.0 60220000.0 6.0 2.0 1000.0 729869.0
4800.0 0.0 3.0 1.0 119501458.0 187829.0 0.0 60220000.0 6.0 2.0 1000.0 750713.0
4900.0 0.0 3.0 1.0 119480289.0 188236.0 0.0 60220000.0 6.0 2.0 1000.0 771475.0
5000.0 0.0 3.0 1.0 119458877.0 189012.0 0.0 60220000.0 6.0 2.0 1000.0 792111.0
5100.0 0.0 3.0 1.0 119437348.0 190063.0 0.0 60220000.0 6.0 2.0 1000.0 812589.0
5200.0 0.0 3.0 1.0 119416169.0 190672.0 0.0 60220000.0 6.0 2.0 1000.0 833159.0
5300.0 0.0 3.0 1.0 119397795.0 188129.0 0.0 60220000.0 5.0 2.0 1000.0 854076.0
5400.0 0.0 3.0 1.0 119379754.0 185606.0 0.0 60220000.0 5.0 2.0 1000.0 874640.0
5500.0 0.0 3.0 1.0 119361901.0 182804.0 0.0 60220000.0 5.0 2.0 1000.0 895295.0
5600.0 0.0 3.0 1.0 119343975.0 180250.0 0.0 60220000.0 5.0 2.0 1000.0 915775.0
5700.0 0.0 3.0 1.0 119325988.0 177482.0 0.0 60220000.0 5.0 2.0 1000.0 936530.0
5800.0 0.0 3.0 1.0 119308194.0 175232.0 0.0 60220000.0 5.0 2.0 1000.0 956574.0
5900.0 0.0 3.0 1.0 119290590.0 172831.0 0.0 60220000.0 5.0 2.0 1000.0 976579.0
6000.0 0.0 3.0 1.0 119272731.0 170397.0 0.0 60220000.0 5.0 2.0 1000.0 996872.0
6100.0 0.0 3.0 1.0 119254884.0 168439.0 0.0 60220000.0 5.0 2.0 1000.0 1016677.0
6200.0 0.0 3.0 1.0 119237010.0 166452.0 0.0 60220000.0 5.0 2.0 1000.0 1036538.0
6300.0 0.0 3.0 1.0 119219089.0 164519.0 0.0 60220000.0 5.0 2.0 1000.0 1056392.0
6400.0 0.0 3.0 1.0 119201159.0 162622.0 0.0 60220000.0 5.0 2.0 1000.0 1076219.0
6500.0 0.0 3.0 1.0 119183500.0 160557.0 0.0 60220000.0 5.0 2.0 1000.0 1095943.0
6600.0 0.0 3.0 1.0 119165670.0 158575.0 0.0 60220000.0 5.0 2.0 1000.0 1115755.0
6700.0 0.0 3.0 0.0 119147784.0 171275.0 0.0 60220000.0 5.0 2.0 1000.0 1120941.0
6800.0 0.0 3.0 0.0 119129812.0 189247.0 0.0 60220000.0 5.0 2.0 1000.0 1120941.0
6900.0 0.0 3.0 0.0 119112691.0 206368.0 0.0 60220000.0 4.0 2.0 1000.0 1120941.0
7000.0 0.0 3.0 0.0 119100674.0 218385.0 0.0 60220000.0 3.0 2.0 1000.0 1120941.0
7100.0 0.0 3.0 0.0 119089983.0 229076.0 0.0 60220000.0 3.0 2.0 1000.0 1120941.0
7200.0 0.0 3.0 0.0 119079292.0 239767.0 0.0 60220000.0 3.0 2.0 1000.0 1120941.0
7300.0 0.0 3.0 0.0 119068316.0 250743.0 0.0 60220000.0 3.0 2.0 1000.0 1120941.0
7400.0 0.0 3.0 0.0 119057630.0 261429.0 0.0 60220000.0 3.0 2.0 1000.0 1120941.0
7500.0 0.0 0.0 3.0 118978500.0 293848.0 0.0 60220000.0 31.0 2.0 1000.0 1167652.0
7600.0 0.0 0.0 3.0 118868332.0 333320.0 0.0 60220000.0 31.0 2.0 1000.0 1238348.0
7700.0 0.0 0.0 3.0 118761121.0 368037.0 0.0 60220000.0 29.0 2.0 1000.0 1310842.0
7800.0 0.0 0.0 2.0 118656803.0 422523.0 0.0 60220000.0 29.0 2.0 1000.0 1360674.0
7900.0 0.0 0.0 2.0 118554306.0 474553.0 0.0 60220000.0 28.0 2.0 1000.0 1411141.0
8000.0 0.0 0.0 2.0 118454846.0 522602.0 0.0 60220000.0 27.0 2.0 1000.0 1462552.0
8100.0 0.0 0.0 2.0 118358703.0 566665.0 0.0 60220000.0 27.0 2.0 1000.0 1514632.0
8200.0 0.0 0.0 2.0 118261974.0 611012.0 0.0 60220000.0 27.0 2.0 1000.0 1567014.0
8300.0 0.0 0.0 2.0 118166019.0 653901.0 0.0 60220000.0 27.0 2.0 1000.0 1620080.0
8400.0 0.0 0.0 2.0 118070250.0 696331.0 0.0 60220000.0 26.0 2.0 1000.0 1673419.0
8500.0 0.0 0.0 2.0 117977343.0 735799.0 0.0 60220000.0 26.0 2.0 1000.0 1726858.0
8600.0 0.0 0.0 2.0 117885008.0 774020.0 0.0 60220000.0 26.0 2.0 1000.0 1780972.0
8700.0 0.0 0.0 2.0 117792826.0 811789.0 0.0 60220000.0 26.0 2.0 1000.0 1835385.0
8800.0 0.0 0.0 2.0 117699944.0 850717.0 0.0 60220000.0 26.0 2.0 1000.0 1889339.0
8900.0 0.0 0.0 2.0 117607073.0 888854.0 0.0 60220000.0 26.0 2.0 1000.0 1944073.0
9000.0 0.0 0.0 2.0 117517525.0 923289.0 0.0 60220000.0 25.0 2.0 1000.0 1999186.0
9100.0 0.0 0.0 2.0 117428208.0 957378.0 0.0 60220000.0 25.0 2.0 1000.0 2054414.0
9200.0 0.0 0.0 2.0 117341202.0 989324.0 0.0 60220000.0 24.0 2.0 1000.0 2109474.0
9300.0 0.0 0.0 2.0 117255781.0 1019578.0 0.0 60220000.0 24.0 2.0 1000.0 2164641.0
9400.0 0.0 0.0 2.0 117170299.0 1049302.0 0.0 60220000.0 24.0 2.0 1000.0 2220399.0
9500.0 0.0 0.0 2.0 117086912.0 1077100.0 0.0 60220000.0 23.0 2.0 1000.0 2275988.0
9600.0 0.0 0.0 2.0 117005362.0 1102944.0 0.0 60220000.0 23.0 2.0 1000.0 2331694.0
9700.0 0.0 0.0 2.0 116923894.0 1128793.0 0.0 60220000.0 23.0 2.0 1000.0 2387313.0
9800.0 0.0 0.0 2.0 116845539.0 1151365.0 0.0 60220000.0 21.0 2.0 1000.0 2443096.0
9900.0 1.0 3.0 4.0 116758747.0 1159442.0 0.0 60220000.0 34.0 2.0 1000.0 2521811.0
10000.0 0.0 3.0 5.0 116610879.0 1171445.0 0.0 60220000.0 44.0 2.0 1000.0 2657676.0
10100.0 0.0 3.0 5.0 116454164.0 1187706.0 0.0 60220000.0 44.0 2.0 1000.0 2798130.0
10200.0 0.0 3.0 5.0 116296795.0 1205481.0 0.0 60220000.0 44.0 2.0 1000.0 2937724.0
10300.0 0.0 3.0 5.0 116139950.0 1222275.0 0.0 60220000.0 43.0 2.0 1000.0 3077775.0
10400.0 0.0 3.0 5.0 115986373.0 1235241.0 0.0 60220000.0 43.0 2.0 1000.0 3218386.0
10500.0 0.0 3.0 5.0 115835575.0 1246488.0 0.0 60220000.0 42.0 2.0 1000.0 3357937.0
10600.0 0.0 3.0 5.0 115685594.0 1255783.0 0.0 60220000.0 42.0 2.0 1000.0 3498623.0
10700.0 0.0 3.0 5.0 115539307.0 1261711.0 0.0 60220000.0 41.0 2.0 1000.0 3638982.0
10800.0 0.0 3.0 5.0 115395591.0 1265217.0 0.0 60220000.0 40.0 2.0 1000.0 3779192.0
10900.0 0.0 3.0 5.0 115254801.0 1265743.0 0.0 60220000.0 39.0 2.0 1000.0 3919456.0
11000.0 0.0 3.0 5.0 115117319.0 1262692.0 0.0 60220000.0 37.0 2.0 1000.0 4059989.0
11100.0 0.0 3.0 5.0 114985891.0 1254280.0 0.0 60220000.0 37.0 2.0 1000.0 4199829.0
11200.0 0.0 3.0 5.0 114854499.0 1244259.0 0.0 60220000.0 37.0 2.0 1000.0 4341242.0
11300.0 0.0 3.0 5.0 114722839.0 1235304.0 0.0 60220000.0 36.0 2.0 1000.0 4481857.0
11400.0 0.0 3.0 5.0 114594693.0 1223523.0 0.0 60220000.0 36.0 2.0 1000.0 4621784.0
11500.0 0.0 3.0 5.0 114468660.0 1209248.0 0.0 60220000.0 35.0 2.0 1000.0 4762092.0
11600.0 1.0 3.0 5.0 114343982.0 1193556.0 0.0 60220000.0 35.0 2.0 1000.0 4902462.0
11700.0 0.0 2.0 8.0 114160929.0 1176829.0 0.0 60220000.0 60.0 2.0 1000.0 5102242.0
11800.0 0.0 2.0 8.0 113947427.0 1167157.0 0.0 60220000.0 60.0 2.0 1000.0 5325416.0
11900.0 0.0 2.0 8.0 113734126.0 1157118.0 0.0 60220000.0 60.0 2.0 1000.0 5548756.0
12000.0 0.0 1.0 10.0 113491841.0 1143236.0 0.0 60220000.0 75.0 2.0 1000.0 5804923.0
12100.0 0.0 1.0 10.0 113229901.0 1124934.0 0.0 60220000.0 72.0 2.0 1000.0 6085165.0
12200.0 0.0 1.0 10.0 112974946.0 1101418.0 0.0 60220000.0 70.0 2.0 1000.0 6363636.0
12300.0 0.0 1.0 10.0 112725886.0 1072256.0 0.0 60220000.0 69.0 2.0 1000.0 6641858.0
12400.0 0.0 1.0 10.0 112483789.0 1037110.0 0.0 60220000.0 68.0 2.0 1000.0 6919101.0
12500.0 0.0 1.0 10.0 112247630.0 996618.0 0.0 60220000.0 66.0 2.0 1000.0 7195752.0
12600.0 0.0 1.0 10.0 112013129.0 955250.0 0.0 60220000.0 66.0 2.0 1000.0 7471621.0
12700.0 0.0 1.0 10.0 111779988.0 914334.0 0.0 60220000.0 65.0 2.0 1000.0 7745678.0
12800.0 0.0 1.0 10.0 111553759.0 866961.0 0.0 60220000.0 62.0 2.0 1000.0 8019280.0
12900.0 0.0 1.0 10.0 111335700.0 812876.0 0.0 60220000.0 61.0 2.0 1000.0 8291424.0
13000.0 0.0 1.0 10.0 111117580.0 760066.0 0.0 60220000.0 61.0 2.0 1000.0 8562354.0
13100.0 0.0 1.0 10.0 110900468.0 708558.0 0.0 60220000.0 60.0 2.0 1000.0 8830974.0
13200.0 0.0 1.0 10.0 110685662.0 656203.0 0.0 60220000.0 60.0 2.0 1000.0 9098135.0
13300.0 0.0 1.0 10.0 110474715.0 602606.0 0.0 60220000.0 59.0 2.0 1000.0 9362679.0
13400.0 0.0 1.0 10.0 110264277.0 551556.0 0.0 60220000.0 58.0 2.0 1000.0 9624167.0
13500.0 0.0 1.0 10.0 110059987.0 497137.0 0.0 60220000.0 56.0 2.0 1000.0 9882876.0
13600.0 0.0 1.0 10.0 109860473.0 442356.0 0.0 60220000.0 56.0 2.0 1000.0 10137171.0
13700.0 0.0 1.0 10.0 109661383.0 392516.0 0.0 60220000.0 56.0 2.0 1000.0 10386101.0
13800.0 0.0 1.0 10.0 109464082.0 345755.0 0.0 60220000.0 55.0 2.0 1000.0 10630163.0
13900.0 0.0 1.0 10.0 109273477.0 299292.0 0.0 60220000.0 53.0 2.0 1000.0 10867231.0
14000.0 0.0 1.0 10.0 109084707.0 257723.0 0.0 60220000.0 52.0 2.0 1000.0 11097570.0
14100.0 1.0 1.0 14.0 108846605.0 239566.0 0.0 60220000.0 82.0 2.0 1000.0 11353829.0
14200.0 1.0 2.0 16.0 108505309.0 244865.0 0.0 60220000.0 113.0 2.0 1000.0 11689826.0
14300.0 1.0 2.0 19.0 108051425.0 293795.0 0.0 60220000.0 137.0 2.0 1000.0 12094780.0
14400.0 1.0 0.0 21.0 107500560.0 356456.0 0.0 60220000.0 172.0 2.0 1000.0 12582984.0
14500.0 1.0 0.0 26.0 106821954.0 456268.0 0.0 60220000.0 210.0 2.0 1000.0 13161778.0
14600.0 0.0 2.0 26.0 106056781.0 553016.0 0.0 60220000.0 213.0 2.0 1000.0 13830203.0
14700.0 0.0 2.0 26.0 105301074.0 628464.0 0.0 60220000.0 211.0 2.0 1000.0 14510462.0
14800.0 0.0 2.0 25.0 104565262.0 688819.0 0.0 60220000.0 204.0 2.0 1000.0 15185919.0
14900.0 0.0 2.0 25.0 103841267.0 742246.0 0.0 60220000.0 201.0 2.0 1000.0 15856487.0
15000.0 0.0 2.0 24.0 103127682.0 794458.0 0.0 60220000.0 199.0 2.0 1000.0 16517860.0
15100.0 0.0 2.0 24.0 102423489.0 844107.0 0.0 60220000.0 195.0 2.0 1000.0 17172404.0
15200.0 0.0 2.0 23.0 101731071.0 902005.0 0.0 60220000.0 194.0 2.0 1000.0 17806924.0
15300.0 0.0 2.0 23.0 101039598.0 961451.0 0.0 60220000.0 192.0 2.0 1000.0 18438951.0
15400.0 0.0 2.0 23.0 100367202.0 999316.0 0.0 60220000.0 187.0 2.0 1000.0 19073482.0
15500.0 0.0 2.0 22.0 99708774.0 1020748.0 0.0 60220000.0 183.0 2.0 1000.0 19710478.0
15600.0 0.0 2.0 21.0 99063708.0 1064311.0 0.0 60220000.0 179.0 2.0 1000.0 20311981.0
15700.0 0.0 2.0 21.0 98431337.0 1111646.0 0.0 60220000.0 175.0 2.0 1000.0 20897017.0
15800.0 0.0 2.0 21.0 97815731.0 1141341.0 0.0 60220000.0 171.0 2.0 1000.0 21482928.0
15900.0 0.0 2.0 21.0 97213567.0 1157605.0 0.0 60220000.0 167.0 2.0 1000.0 22068828.0
16000.0 0.0 2.0 21.0 96621211.0 1163186.0 0.0 60220000.0 165.0 2.0 1000.0 22655603.0
16100.0 0.0 2.0 21.0 96037563.0 1160984.0 0.0 60220000.0 162.0 2.0 1000.0 23241453.0
16200.0 0.0 2.0 20.0 95468691.0 1158794.0 0.0 60220000.0 158.0 2.0 1000.0 23812515.0
16300.0 0.0 2.0 19.0 94916396.0 1152109.0 0.0 60220000.0 153.0 2.0 1000.0 24371495.0
16400.0 0.0 2.0 19.0 94377265.0 1160232.0 0.0 60220000.0 149.0 2.0 1000.0 24902503.0
16500.0 0.0 2.0 19.0 93853157.0 1153008.0 0.0 60220000.0 145.0 2.0 1000.0 25433835.0
16600.0 0.0 2.0 19.0 93340206.0 1134277.0 0.0 60220000.0 141.0 2.0 1000.0 25965517.0
16700.0 0.0 2.0 19.0 92841278.0 1102154.0 0.0 60220000.0 139.0 2.0 1000.0 26496568.0
16800.0 0.0 2.0 19.0 92347595.0 1067458.0 0.0 60220000.0 137.0 2.0 1000.0 27024947.0
16900.0 0.0 2.0 19.0 91859118.0 1027334.0 0.0 60220000.0 137.0 2.0 1000.0 27553548.0
17000.0 0.0 2.0 19.0 91372329.0 987500.0 0.0 60220000.0 136.0 2.0 1000.0 28080171.0
17100.0 0.0 2.0 19.0 90890506.0 944273.0 0.0 60220000.0 134.0 2.0 1000.0 28605221.0
17200.0 0.0 2.0 19.0 90420132.0 892953.0 0.0 60220000.0 130.0 2.0 1000.0 29126915.0
17300.0 0.0 2.0 18.0 89959683.0 838194.0 0.0 60220000.0 128.0 2.0 1000.0 29642123.0
17400.0 0.0 2.0 17.0 89503124.0 806221.0 0.0 60220000.0 128.0 2.0 1000.0 30130655.0
17500.0 0.0 2.0 17.0 89051713.0 797155.0 0.0 60220000.0 125.0 2.0 1000.0 30591132.0
17600.0 0.0 2.0 16.0 88610583.0 801828.0 0.0 60220000.0 121.0 2.0 1000.0 31027589.0
17700.0 0.0 2.0 16.0 88182859.0 795484.0 0.0 60220000.0 119.0 2.0 1000.0 31461657.0
17800.0 0.0 2.0 16.0 87766033.0 778604.0 0.0 60220000.0 116.0 2.0 1000.0 31895363.0
17900.0 0.0 2.0 15.0 87354261.0 781951.0 0.0 60220000.0 115.0 2.0 1000.0 32303788.0
18000.0 1.0 0.0 16.0 86931738.0 804640.0 0.0 60220000.0 128.0 2.0 1000.0 32703622.0
18100.0 0.0 1.0 18.0 86426627.0 832174.0 0.0 60220000.0 145.0 2.0 1000.0 33181199.0
18200.0 0.0 1.0 18.0 85910098.0 856263.0 0.0 60220000.0 144.0 2.0 1000.0 33673639.0
18300.0 0.0 1.0 18.0 85402960.0 871049.0 0.0 60220000.0 140.0 2.0 1000.0 34165991.0
18400.0 0.0 1.0 16.0 84908115.0 887029.0 0.0 60220000.0 138.0 2.0 1000.0 34644856.0
18500.0 0.0 1.0 16.0 84420360.0 936025.0 0.0 60220000.0 136.0 2.0 1000.0 35083615.0
18600.0 0.0 1.0 16.0 83940049.0 975251.0 0.0 60220000.0 134.0 2.0 1000.0 35524700.0
18700.0 0.0 1.0 16.0 83472685.0 1000341.0 0.0 60220000.0 128.0 2.0 1000.0 35966974.0
18800.0 0.0 1.0 16.0 83022816.0 1007995.0 0.0 60220000.0 124.0 2.0 1000.0 36409189.0
18900.0 0.0 1.0 16.0 82586804.0 1000954.0 0.0 60220000.0 121.0 2.0 1000.0 36852242.0
19000.0 0.0 1.0 16.0 82162645.0 982438.0 0.0 60220000.0 118.0 2.0 1000.0 37294917.0
19100.0 0.0 1.0 15.0 81748136.0 970311.0 0.0 60220000.0 116.0 2.0 1000.0 37721553.0
19200.0 0.0 1.0 15.0 81335523.0 969684.0 0.0 60220000.0 116.0 2.0 1000.0 38134793.0
19300.0 0.0 1.0 15.0 80928094.0 962566.0 0.0 60220000.0 112.0 2.0 1000.0 38549340.0
19400.0 0.0 1.0 15.0 80534883.0 942322.0 0.0 60220000.0 109.0 2.0 1000.0 38962795.0
19500.0 0.0 1.0 13.0 80147217.0 949930.0 0.0 60220000.0 109.0 2.0 1000.0 39342853.0
19600.0 0.0 1.0 13.0 79762857.0 975838.0 0.0 60220000.0 107.0 2.0 1000.0 39701305.0
19700.0 0.0 1.0 13.0 79383222.0 996390.0 0.0 60220000.0 107.0 2.0 1000.0 40060388.0
19800.0 0.0 1.0 13.0 79003858.0 1016466.0 0.0 60220000.0 106.0 2.0 1000.0 40419676.0
19900.0 0.0 1.0 12.0 78626406.0 1046412.0 0.0 60220000.0 104.0 2.0 1000.0 40767182.0
