time rna_M monomer_betaGal protein_betaGal Lactose_external Lactose_internal Glucose_external Glucose_internal protein_Lactose_Permease dna_Lac_Operon Biomass Lactose_consumed
0.0 0.0 0.0 0.0 120440000.0 0.0 60220000.0 0.0 0.0 2.0 1000.0 0.0
100.0 0.0 0.0 0.0 120440000.0 0.0 30128255.0 30091745.0 0.0 2.0 1000.0 0.0
200.0 0.0 0.0 0.0 120440000.0 0.0 92661.0 60127339.0 0.0 2.0 1000.0 0.0
300.0 0.0 0.0 0.0 120440000.0 0.0 0.0 60220000.0 0.0 2.0 1000.0 0.0
400.0 0.0 0.0 0.0 120440000.0 0.0 0.0 60220000.0 0.0 2.0 1000.0 0.0
500.0 0.0 0.0 0.0 120440000.0 0.0 0.0 60220000.0 0.0 2.0 1000.0 0.0
600.0 0.0 0.0 0.0 120440000.0 0.0 0.0 60220000.0 0.0 2.0 1000.0 0.0
700.0 0.0 0.0 0.0 120440000.0 0.0 0.0 60220000.0 0.0 2.0 1000.0 0.0
800.0 0.0 0.0 0.0 120440000.0 0.0 0.0 60220000.0 0.0 2.0 1000.0 0.0
900.0 0.0 0.0 0.0 120440000.0 0.0 0.0 60220000.0 0.0 2.0 1000.0 0.0
1000.0 0.0 0.0 0.0 120440000.0 0.0 0.0 60220000.0 0.0 2.0 1000.0 0.0
1100.0 1.0 2.0 2.0 120396110.0 38020.0 0.0 60220000.0 22.0 2.0 1000.0 5870.0
1200.0 0.0 1.0 3.0 120277540.0 117330.0 0.0 60220000.0 39.0 2.0 1000.0 45130.0
1300.0 0.0 1.0 3.0 120138358.0 198382.0 0.0 60220000.0 39.0 2.0 1000.0 103260.0
1400.0 0.0 1.0 3.0 120002419.0 268610.0 0.0 60220000.0 38.0 2.0 1000.0 168971.0
1500.0 0.0 1.0 3.0 119866543.0 333603.0 0.0 60220000.0 38.0 2.0 1000.0 239854.0
1600.0 0.0 1.0 3.0 119733443.0 393616.0 0.0 60220000.0 37.0 2.0 1000.0 312941.0
1700.0 0.0 1.0 3.0 119603591.0 448433.0 0.0 60220000.0 36.0 2.0 1000.0 387976.0
1800.0 0.0 1.0 3.0 119475598.0 499863.0 0.0 60220000.0 35.0 2.0 1000.0 464539.0
1900.0 0.0 1.0 3.0 119350930.0 546956.0 0.0 60220000.0 35.0 2.0 1000.0 542114.0
2000.0 0.0 1.0 3.0 119226639.0 592773.0 0.0 60220000.0 34.0 2.0 1000.0 620588.0
2100.0 0.0 1.0 3.0 119110805.0 629724.0 0.0 60220000.0 32.0 2.0 1000.0 699471.0
2200.0 0.0 1.0 3.0 118996869.0 664134.0 0.0 60220000.0 32.0 2.0 1000.0 778997.0
2300.0 0.0 1.0 3.0 118882872.0 698264.0 0.0 60220000.0 32.0 2.0 1000.0 858864.0
2400.0 0.0 1.0 3.0 118769908.0 730795.0 0.0 60220000.0 31.0 2.0 1000.0 939297.0
2500.0 0.0 1.0 3.0 118661998.0 758019.0 0.0 60220000.0 30.0 2.0 1000.0 1019983.0
2600.0 0.0 1.0 3.0 118554887.0 784026.0 0.0 60220000.0 30.0 2.0 1000.0 1101087.0
2700.0 0.0 1.0 3.0 118448818.0 808671.0 0.0 60220000.0 29.0 2.0 1000.0 1182511.0
2800.0 0.0 1.0 3.0 118345680.0 830514.0 0.0 60220000.0 29.0 2.0 1000.0 1263806.0
2900.0 0.0 1.0 3.0 118242884.0 851653.0 0.0 60220000.0 29.0 2.0 1000.0 1345463.0
3000.0 0.0 1.0 3.0 118139169.0 872964.0 0.0 60220000.0 29.0 2.0 1000.0 1427867.0
3100.0 0.0 1.0 3.0 118035672.0 894735.0 0.0 60220000.0 29.0 2.0 1000.0 1509593.0
3200.0 0.0 1.0 3.0 117932395.0 915714.0 0.0 60220000.0 29.0 2.0 1000.0 1591891.0
3300.0 0.0 1.0 3.0 117829070.0 936868.0 0.0 60220000.0 29.0 2.0 1000.0 1674062.0
3400.0 0.0 1.0 3.0 117725583.0 957424.0 0.0 60220000.0 29.0 2.0 1000.0 1756993.0
3500.0 0.0 1.0 2.0 117622745.0 991492.0 0.0 60220000.0 29.0 2.0 1000.0 1825763.0
3600.0 0.0 1.0 2.0 117519203.0 1039345.0 0.0 60220000.0 29.0 2.0 1000.0 1881452.0
3700.0 0.0 1.0 2.0 117415515.0 1087133.0 0.0 60220000.0 29.0 2.0 1000.0 1937352.0
3800.0 0.0 1.0 2.0 117312189.0 1134441.0 0.0 60220000.0 29.0 2.0 1000.0 1993370.0
3900.0 0.0 1.0 2.0 117214678.0 1176257.0 0.0 60220000.0 26.0 2.0 1000.0 2049065.0
4000.0 0.0 1.0 1.0 117121743.0 1235646.0 0.0 60220000.0 26.0 2.0 1000.0 2082611.0
4100.0 1.0 2.0 3.0 116982866.0 1332336.0 0.0 60220000.0 51.0 2.0 1000.0 2124798.0
4200.0 1.0 0.0 8.0 116755614.0 1412179.0 0.0 60220000.0 75.0 2.0 1000.0 2272207.0
4300.0 1.0 3.0 10.0 116412137.0 1496528.0 0.0 60220000.0 112.0 2.0 1000.0 2531335.0
4400.0 0.0 3.0 10.0 116016368.0 1608053.0 0.0 60220000.0 111.0 2.0 1000.0 2815579.0
4500.0 0.0 3.0 10.0 115625617.0 1713334.0 0.0 60220000.0 107.0 2.0 1000.0 3101049.0
4600.0 0.0 3.0 10.0 115251030.0 1801845.0 0.0 60220000.0 105.0 2.0 1000.0 3387125.0
4700.0 0.0 3.0 10.0 114883911.0 1882820.0 0.0 60220000.0 101.0 2.0 1000.0 3673269.0
4800.0 0.0 3.0 10.0 114524092.0 1955316.0 0.0 60220000.0 101.0 2.0 1000.0 3960592.0
4900.0 0.0 3.0 10.0 114174136.0 2016763.0 0.0 60220000.0 98.0 2.0 1000.0 4249101.0
5000.0 1.0 2.0 14.0 113787186.0 2044389.0 0.0 60220000.0 123.0 2.0 1000.0 4608425.0
5100.0 1.0 2.0 17.0 113314355.0 2051502.0 0.0 60220000.0 145.0 2.0 1000.0 5074143.0
5200.0 0.0 3.0 17.0 112781647.0 2094308.0 0.0 60220000.0 149.0 2.0 1000.0 5564045.0
5300.0 0.0 3.0 17.0 112258682.0 2126315.0 0.0 60220000.0 146.0 2.0 1000.0 6055003.0
5400.0 0.0 3.0 17.0 111745555.0 2148841.0 0.0 60220000.0 143.0 2.0 1000.0 6545604.0
5500.0 0.0 3.0 17.0 111242178.0 2161449.0 0.0 60220000.0 141.0 2.0 1000.0 7036373.0
5600.0 0.0 3.0 17.0 110742100.0 2170030.0 0.0 60220000.0 140.0 2.0 1000.0 7527870.0
5700.0 0.0 3.0 17.0 110246974.0 2174417.0 0.0 60220000.0 139.0 2.0 1000.0 8018609.0
5800.0 0.0 0.0 18.0 109748243.0 2172586.0 0.0 60220000.0 143.0 2.0 1000.0 8519171.0
5900.0 0.0 0.0 18.0 109242881.0 2157455.0 0.0 60220000.0 141.0 2.0 1000.0 9039664.0
6000.0 0.0 0.0 18.0 108741907.0 2139152.0 0.0 60220000.0 141.0 2.0 1000.0 9558941.0
6100.0 0.0 0.0 17.0 108244281.0 2132841.0 0.0 60220000.0 137.0 2.0 1000.0 10062878.0
6200.0 1.0 1.0 20.0 107721767.0 2132075.0 0.0 60220000.0 167.0 2.0 1000.0 10586158.0
6300.0 0.0 0.0 21.0 107122412.0 2130021.0 0.0 60220000.0 169.0 2.0 1000.0 11187567.0
6400.0 0.0 0.0 21.0 106529017.0 2117819.0 0.0 60220000.0 165.0 2.0 1000.0 11793164.0
6500.0 1.0 2.0 23.0 105925638.0 2101520.0 0.0 60220000.0 186.0 2.0 1000.0 12412842.0
6600.0 1.0 3.0 24.0 105217898.0 2120356.0 0.0 60220000.0 217.0 2.0 1000.0 13101746.0
6700.0 1.0 1.0 28.0 104407007.0 2176515.0 0.0 60220000.0 250.0 2.0 1000.0 13856478.0
6800.0 1.0 0.0 31.0 103488272.0 2249872.0 0.0 60220000.0 267.0 2.0 1000.0 14701856.0
6900.0 0.0 3.0 31.0 102512693.0 2309622.0 0.0 60220000.0 277.0 2.0 1000.0 15617685.0
7000.0 0.0 3.0 31.0 101538580.0 2386475.0 0.0 60220000.0 274.0 2.0 1000.0 16514945.0
7100.0 0.0 3.0 30.0 100581403.0 2448319.0 0.0 60220000.0 268.0 2.0 1000.0 17410278.0
7200.0 1.0 2.0 32.0 99627660.0 2526106.0 0.0 60220000.0 278.0 2.0 1000.0 18286234.0
7300.0 0.0 3.0 30.0 98629114.0 2626815.0 0.0 60220000.0 279.0 2.0 1000.0 19184071.0
7400.0 0.0 3.0 30.0 97644191.0 2739704.0 0.0 60220000.0 276.0 2.0 1000.0 20056105.0
7500.0 0.0 3.0 29.0 96681236.0 2834211.0 0.0 60220000.0 269.0 2.0 1000.0 20924553.0
7600.0 0.0 3.0 27.0 95731096.0 2969933.0 0.0 60220000.0 267.0 2.0 1000.0 21738971.0
7700.0 0.0 3.0 26.0 94791855.0 3144252.0 0.0 60220000.0 262.0 2.0 1000.0 22503893.0
7800.0 0.0 3.0 26.0 93873965.0 3303998.0 0.0 60220000.0 258.0 2.0 1000.0 23262037.0
7900.0 0.0 3.0 25.0 92973227.0 3472432.0 0.0 60220000.0 250.0 2.0 1000.0 23994341.0
8000.0 0.0 3.0 24.0 92088632.0 3638954.0 0.0 60220000.0 248.0 2.0 1000.0 24712414.0
8100.0 0.0 3.0 24.0 91213801.0 3810259.0 0.0 60220000.0 244.0 2.0 1000.0 25415940.0
8200.0 3.0 0.0 26.0 90353424.0 3961142.0 0.0 60220000.0 249.0 2.0 1000.0 26125434.0
8300.0 1.0 2.0 35.0 89359392.0 4036068.0 0.0 60220000.0 304.0 2.0 1000.0 27044540.0
8400.0 0.0 2.0 41.0 88174604.0 4084941.0 0.0 60220000.0 356.0 2.0 1000.0 28180455.0
8500.0 1.0 2.0 45.0 86853724.0 4127104.0 0.0 60220000.0 389.0 2.0 1000.0 29459172.0
8600.0 0.0 0.0 49.0 85435417.0 4155452.0 0.0 60220000.0 408.0 2.0 1000.0 30849131.0
8700.0 1.0 0.0 49.0 84001750.0 4148704.0 0.0 60220000.0 404.0 2.0 1000.0 32289546.0
8800.0 1.0 1.0 52.0 82521879.0 4135727.0 0.0 60220000.0 434.0 2.0 1000.0 33782394.0
8900.0 2.0 0.0 58.0 80923609.0 4153251.0 0.0 60220000.0 474.0 2.0 1000.0 35363140.0
9000.0 2.0 1.0 62.0 79168737.0 4166580.0 0.0 60220000.0 520.0 2.0 1000.0 37104683.0
9100.0 0.0 0.0 69.0 77239199.0 4190782.0 0.0 60220000.0 570.0 2.0 1000.0 39010019.0
9200.0 0.0 0.0 66.0 75240261.0 4233792.0 0.0 60220000.0 560.0 2.0 1000.0 40965947.0
9300.0 1.0 1.0 69.0 73192864.0 4306859.0 0.0 60220000.0 602.0 2.0 1000.0 42940277.0
9400.0 1.0 0.0 69.0 71013480.0 4451118.0 0.0 60220000.0 625.0 2.0 1000.0 44975402.0
9500.0 0.0 2.0 68.0 68804385.0 4640273.0 0.0 60220000.0 619.0 2.0 1000.0 46995342.0
9600.0 1.0 2.0 69.0 66638638.0 4798142.0 0.0 60220000.0 620.0 2.0 1000.0 49003220.0
9700.0 0.0 3.0 71.0 64393767.0 4966712.0 0.0 60220000.0 640.0 2.0 1000.0 51079521.0
9800.0 0.0 3.0 71.0 62159366.0 5104952.0 0.0 60220000.0 628.0 2.0 1000.0 53175682.0
9900.0 0.0 3.0 70.0 59960986.0 5216069.0 0.0 60220000.0 616.0 2.0 1000.0 55262945.0
10000.0 2.0 2.0 76.0 57730804.0 5299651.0 0.0 60220000.0 660.0 2.0 1000.0 57409545.0
10100.0 3.0 1.0 84.0 55293093.0 5375068.0 0.0 60220000.0 728.0 2.0 1000.0 59771839.0
10200.0 2.0 3.0 91.0 52621432.0 5464660.0 0.0 60220000.0 787.0 2.0 1000.0 62353908.0
10300.0 0.0 2.0 92.0 49809009.0 5550505.0 0.0 60220000.0 793.0 2.0 1000.0 65080486.0
10400.0 2.0 3.0 94.0 47015748.0 5630696.0 0.0 60220000.0 805.0 2.0 1000.0 67793556.0
10500.0 2.0 3.0 100.0 44100632.0 5679052.0 0.0 60220000.0 856.0 2.0 1000.0 70660316.0
10600.0 1.0 1.0 104.0 41025878.0 5734933.0 0.0 60220000.0 881.0 2.0 1000.0 73679189.0
10700.0 1.0 1.0 106.0 37907177.0 5760727.0 0.0 60220000.0 893.0 2.0 1000.0 76772096.0
10800.0 1.0 2.0 107.0 34740142.0 5785099.0 0.0 60220000.0 909.0 2.0 1000.0 79914759.0
10900.0 1.0 3.0 106.0 31540776.0 5827727.0 0.0 60220000.0 914.0 2.0 1000.0 83071497.0
11000.0 0.0 1.0 109.0 28323827.0 5849962.0 0.0 60220000.0 913.0 2.0 1000.0 86266211.0
11100.0 0.0 3.0 108.0 25103273.0 5852147.0 0.0 60220000.0 911.0 2.0 1000.0 89484580.0
11200.0 0.0 2.0 109.0 21940774.0 5793426.0 0.0 60220000.0 891.0 2.0 1000.0 92705800.0
11300.0 0.0 0.0 109.0 18841348.0 5684748.0 0.0 60220000.0 877.0 2.0 1000.0 95913904.0
11400.0 0.0 0.0 107.0 15784799.0 5548859.0 0.0 60220000.0 866.0 2.0 1000.0 99106342.0
11500.0 1.0 1.0 106.0 12779305.0 5412755.0 0.0 60220000.0 863.0 2.0 1000.0 102247940.0
11600.0 0.0 3.0 105.0 9765586.0 5274540.0 0.0 60220000.0 857.0 2.0 1000.0 105399874.0
11700.0 0.0 0.0 103.0 6813971.0 5143131.0 0.0 60220000.0 844.0 2.0 1000.0 108482898.0
11800.0 0.0 0.0 103.0 3925784.0 4991486.0 0.0 60220000.0 835.0 2.0 1000.0 111522730.0
11900.0 1.0 3.0 100.0 1181183.0 4749251.0 0.0 60220000.0 825.0 2.0 1000.0 114509566.0
12000.0 0.0 0.0 102.0 1415.0 2960599.0 0.0 60220000.0 840.0 2.0 1000.0 117477986.0
12100.0 0.0 0.0 99.0 170.0 161214.0 0.0 60220000.0 830.0 2.0 1000.0 120278616.0
12200.0 0.0 0.0 98.0 0.0 0.0 0.0 60220000.0 811.0 2.0 1000.0 120440000.0
12300.0 0.0 0.0 97.0 0.0 0.0 0.0 60220000.0 801.0 2.0 1000.0 120440000.0
12400.0 0.0 0.0 96.0 0.0 0.0 0.0 60220000.0 789.0 2.0 1000.0 120440000.0
12500.0 0.0 0.0 94.0 0.0 0.0 0.0 60220000.0 772.0 2.0 1000.0 120440000.0
12600.0 0.0 0.0 93.0 0.0 0.0 0.0 60220000.0 754.0 2.0 1000.0 120440000.0
12700.0 0.0 0.0 92.0 0.0 0.0 0.0 60220000.0 743.0 2.0 1000.0 120440000.0
12800.0 0.0 0.0 92.0 0.0 0.0 0.0 60220000.0 727.0 2.0 1000.0 120440000.0
12900.0 0.0 0.0 90.0 0.0 0.0 0.0 60220000.0 709.0 2.0 1000.0 120440000.0
13000.0 0.0 0.0 90.0 0.0 0.0 0.0 60220000.0 701.0 2.0 1000.0 120440000.0
13100.0 0.0 0.0 89.0 0.0 0.0 0.0 60220000.0 693.0 2.0 1000.0 120440000.0
13200.0 0.0 0.0 89.0 0.0 0.0 0.0 60220000.0 679.0 2.0 1000.0 120440000.0
13300.0 0.0 0.0 89.0 0.0 0.0 0.0 60220000.0 666.0 2.0 1000.0 120440000.0
13400.0 0.0 0.0 86.0 0.0 0.0 0.0 60220000.0 646.0 2.0 1000.0 120440000.0
13500.0 0.0 0.0 84.0 0.0 0.0 0.0 60220000.0 638.0 2.0 1000.0 120440000.0
13600.0 0.0 0.0 83.0 0.0 0.0 0.0 60220000.0 633.0 2.0 1000.0 120440000.0
13700.0 0.0 0.0 81.0 0.0 0.0 0.0 60220000.0 625.0 2.0 1000.0 120440000.0
13800.0 0.0 0.0 80.0 0.0 0.0 0.0 60220000.0 608.0 2.0 1000.0 120440000.0
13900.0 0.0 0.0 80.0 0.0 0.0 0.0 60220000.0 597.0 2.0 1000.0 120440000.0
14000.0 0.0 0.0 79.0 0.0 0.0 0.0 60220000.0 584.0 2.0 1000.0 120440000.0
14100.0 0.0 0.0 78.0 0.0 0.0 0.0 60220000.0 576.0 2.0 1000.0 120440000.0
14200.0 0.0 0.0 78.0 0.0 0.0 0.0 60220000.0 564.0 2.0 1000.0 120440000.0
14300.0 0.0 0.0 78.0 0.0 0.0 0.0 60220000.0 556.0 2.0 1000.0 120440000.0
14400.0 0.0 0.0 78.0 0.0 0.0 0.0 60220000.0 545.0 2.0 1000.0 120440000.0
14500.0 0.0 0.0 78.0 0.0 0.0 0.0 60220000.0 538.0 2.0 1000.0 120440000.0
14600.0 0.0 0.0 77.0 0.0 0.0 0.0 60220000.0 531.0 2.0 1000.0 120440000.0
14700.0 0.0 0.0 77.0 0.0 0.0 0.0 60220000.0 521.0 2.0 1000.0 120440000.0
14800.0 0.0 0.0 76.0 0.0 0.0 0.0 60220000.0 512.0 2.0 1000.0 120440000.0
14900.0 0.0 0.0 74.0 0.0 0.0 0.0 60220000.0 501.0 2.0 1000.0 120440000.0
15000.0 0.0 0.0 72.0 0.0 0.0 0.0 60220000.0 491.0 2.0 1000.0 120440000.0
15100.0 0.0 0.0 72.0 0.0 0.0 0.0 60220000.0 480.0 2.0 1000.0 120440000.0
15200.0 0.0 0.0 70.0 0.0 0.0 0.0 60220000.0 474.0 2.0 1000.0 120440000.0
15300.0 0.0 0.0 69.0 0.0 0.0 0.0 60220000.0 469.0 2.0 1000.0 120440000.0
15400.0 0.0 0.0 66.0 0.0 0.0 0.0 60220000.0 461.0 2.0 1000.0 120440000.0
15500.0 0.0 0.0 66.0 0.0 0.0 0.0 60220000.0 455.0 2.0 1000.0 120440000.0
15600.0 0.0 0.0 64.0 0.0 0.0 0.0 60220000.0 451.0 2.0 1000.0 120440000.0
15700.0 0.0 0.0 62.0 0.0 0.0 0.0 60220000.0 445.0 2.0 1000.0 120440000.0
15800.0 0.0 0.0 62.0 0.0 0.0 0.0 60220000.0 439.0 2.0 1000.0 120440000.0
15900.0 0.0 0.0 58.0 0.0 0.0 0.0 60220000.0 432.0 2.0 1000.0 120440000.0
16000.0 0.0 0.0 57.0 0.0 0.0 0.0 60220000.0 427.0 2.0 1000.0 120440000.0
16100.0 0.0 0.0 55.0 0.0 0.0 0.0 60220000.0 413.0 2.0 1000.0 120440000.0
16200.0 0.0 0.0 53.0 0.0 0.0 0.0 60220000.0 401.0 2.0 1000.0 120440000.0
16300.0 0.0 0.0 51.0 0.0 0.0 0.0 60220000.0 390.0 2.0 1000.0 120440000.0
16400.0 0.0 0.0 50.0 0.0 0.0 0.0 60220000.0 386.0 2.0 1000.0 120440000.0
16500.0 0.0 0.0 48.0 0.0 0.0 0.0 60220000.0 378.0 2.0 1000.0 120440000.0
16600.0 0.0 0.0 48.0 0.0 0.0 0.0 60220000.0 374.0 2.0 1000.0 120440000.0
16700.0 0.0 0.0 47.0 0.0 0.0 0.0 60220000.0 367.0 2.0 1000.0 120440000.0
16800.0 0.0 0.0 47.0 0.0 0.0 0.0 60220000.0 362.0 2.0 1000.0 120440000.0
16900.0 0.0 0.0 46.0 0.0 0.0 0.0 60220000.0 356.0 2.0 1000.0 120440000.0
17000.0 0.0 0.0 46.0 0.0 0.0 0.0 60220000.0 351.0 2.0 1000.0 120440000.0
17100.0 0.0 0.0 45.0 0.0 0.0 0.0 60220000.0 342.0 2.0 1000.0 120440000.0
17200.0 0.0 0.0 44.0 0.0 0.0 0.0 60220000.0 334.0 2.0 1000.0 120440000.0
17300.0 0.0 0.0 43.0 0.0 0.0 0.0 60220000.0 328.0 2.0 1000.0 120440000.0
17400.0 0.0 0.0 42.0 0.0 0.0 0.0 60220000.0 324.0 2.0 1000.0 120440000.0
17500.0 0.0 0.0 42.0 0.0 0.0 0.0 60220000.0 318.0 2.0 1000.0 120440000.0
17600.0 0.0 0.0 42.0 0.0 0.0 0.0 60220000.0 313.0 2.0 1000.0 120440000.0
17700.0 0.0 0.0 41.0 0.0 0.0 0.0 60220000.0 309.0 2.0 1000.0 120440000.0
17800.0 0.0 0.0 41.0 0.0 0.0 0.0 60220000.0 303.0 2.0 1000.0 120440000.0
17900.0 0.0 0.0 40.0 0.0 0.0 0.0 60220000.0 294.0 2.0 1000.0 120440000.0
18000.0 0.0 0.0 39.0 0.0 0.0 0.0 60220000.0 288.0 2.0 1000.0 120440000.0
18100.0 0.0 0.0 39.0 0.0 0.0 0.0 60220000.0 286.0 2.0 1000.0 120440000.0
18200.0 0.0 0.0 39.0 0.0 0.0 0.0 60220000.0 281.0 2.0 1000.0 120440000.0
18300.0 0.0 0.0 39.0 0.0 0.0 0.0 60220000.0 278.0 2.0 1000.0 120440000.0
18400.0 0.0 0.0 39.0 0.0 0.0 0.0 60220000.0 272.0 2.0 1000.0 120440000.0
18500.0 0.0 0.0 39.0 0.0 0.0 0.0 60220000.0 267.0 2.0 1000.0 120440000.0
18600.0 0.0 0.0 39.0 0.0 0.0 0.0 60220000.0 264.0 2.0 1000.0 120440000.0
18700.0 0.0 0.0 39.0 0.0 0.0 0.0 60220000.0 261.0 2.0 1000.0 120440000.0
18800.0 0.0 0.0 38.0 0.0 0.0 0.0 60220000.0 256.0 2.0 1000.0 120440000.0
18900.0 0.0 0.0 38.0 0.0 0.0 0.0 60220000.0 249.0 2.0 1000.0 120440000.0
19000.0 0.0 0.0 38.0 0.0 0.0 0.0 60220000.0 246.0 2.0 1000.0 120440000.0
19100.0 0.0 0.0 38.0 0.0 0.0 0.0 60220000.0 243.0 2.0 1000.0 120440000.0
19200.0 0.0 0.0 37.0 0.0 0.0 0.0 60220000.0 233.0 2.0 1000.0 120440000.0
19300.0 0.0 0.0 37.0 0.0 0.0 0.0 60220000.0 225.0 2.0 1000.0 120440000.0
19400.0 0.0 0.0 37.0 0.0 0.0 0.0 60220000.0 220.0 2.0 1000.0 120440000.0
19500.0 0.0 0.0 33.0 0.0 0.0 0.0 60220000.0 218.0 2.0 1000.0 120440000.0
19600.0 0.0 0.0 33.0 0.0 0.0 0.0 60220000.0 214.0 2.0 1000.0 120440000.0
19700.0 0.0 0.0 33.0 0.0 0.0 0.0 60220000.0 212.0 2.0 1000.0 120440000.0
19800.0 0.0 0.0 32.0 0.0 0.0 0.0 60220000.0 210.0 2.0 1000.0 120440000.0
19900.0 0.0 0.0 31.0 0.0 0.0 0.0 60220000.0 208.0 2.0 1000.0 120440000.0
