time rna_M monomer_betaGal protein_betaGal Lactose_external Lactose_internal Glucose_external Glucose_internal protein_Lactose_Permease dna_Lac_Operon Biomass Lactose_consumed
0.0 0.0 0.0 0.0 120440000.0 0.0 60220000.0 0.0 0.0 2.0 1000.0 0.0
100.0 0.0 0.0 0.0 120440000.0 0.0 30116010.0 30103990.0 0.0 2.0 1000.0 0.0
200.0 0.0 0.0 0.0 120440000.0 0.0 66580.0 60153420.0 0.0 2.0 1000.0 0.0
300.0 0.0 0.0 0.0 120440000.0 0.0 0.0 60220000.0 0.0 2.0 1000.0 0.0
400.0 0.0 0.0 0.0 120440000.0 0.0 0.0 60220000.0 0.0 2.0 1000.0 0.0
500.0 0.0 0.0 0.0 120440000.0 0.0 0.0 60220000.0 0.0 2.0 1000.0 0.0
600.0 0.0 0.0 0.0 120440000.0 0.0 0.0 60220000.0 0.0 2.0 1000.0 0.0
700.0 0.0 0.0 0.0 120440000.0 0.0 0.0 60220000.0 0.0 2.0 1000.0 0.0
800.0 0.0 0.0 0.0 120440000.0 0.0 0.0 60220000.0 0.0 2.0 1000.0 0.0
900.0 0.0 0.0 0.0 120440000.0 0.0 0.0 60220000.0 0.0 2.0 1000.0 0.0
1000.0 0.0 0.0 0.0 120440000.0 0.0 0.0 60220000.0 0.0 2.0 1000.0 0.0
1100.0 0.0 0.0 0.0 120440000.0 0.0 0.0 60220000.0 0.0 2.0 1000.0 0.0
1200.0 0.0 0.0 0.0 120440000.0 0.0 0.0 60220000.0 0.0 2.0 1000.0 0.0
1300.0 0.0 0.0 0.0 120440000.0 0.0 0.0 60220000.0 0.0 2.0 1000.0 0.0
1400.0 0.0 0.0 0.0 120440000.0 0.0 0.0 60220000.0 0.0 2.0 1000.0 0.0
1500.0 0.0 0.0 0.0 120440000.0 0.0 0.0 60220000.0 0.0 2.0 1000.0 0.0
1600.0 0.0 0.0 0.0 120440000.0 0.0 0.0 60220000.0 0.0 2.0 1000.0 0.0
1700.0 0.0 0.0 0.0 120440000.0 0.0 0.0 60220000.0 0.0 2.0 1000.0 0.0
1800.0 0.0 0.0 0.0 120440000.0 0.0 0.0 60220000.0 0.0 2.0 1000.0 0.0
1900.0 0.0 0.0 0.0 120440000.0 0.0 0.0 60220000.0 0.0 2.0 1000.0 0.0
2000.0 0.0 0.0 0.0 120440000.0 0.0 0.0 60220000.0 0.0 2.0 1000.0 0.0
2100.0 0.0 0.0 0.0 120440000.0 0.0 0.0 60220000.0 0.0 2.0 1000.0 0.0
2200.0 0.0 0.0 0.0 120440000.0 0.0 0.0 60220000.0 0.0 2.0 1000.0 0.0
2300.0 0.0 0.0 0.0 120440000.0 0.0 0.0 60220000.0 0.0 2.0 1000.0 0.0
2400.0 0.0 0.0 0.0 120440000.0 0.0 0.0 60220000.0 0.0 2.0 1000.0 0.0
2500.0 0.0 0.0 0.0 120440000.0 0.0 0.0 60220000.0 0.0 2.0 1000.0 0.0
2600.0 0.0 0.0 0.0 120440000.0 0.0 0.0 60220000.0 0.0 2.0 1000.0 0.0
2700.0 0.0 0.0 0.0 120440000.0 0.0 0.0 60220000.0 0.0 2.0 1000.0 0.0
2800.0 0.0 0.0 0.0 120440000.0 0.0 0.0 60220000.0 0.0 2.0 1000.0 0.0
2900.0 0.0 0.0 0.0 120440000.0 0.0 0.0 60220000.0 0.0 2.0 1000.0 0.0
3000.0 0.0 0.0 0.0 120440000.0 0.0 0.0 60220000.0 0.0 2.0 1000.0 0.0
3100.0 0.0 0.0 0.0 120440000.0 0.0 0.0 60220000.0 0.0 2.0 1000.0 0.0
3200.0 0.0 0.0 0.0 120440000.0 0.0 0.0 60220000.0 0.0 2.0 1000.0 0.0
3300.0 0.0 0.0 0.0 120440000.0 0.0 0.0 60220000.0 0.0 2.0 1000.0 0.0
3400.0 0.0 0.0 0.0 120440000.0 0.0 0.0 60220000.0 0.0 2.0 1000.0 0.0
3500.0 0.0 0.0 0.0 120440000.0 0.0 0.0 60220000.0 0.0 2.0 1000.0 0.0
3600.0 0.0 0.0 0.0 120440000.0 0.0 0.0 60220000.0 0.0 2.0 1000.0 0.0
3700.0 0.0 0.0 0.0 120440000.0 0.0 0.0 60220000.0 0.0 2.0 1000.0 0.0
3800.0 0.0 0.0 0.0 120440000.0 0.0 0.0 60220000.0 0.0 2.0 1000.0 0.0
3900.0 0.0 0.0 0.0 120440000.0 0.0 0.0 60220000.0 0.0 2.0 1000.0 0.0
4000.0 0.0 0.0 0.0 120440000.0 0.0 0.0 60220000.0 0.0 2.0 1000.0 0.0
4100.0 0.0 0.0 0.0 120440000.0 0.0 0.0 60220000.0 0.0 2.0 1000.0 0.0
4200.0 0.0 0.0 0.0 120440000.0 0.0 0.0 60220000.0 0.0 2.0 1000.0 0.0
4300.0 0.0 0.0 0.0 120440000.0 0.0 0.0 60220000.0 0.0 2.0 1000.0 0.0
4400.0 0.0 0.0 0.0 120440000.0 0.0 0.0 60220000.0 0.0 2.0 1000.0 0.0
4500.0 0.0 0.0 0.0 120440000.0 0.0 0.0 60220000.0 0.0 2.0 1000.0 0.0
4600.0 0.0 0.0 0.0 120440000.0 0.0 0.0 60220000.0 0.0 2.0 1000.0 0.0
4700.0 0.0 0.0 0.0 120440000.0 0.0 0.0 60220000.0 0.0 2.0 1000.0 0.0
4800.0 0.0 0.0 0.0 120440000.0 0.0 0.0 60220000.0 0.0 2.0 1000.0 0.0
4900.0 0.0 0.0 0.0 120440000.0 0.0 0.0 60220000.0 0.0 2.0 1000.0 0.0
5000.0 0.0 0.0 0.0 120440000.0 0.0 0.0 60220000.0 0.0 2.0 1000.0 0.0
5100.0 0.0 0.0 0.0 120440000.0 0.0 0.0 60220000.0 0.0 2.0 1000.0 0.0
5200.0 0.0 0.0 0.0 120440000.0 0.0 0.0 60220000.0 0.0 2.0 1000.0 0.0
5300.0 0.0 0.0 0.0 120440000.0 0.0 0.0 60220000.0 0.0 2.0 1000.0 0.0
5400.0 0.0 0.0 0.0 120440000.0 0.0 0.0 60220000.0 0.0 2.0 1000.0 0.0
5500.0 0.0 0.0 0.0 120440000.0 0.0 0.0 60220000.0 0.0 2.0 1000.0 0.0
5600.0 0.0 0.0 0.0 120440000.0 0.0 0.0 60220000.0 0.0 2.0 1000.0 0.0
5700.0 0.0 0.0 0.0 120440000.0 0.0 0.0 60220000.0 0.0 2.0 1000.0 0.0
5800.0 0.0 0.0 0.0 120440000.0 0.0 0.0 60220000.0 0.0 2.0 1000.0 0.0
5900.0 0.0 0.0 0.0 120440000.0 0.0 0.0 60220000.0 0.0 2.0 1000.0 0.0
6000.0 0.0 0.0 0.0 120440000.0 0.0 0.0 60220000.0 0.0 2.0 1000.0 0.0
6100.0 0.0 0.0 0.0 120440000.0 0.0 0.0 60220000.0 0.0 2.0 1000.0 0.0
6200.0 0.0 0.0 0.0 120440000.0 0.0 0.0 60220000.0 0.0 2.0 1000.0 0.0
6300.0 0.0 0.0 0.0 120440000.0 0.0 0.0 60220000.0 0.0 2.0 1000.0 0.0
6400.0 0.0 0.0 0.0 120440000.0 0.0 0.0 60220000.0 0.0 2.0 1000.0 0.0
6500.0 0.0 0.0 0.0 120440000.0 0.0 0.0 60220000.0 0.0 2.0 1000.0 0.0
6600.0 0.0 0.0 0.0 120440000.0 0.0 0.0 60220000.0 0.0 2.0 1000.0 0.0
6700.0 0.0 0.0 0.0 120440000.0 0.0 0.0 60220000.0 0.0 2.0 1000.0 0.0
6800.0 1.0 1.0 0.0 120430356.0 9644.0 0.0 60220000.0 13.0 2.0 1000.0 0.0
6900.0 0.0 3.0 3.0 120336770.0 81847.0 0.0 60220000.0 34.0 2.0 1000.0 21383.0
7000.0 0.0 3.0 3.0 120214970.0 151904.0 0.0 60220000.0 34.0 2.0 1000.0 73126.0
7100.0 0.0 3.0 3.0 120093147.0 211864.0 0.0 60220000.0 34.0 2.0 1000.0 134989.0
7200.0 0.0 3.0 3.0 119971867.0 266886.0 0.0 60220000.0 34.0 2.0 1000.0 201247.0
7300.0 0.0 3.0 3.0 119850865.0 317788.0 0.0 60220000.0 34.0 2.0 1000.0 271347.0
7400.0 0.0 3.0 3.0 119729227.0 367151.0 0.0 60220000.0 34.0 2.0 1000.0 343622.0
7500.0 0.0 3.0 3.0 119609114.0 413420.0 0.0 60220000.0 33.0 2.0 1000.0 417466.0
7600.0 0.0 3.0 3.0 119491212.0 455837.0 0.0 60220000.0 32.0 2.0 1000.0 492951.0
7700.0 0.0 3.0 3.0 119378237.0 492250.0 0.0 60220000.0 31.0 2.0 1000.0 569513.0
7800.0 0.0 3.0 3.0 119268088.0 525939.0 0.0 60220000.0 31.0 2.0 1000.0 645973.0
7900.0 0.0 3.0 3.0 119156877.0 559289.0 0.0 60220000.0 31.0 2.0 1000.0 723834.0
8000.0 0.0 3.0 3.0 119046721.0 590821.0 0.0 60220000.0 31.0 2.0 1000.0 802458.0
8100.0 0.0 3.0 3.0 118935609.0 622419.0 0.0 60220000.0 31.0 2.0 1000.0 881972.0
8200.0 0.0 3.0 3.0 118826091.0 652634.0 0.0 60220000.0 30.0 2.0 1000.0 961275.0
8300.0 0.0 3.0 3.0 118719400.0 679756.0 0.0 60220000.0 30.0 2.0 1000.0 1040844.0
8400.0 0.0 3.0 3.0 118611606.0 708086.0 0.0 60220000.0 30.0 2.0 1000.0 1120308.0
8500.0 0.0 3.0 3.0 118507824.0 731041.0 0.0 60220000.0 28.0 2.0 1000.0 1201135.0
8600.0 0.0 3.0 3.0 118407686.0 750639.0 0.0 60220000.0 28.0 2.0 1000.0 1281675.0
8700.0 0.0 3.0 3.0 118307644.0 769653.0 0.0 60220000.0 28.0 2.0 1000.0 1362703.0
8800.0 0.0 3.0 3.0 118208338.0 787688.0 0.0 60220000.0 27.0 2.0 1000.0 1443974.0
8900.0 0.0 3.0 3.0 118112381.0 802599.0 0.0 60220000.0 27.0 2.0 1000.0 1525020.0
9000.0 0.0 3.0 3.0 118015709.0 818107.0 0.0 60220000.0 27.0 2.0 1000.0 1606184.0
9100.0 0.0 3.0 2.0 117919759.0 858430.0 0.0 60220000.0 27.0 2.0 1000.0 1661811.0
9200.0 0.0 3.0 2.0 117827512.0 896264.0 0.0 60220000.0 25.0 2.0 1000.0 1716224.0
9300.0 0.0 3.0 2.0 117738555.0 930048.0 0.0 60220000.0 25.0 2.0 1000.0 1771397.0
9400.0 0.0 3.0 2.0 117649238.0 964697.0 0.0 60220000.0 25.0 2.0 1000.0 1826065.0
9500.0 0.0 3.0 2.0 117560579.0 998025.0 0.0 60220000.0 25.0 2.0 1000.0 1881396.0
9600.0 0.0 3.0 2.0 117472183.0 1030991.0 0.0 60220000.0 24.0 2.0 1000.0 1936826.0
9700.0 0.0 3.0 2.0 117387048.0 1060135.0 0.0 60220000.0 24.0 2.0 1000.0 1992817.0
9800.0 0.0 3.0 2.0 117304827.0 1086445.0 0.0 60220000.0 23.0 2.0 1000.0 2048728.0
9900.0 0.0 3.0 2.0 117222383.0 1113651.0 0.0 60220000.0 23.0 2.0 1000.0 2103966.0
10000.0 0.0 3.0 2.0 117140681.0 1139977.0 0.0 60220000.0 23.0 2.0 1000.0 2159342.0
10100.0 0.0 3.0 2.0 117060686.0 1164306.0 0.0 60220000.0 21.0 2.0 1000.0 2215008.0
10200.0 0.0 3.0 2.0 116987619.0 1181231.0 0.0 60220000.0 20.0 2.0 1000.0 2271150.0
10300.0 0.0 3.0 2.0 116916510.0 1196256.0 0.0 60220000.0 19.0 2.0 1000.0 2327234.0
10400.0 0.0 3.0 2.0 116849914.0 1206904.0 0.0 60220000.0 18.0 2.0 1000.0 2383182.0
10500.0 0.0 3.0 2.0 116786104.0 1214953.0 0.0 60220000.0 18.0 2.0 1000.0 2438943.0
10600.0 0.0 3.0 2.0 116722046.0 1222864.0 0.0 60220000.0 18.0 2.0 1000.0 2495090.0
10700.0 0.0 3.0 2.0 116657379.0 1231090.0 0.0 60220000.0 18.0 2.0 1000.0 2551531.0
10800.0 0.0 3.0 2.0 116593780.0 1238532.0 0.0 60220000.0 18.0 2.0 1000.0 2607688.0
10900.0 0.0 3.0 2.0 116529654.0 1246380.0 0.0 60220000.0 18.0 2.0 1000.0 2663966.0
11000.0 0.0 3.0 2.0 116465746.0 1253986.0 0.0 60220000.0 18.0 2.0 1000.0 2720268.0
11100.0 0.0 3.0 2.0 116401746.0 1261738.0 0.0 60220000.0 18.0 2.0 1000.0 2776516.0
11200.0 0.0 3.0 2.0 116339958.0 1267265.0 0.0 60220000.0 17.0 2.0 1000.0 2832777.0
11300.0 0.0 3.0 2.0 116279158.0 1271967.0 0.0 60220000.0 17.0 2.0 1000.0 2888875.0
11400.0 0.0 3.0 2.0 116218733.0 1276413.0 0.0 60220000.0 17.0 2.0 1000.0 2944854.0
11500.0 0.0 3.0 2.0 116158088.0 1280677.0 0.0 60220000.0 17.0 2.0 1000.0 3001235.0
11600.0 0.0 3.0 2.0 116097319.0 1285194.0 0.0 60220000.0 17.0 2.0 1000.0 3057487.0
11700.0 0.0 3.0 2.0 116036751.0 1289772.0 0.0 60220000.0 17.0 2.0 1000.0 3113477.0
11800.0 0.0 3.0 1.0 115976109.0 1318296.0 0.0 60220000.0 17.0 2.0 1000.0 3145595.0
11900.0 0.0 3.0 1.0 115915818.0 1350040.0 0.0 60220000.0 17.0 2.0 1000.0 3174142.0
12000.0 0.0 3.0 1.0 115855690.0 1381982.0 0.0 60220000.0 17.0 2.0 1000.0 3202328.0
12100.0 0.0 3.0 1.0 115795108.0 1414076.0 0.0 60220000.0 17.0 2.0 1000.0 3230816.0
12200.0 0.0 3.0 1.0 115737390.0 1443545.0 0.0 60220000.0 16.0 2.0 1000.0 3259065.0
12300.0 0.0 2.0 2.0 115676547.0 1465426.0 0.0 60220000.0 19.0 2.0 1000.0 3298027.0
12400.0 0.0 2.0 2.0 115613525.0 1471790.0 0.0 60220000.0 17.0 2.0 1000.0 3354685.0
12500.0 0.0 2.0 2.0 115553445.0 1475071.0 0.0 60220000.0 17.0 2.0 1000.0 3411484.0
12600.0 0.0 2.0 1.0 115492919.0 1483537.0 0.0 60220000.0 17.0 2.0 1000.0 3463544.0
12700.0 0.0 2.0 1.0 115432950.0 1514619.0 0.0 60220000.0 16.0 2.0 1000.0 3492431.0
12800.0 0.0 2.0 1.0 115377128.0 1541853.0 0.0 60220000.0 15.0 2.0 1000.0 3521019.0
12900.0 0.0 2.0 1.0 115324124.0 1566282.0 0.0 60220000.0 15.0 2.0 1000.0 3549594.0
13000.0 0.0 2.0 1.0 115270658.0 1591198.0 0.0 60220000.0 15.0 2.0 1000.0 3578144.0
13100.0 0.0 2.0 1.0 115217156.0 1616196.0 0.0 60220000.0 15.0 2.0 1000.0 3606648.0
13200.0 0.0 2.0 1.0 115165810.0 1639067.0 0.0 60220000.0 14.0 2.0 1000.0 3635123.0
13300.0 0.0 2.0 1.0 115116283.0 1659906.0 0.0 60220000.0 14.0 2.0 1000.0 3663811.0
13400.0 0.0 2.0 1.0 115066145.0 1681617.0 0.0 60220000.0 14.0 2.0 1000.0 3692238.0
13500.0 0.0 2.0 1.0 115020955.0 1698018.0 0.0 60220000.0 12.0 2.0 1000.0 3721027.0
13600.0 0.0 2.0 1.0 114978399.0 1711580.0 0.0 60220000.0 12.0 2.0 1000.0 3750021.0
13700.0 0.0 2.0 1.0 114935717.0 1725630.0 0.0 60220000.0 12.0 2.0 1000.0 3778653.0
13800.0 0.0 2.0 1.0 114892786.0 1739846.0 0.0 60220000.0 12.0 2.0 1000.0 3807368.0
13900.0 0.0 1.0 2.0 114839183.0 1751540.0 0.0 60220000.0 19.0 2.0 1000.0 3849277.0
14000.0 0.0 1.0 2.0 114772941.0 1760260.0 0.0 60220000.0 18.0 2.0 1000.0 3906799.0
14100.0 0.0 1.0 2.0 114709935.0 1766127.0 0.0 60220000.0 17.0 2.0 1000.0 3963938.0
14200.0 0.0 1.0 2.0 114649622.0 1769007.0 0.0 60220000.0 17.0 2.0 1000.0 4021371.0
14300.0 0.0 1.0 2.0 114589177.0 1772102.0 0.0 60220000.0 17.0 2.0 1000.0 4078721.0
14400.0 0.0 1.0 2.0 114528372.0 1775697.0 0.0 60220000.0 17.0 2.0 1000.0 4135931.0
14500.0 0.0 1.0 2.0 114467976.0 1778773.0 0.0 60220000.0 17.0 2.0 1000.0 4193251.0
14600.0 0.0 1.0 2.0 114407284.0 1782116.0 0.0 60220000.0 17.0 2.0 1000.0 4250600.0
14700.0 1.0 3.0 3.0 114324939.0 1797208.0 0.0 60220000.0 39.0 2.0 1000.0 4317853.0
14800.0 1.0 0.0 8.0 114150476.0 1796386.0 0.0 60220000.0 61.0 2.0 1000.0 4493138.0
14900.0 0.0 2.0 8.0 113905025.0 1811676.0 0.0 60220000.0 71.0 2.0 1000.0 4723299.0
15000.0 0.0 2.0 8.0 113655990.0 1831410.0 0.0 60220000.0 70.0 2.0 1000.0 4952600.0
15100.0 0.0 2.0 8.0 113407358.0 1850480.0 0.0 60220000.0 70.0 2.0 1000.0 5182162.0
15200.0 0.0 2.0 8.0 113161392.0 1866405.0 0.0 60220000.0 69.0 2.0 1000.0 5412203.0
15300.0 0.0 2.0 8.0 112916976.0 1880895.0 0.0 60220000.0 69.0 2.0 1000.0 5642129.0
15400.0 0.0 2.0 8.0 112671636.0 1896691.0 0.0 60220000.0 69.0 2.0 1000.0 5871673.0
15500.0 1.0 2.0 8.0 112434827.0 1903569.0 0.0 60220000.0 67.0 2.0 1000.0 6101604.0
15600.0 1.0 3.0 11.0 112132872.0 1919933.0 0.0 60220000.0 97.0 2.0 1000.0 6387195.0
15700.0 0.0 2.0 12.0 111789353.0 1918960.0 0.0 60220000.0 97.0 2.0 1000.0 6731687.0
15800.0 0.0 2.0 12.0 111446444.0 1917892.0 0.0 60220000.0 96.0 2.0 1000.0 7075664.0
15900.0 0.0 2.0 12.0 111107803.0 1910417.0 0.0 60220000.0 95.0 2.0 1000.0 7421780.0
16000.0 0.0 2.0 12.0 110778126.0 1895480.0 0.0 60220000.0 92.0 2.0 1000.0 7766394.0
16100.0 0.0 2.0 12.0 110451212.0 1878207.0 0.0 60220000.0 91.0 2.0 1000.0 8110581.0
16200.0 0.0 2.0 12.0 110132373.0 1853239.0 0.0 60220000.0 89.0 2.0 1000.0 8454388.0
16300.0 0.0 2.0 12.0 109818662.0 1823250.0 0.0 60220000.0 88.0 2.0 1000.0 8798088.0
16400.0 0.0 2.0 12.0 109515882.0 1781708.0 0.0 60220000.0 85.0 2.0 1000.0 9142410.0
16500.0 0.0 2.0 12.0 109215279.0 1738019.0 0.0 60220000.0 84.0 2.0 1000.0 9486702.0
16600.0 0.0 2.0 12.0 108918966.0 1690521.0 0.0 60220000.0 82.0 2.0 1000.0 9830513.0
16700.0 0.0 2.0 12.0 108631270.0 1636172.0 0.0 60220000.0 80.0 2.0 1000.0 10172558.0
16800.0 0.0 2.0 12.0 108352315.0 1573282.0 0.0 60220000.0 77.0 2.0 1000.0 10514403.0
16900.0 0.0 2.0 12.0 108080054.0 1503977.0 0.0 60220000.0 76.0 2.0 1000.0 10855969.0
17000.0 0.0 2.0 12.0 107812972.0 1431063.0 0.0 60220000.0 75.0 2.0 1000.0 11195965.0
17100.0 0.0 2.0 12.0 107543999.0 1361052.0 0.0 60220000.0 76.0 2.0 1000.0 11534949.0
17200.0 0.0 2.0 12.0 107277874.0 1287970.0 0.0 60220000.0 74.0 2.0 1000.0 11874156.0
17300.0 0.0 2.0 12.0 107013831.0 1214221.0 0.0 60220000.0 74.0 2.0 1000.0 12211948.0
17400.0 0.0 2.0 12.0 106755221.0 1136616.0 0.0 60220000.0 72.0 2.0 1000.0 12548163.0
17500.0 0.0 2.0 12.0 106499355.0 1057582.0 0.0 60220000.0 72.0 2.0 1000.0 12883063.0
17600.0 0.0 2.0 12.0 106242289.0 982625.0 0.0 60220000.0 72.0 2.0 1000.0 13215086.0
17700.0 0.0 2.0 12.0 105986883.0 907722.0 0.0 60220000.0 71.0 2.0 1000.0 13545395.0
17800.0 0.0 2.0 12.0 105733202.0 833505.0 0.0 60220000.0 71.0 2.0 1000.0 13873293.0
17900.0 0.0 2.0 12.0 105482210.0 759182.0 0.0 60220000.0 69.0 2.0 1000.0 14198608.0
18000.0 0.0 2.0 12.0 105238346.0 680516.0 0.0 60220000.0 68.0 2.0 1000.0 14521138.0
18100.0 0.0 2.0 12.0 104996302.0 604046.0 0.0 60220000.0 68.0 2.0 1000.0 14839652.0
18200.0 0.0 2.0 10.0 104755166.0 552996.0 0.0 60220000.0 67.0 2.0 1000.0 15131838.0
18300.0 0.0 2.0 10.0 104518050.0 529731.0 0.0 60220000.0 66.0 2.0 1000.0 15392219.0
18400.0 0.0 2.0 10.0 104285251.0 504420.0 0.0 60220000.0 65.0 2.0 1000.0 15650329.0
18500.0 0.0 2.0 10.0 104055212.0 477815.0 0.0 60220000.0 62.0 2.0 1000.0 15906973.0
18600.0 0.0 2.0 10.0 103833576.0 444804.0 0.0 60220000.0 62.0 2.0 1000.0 16161620.0
18700.0 0.0 2.0 9.0 103612763.0 416615.0 0.0 60220000.0 62.0 2.0 1000.0 16410622.0
18800.0 0.0 2.0 9.0 103392831.0 412724.0 0.0 60220000.0 61.0 2.0 1000.0 16634445.0
18900.0 0.0 2.0 9.0 103176071.0 405887.0 0.0 60220000.0 61.0 2.0 1000.0 16858042.0
19000.0 0.0 2.0 9.0 102963119.0 395921.0 0.0 60220000.0 58.0 2.0 1000.0 17080960.0
19100.0 0.0 2.0 9.0 102756418.0 380322.0 0.0 60220000.0 58.0 2.0 1000.0 17303260.0
19200.0 0.0 2.0 9.0 102553051.0 363366.0 0.0 60220000.0 57.0 2.0 1000.0 17523583.0
19300.0 0.0 2.0 9.0 102353204.0 344527.0 0.0 60220000.0 56.0 2.0 1000.0 17742269.0
19400.0 0.0 2.0 8.0 102153376.0 341789.0 0.0 60220000.0 56.0 2.0 1000.0 17944835.0
19500.0 0.0 2.0 8.0 101953669.0 349103.0 0.0 60220000.0 56.0 2.0 1000.0 18137228.0
19600.0 0.0 2.0 8.0 101755713.0 353435.0 0.0 60220000.0 55.0 2.0 1000.0 18330852.0
19700.0 0.0 2.0 8.0 101559301.0 356454.0 0.0 60220000.0 54.0 2.0 1000.0 18524245.0
19800.0 0.0 2.0 8.0 101366635.0 354764.0 0.0 60220000.0 54.0 2.0 1000.0 18718601.0
19900.0 0.0 2.0 8.0 101173274.0 354419.0 0.0 60220000.0 54.0 2.0 1000.0 18912307.0
