time rna_M monomer_betaGal protein_betaGal Lactose_external Lactose_internal Glucose_external Glucose_internal protein_Lactose_Permease dna_Lac_Operon Biomass Lactose_consumed
0.0 0.0 0.0 0.0 120440000.0 0.0 60220000.0 0.0 0.0 2.0 1000.0 0.0
100.0 0.0 0.0 0.0 120440000.0 0.0 30127542.0 30092458.0 0.0 2.0 1000.0 0.0
200.0 0.0 0.0 0.0 120440000.0 0.0 84168.0 60135832.0 0.0 2.0 1000.0 0.0
300.0 0.0 0.0 0.0 120440000.0 0.0 0.0 60220000.0 0.0 2.0 1000.0 0.0
400.0 0.0 1.0 1.0 120427643.0 11933.0 0.0 60220000.0 17.0 2.0 1000.0 424.0
500.0 0.0 1.0 1.0 120366706.0 63807.0 0.0 60220000.0 17.0 2.0 1000.0 9487.0
600.0 0.0 1.0 2.0 120291431.0 113122.0 0.0 60220000.0 24.0 2.0 1000.0 35447.0
700.0 0.0 1.0 2.0 120205602.0 161792.0 0.0 60220000.0 24.0 2.0 1000.0 72606.0
800.0 0.0 1.0 2.0 120120006.0 206092.0 0.0 60220000.0 24.0 2.0 1000.0 113902.0
900.0 0.0 1.0 2.0 120034604.0 247617.0 0.0 60220000.0 24.0 2.0 1000.0 157779.0
1000.0 0.0 1.0 2.0 119949022.0 287773.0 0.0 60220000.0 24.0 2.0 1000.0 203205.0
1100.0 0.0 1.0 2.0 119866572.0 323332.0 0.0 60220000.0 23.0 2.0 1000.0 250096.0
1200.0 0.0 1.0 2.0 119785150.0 357133.0 0.0 60220000.0 23.0 2.0 1000.0 297717.0
1300.0 1.0 2.0 4.0 119681232.0 395575.0 0.0 60220000.0 43.0 2.0 1000.0 363193.0
1400.0 1.0 1.0 7.0 119459318.0 472601.0 0.0 60220000.0 76.0 2.0 1000.0 508081.0
1500.0 1.0 1.0 7.0 119156908.0 581840.0 0.0 60220000.0 95.0 2.0 1000.0 701252.0
1600.0 0.0 2.0 10.0 118773036.0 728386.0 0.0 60220000.0 116.0 2.0 1000.0 938578.0
1700.0 0.0 2.0 10.0 118359572.0 870557.0 0.0 60220000.0 116.0 2.0 1000.0 1209871.0
1800.0 0.0 2.0 10.0 117947804.0 1007127.0 0.0 60220000.0 115.0 2.0 1000.0 1485069.0
1900.0 0.0 2.0 10.0 117540945.0 1135834.0 0.0 60220000.0 114.0 2.0 1000.0 1763221.0
2000.0 0.0 2.0 10.0 117141610.0 1256213.0 0.0 60220000.0 110.0 2.0 1000.0 2042177.0
2100.0 0.0 2.0 10.0 116757604.0 1357905.0 0.0 60220000.0 106.0 2.0 1000.0 2324491.0
2200.0 0.0 2.0 10.0 116388779.0 1442808.0 0.0 60220000.0 103.0 2.0 1000.0 2608413.0
2300.0 0.0 2.0 10.0 116023505.0 1524259.0 0.0 60220000.0 101.0 2.0 1000.0 2892236.0
2400.0 0.0 2.0 9.0 115663556.0 1625007.0 0.0 60220000.0 101.0 2.0 1000.0 3151437.0
2500.0 0.0 2.0 9.0 115305907.0 1726230.0 0.0 60220000.0 101.0 2.0 1000.0 3407863.0
2600.0 0.0 2.0 9.0 114950485.0 1824368.0 0.0 60220000.0 99.0 2.0 1000.0 3665147.0
2700.0 0.0 2.0 9.0 114602131.0 1914752.0 0.0 60220000.0 95.0 2.0 1000.0 3923117.0
2800.0 0.0 2.0 9.0 114263995.0 1993868.0 0.0 60220000.0 95.0 2.0 1000.0 4182137.0
2900.0 0.0 2.0 8.0 113933324.0 2073830.0 0.0 60220000.0 91.0 2.0 1000.0 4432846.0
3000.0 1.0 0.0 12.0 113581293.0 2122709.0 0.0 60220000.0 110.0 2.0 1000.0 4735998.0
3100.0 0.0 0.0 14.0 113167625.0 2146930.0 0.0 60220000.0 117.0 2.0 1000.0 5125445.0
3200.0 0.0 0.0 13.0 112758621.0 2154693.0 0.0 60220000.0 115.0 2.0 1000.0 5526686.0
3300.0 0.0 0.0 13.0 112353812.0 2183836.0 0.0 60220000.0 113.0 2.0 1000.0 5902352.0
3400.0 0.0 0.0 13.0 111955249.0 2207213.0 0.0 60220000.0 111.0 2.0 1000.0 6277538.0
3500.0 0.0 0.0 13.0 111563751.0 2222981.0 0.0 60220000.0 110.0 2.0 1000.0 6653268.0
3600.0 0.0 0.0 13.0 111176374.0 2235201.0 0.0 60220000.0 109.0 2.0 1000.0 7028425.0
3700.0 0.0 0.0 12.0 110790179.0 2273876.0 0.0 60220000.0 108.0 2.0 1000.0 7375945.0
3800.0 1.0 3.0 13.0 110392388.0 2317963.0 0.0 60220000.0 125.0 2.0 1000.0 7729649.0
3900.0 1.0 1.0 17.0 109887443.0 2379901.0 0.0 60220000.0 165.0 2.0 1000.0 8172656.0
4000.0 1.0 3.0 22.0 109258513.0 2439000.0 0.0 60220000.0 187.0 2.0 1000.0 8742487.0
4100.0 1.0 3.0 25.0 108550013.0 2437731.0 0.0 60220000.0 212.0 2.0 1000.0 9452256.0
4200.0 1.0 3.0 25.0 107778149.0 2504580.0 0.0 60220000.0 224.0 2.0 1000.0 10157271.0
4300.0 1.0 0.0 28.0 106926595.0 2578042.0 0.0 60220000.0 255.0 2.0 1000.0 10935363.0
4400.0 1.0 1.0 31.0 105981410.0 2666571.0 0.0 60220000.0 279.0 2.0 1000.0 11792019.0
4500.0 0.0 3.0 35.0 104943308.0 2727418.0 0.0 60220000.0 310.0 2.0 1000.0 12769274.0
4600.0 0.0 3.0 34.0 103854842.0 2809511.0 0.0 60220000.0 302.0 2.0 1000.0 13775647.0
4700.0 0.0 3.0 34.0 102788774.0 2884804.0 0.0 60220000.0 299.0 2.0 1000.0 14766422.0
4800.0 0.0 3.0 35.0 101719708.0 2935873.0 0.0 60220000.0 303.0 2.0 1000.0 15784419.0
4900.0 0.0 3.0 35.0 100651809.0 2980183.0 0.0 60220000.0 299.0 2.0 1000.0 16808008.0
5000.0 0.0 3.0 34.0 99606985.0 3005190.0 0.0 60220000.0 292.0 2.0 1000.0 17827825.0
5100.0 0.0 3.0 34.0 98576311.0 3045184.0 0.0 60220000.0 289.0 2.0 1000.0 18818505.0
5200.0 0.0 3.0 33.0 97559947.0 3068385.0 0.0 60220000.0 285.0 2.0 1000.0 19811668.0
5300.0 0.0 3.0 33.0 96555568.0 3108974.0 0.0 60220000.0 283.0 2.0 1000.0 20775458.0
5400.0 0.0 3.0 33.0 95559895.0 3140935.0 0.0 60220000.0 279.0 2.0 1000.0 21739170.0
5500.0 0.0 3.0 31.0 94572205.0 3193363.0 0.0 60220000.0 279.0 2.0 1000.0 22674432.0
5600.0 0.0 3.0 31.0 93587950.0 3271507.0 0.0 60220000.0 277.0 2.0 1000.0 23580543.0
5700.0 0.0 3.0 31.0 92614700.0 3338940.0 0.0 60220000.0 274.0 2.0 1000.0 24486360.0
5800.0 0.0 0.0 33.0 91643510.0 3377475.0 0.0 60220000.0 278.0 2.0 1000.0 25419015.0
5900.0 0.0 0.0 33.0 90661842.0 3392519.0 0.0 60220000.0 275.0 2.0 1000.0 26385639.0
6000.0 0.0 3.0 33.0 89689814.0 3398404.0 0.0 60220000.0 277.0 2.0 1000.0 27351782.0
6100.0 0.0 3.0 33.0 88717623.0 3405238.0 0.0 60220000.0 274.0 2.0 1000.0 28317139.0
6200.0 3.0 3.0 37.0 87705689.0 3395523.0 0.0 60220000.0 309.0 2.0 1000.0 29338788.0
6300.0 2.0 0.0 46.0 86451242.0 3416704.0 0.0 60220000.0 391.0 2.0 1000.0 30572054.0
6400.0 1.0 3.0 51.0 84981775.0 3466918.0 0.0 60220000.0 434.0 2.0 1000.0 31991307.0
6500.0 2.0 3.0 56.0 83375916.0 3499016.0 0.0 60220000.0 476.0 2.0 1000.0 33565068.0
6600.0 1.0 0.0 62.0 81570962.0 3572777.0 0.0 60220000.0 530.0 2.0 1000.0 35296261.0
6700.0 2.0 3.0 66.0 79684082.0 3593692.0 0.0 60220000.0 546.0 2.0 1000.0 37162226.0
6800.0 2.0 1.0 70.0 77625536.0 3647449.0 0.0 60220000.0 617.0 2.0 1000.0 39167015.0
6900.0 1.0 1.0 75.0 75374941.0 3759348.0 0.0 60220000.0 652.0 2.0 1000.0 41305711.0
7000.0 2.0 2.0 82.0 73035938.0 3819394.0 0.0 60220000.0 680.0 2.0 1000.0 43584668.0
7100.0 0.0 1.0 83.0 70625232.0 3796985.0 0.0 60220000.0 679.0 2.0 1000.0 46017783.0
7200.0 0.0 2.0 84.0 68244916.0 3729384.0 0.0 60220000.0 674.0 2.0 1000.0 48465700.0
7300.0 0.0 2.0 83.0 65890279.0 3624395.0 0.0 60220000.0 660.0 2.0 1000.0 50925326.0
7400.0 1.0 1.0 82.0 63521686.0 3564603.0 0.0 60220000.0 676.0 2.0 1000.0 53353711.0
7500.0 2.0 2.0 85.0 61088435.0 3554050.0 0.0 60220000.0 694.0 2.0 1000.0 55797515.0
7600.0 1.0 1.0 93.0 58589612.0 3443918.0 0.0 60220000.0 720.0 2.0 1000.0 58406470.0
7700.0 1.0 0.0 93.0 55995210.0 3334406.0 0.0 60220000.0 748.0 2.0 1000.0 61110384.0
7800.0 0.0 0.0 92.0 53329809.0 3286142.0 0.0 60220000.0 751.0 2.0 1000.0 63824049.0
7900.0 0.0 0.0 90.0 50696302.0 3283696.0 0.0 60220000.0 738.0 2.0 1000.0 66460002.0
8000.0 2.0 0.0 95.0 48045932.0 3278321.0 0.0 60220000.0 774.0 2.0 1000.0 69115747.0
8100.0 0.0 1.0 99.0 45231805.0 3214604.0 0.0 60220000.0 807.0 2.0 1000.0 71993591.0
8200.0 0.0 1.0 95.0 42402403.0 3189356.0 0.0 60220000.0 793.0 2.0 1000.0 74848241.0
8300.0 1.0 2.0 96.0 39626490.0 3188012.0 0.0 60220000.0 788.0 2.0 1000.0 77625498.0
8400.0 0.0 1.0 99.0 36835237.0 3123721.0 0.0 60220000.0 796.0 2.0 1000.0 80481042.0
8500.0 1.0 1.0 98.0 34041896.0 3055158.0 0.0 60220000.0 790.0 2.0 1000.0 83342946.0
8600.0 1.0 3.0 100.0 31213512.0 2967776.0 0.0 60220000.0 811.0 2.0 1000.0 86258712.0
8700.0 1.0 2.0 103.0 28298243.0 2898071.0 0.0 60220000.0 836.0 2.0 1000.0 89243686.0
8800.0 0.0 0.0 104.0 25327152.0 2847046.0 0.0 60220000.0 839.0 2.0 1000.0 92265802.0
8900.0 0.0 0.0 103.0 22386757.0 2770708.0 0.0 60220000.0 827.0 2.0 1000.0 95282535.0
9000.0 0.0 0.0 102.0 19490062.0 2675892.0 0.0 60220000.0 817.0 2.0 1000.0 98274046.0
9100.0 0.0 0.0 100.0 16634730.0 2602123.0 0.0 60220000.0 805.0 2.0 1000.0 101203147.0
9200.0 0.0 0.0 99.0 13818745.0 2514634.0 0.0 60220000.0 796.0 2.0 1000.0 104106621.0
9300.0 0.0 0.0 96.0 11052166.0 2452664.0 0.0 60220000.0 784.0 2.0 1000.0 106935170.0
9400.0 0.0 0.0 95.0 8337329.0 2405853.0 0.0 60220000.0 772.0 2.0 1000.0 109696818.0
9500.0 0.0 0.0 94.0 5670113.0 2330231.0 0.0 60220000.0 763.0 2.0 1000.0 112439656.0
9600.0 0.0 0.0 94.0 3070832.0 2209051.0 0.0 60220000.0 751.0 2.0 1000.0 115160117.0
9700.0 0.0 0.0 93.0 667385.0 1919885.0 0.0 60220000.0 738.0 2.0 1000.0 117852730.0
9800.0 0.0 0.0 90.0 141.0 114057.0 0.0 60220000.0 728.0 2.0 1000.0 120325802.0
9900.0 0.0 0.0 90.0 0.0 0.0 0.0 60220000.0 714.0 2.0 1000.0 120440000.0
10000.0 0.0 0.0 89.0 0.0 0.0 0.0 60220000.0 707.0 2.0 1000.0 120440000.0
10100.0 0.0 0.0 89.0 0.0 0.0 0.0 60220000.0 702.0 2.0 1000.0 120440000.0
10200.0 0.0 0.0 86.0 0.0 0.0 0.0 60220000.0 695.0 2.0 1000.0 120440000.0
10300.0 0.0 0.0 85.0 0.0 0.0 0.0 60220000.0 682.0 2.0 1000.0 120440000.0
10400.0 0.0 0.0 83.0 0.0 0.0 0.0 60220000.0 673.0 2.0 1000.0 120440000.0
10500.0 0.0 0.0 83.0 0.0 0.0 0.0 60220000.0 662.0 2.0 1000.0 120440000.0
10600.0 0.0 0.0 83.0 0.0 0.0 0.0 60220000.0 649.0 2.0 1000.0 120440000.0
10700.0 0.0 0.0 83.0 0.0 0.0 0.0 60220000.0 638.0 2.0 1000.0 120440000.0
10800.0 0.0 0.0 82.0 0.0 0.0 0.0 60220000.0 626.0 2.0 1000.0 120440000.0
10900.0 0.0 0.0 82.0 0.0 0.0 0.0 60220000.0 619.0 2.0 1000.0 120440000.0
11000.0 0.0 0.0 82.0 0.0 0.0 0.0 60220000.0 612.0 2.0 1000.0 120440000.0
11100.0 0.0 0.0 78.0 0.0 0.0 0.0 60220000.0 603.0 2.0 1000.0 120440000.0
11200.0 1.0 0.0 82.0 0.0 0.0 0.0 60220000.0 631.0 2.0 1000.0 120440000.0
11300.0 0.0 3.0 80.0 0.0 0.0 0.0 60220000.0 640.0 2.0 1000.0 120440000.0
11400.0 0.0 3.0 79.0 0.0 0.0 0.0 60220000.0 636.0 2.0 1000.0 120440000.0
11500.0 0.0 3.0 78.0 0.0 0.0 0.0 60220000.0 626.0 2.0 1000.0 120440000.0
11600.0 0.0 3.0 77.0 0.0 0.0 0.0 60220000.0 617.0 2.0 1000.0 120440000.0
11700.0 0.0 3.0 76.0 0.0 0.0 0.0 60220000.0 606.0 2.0 1000.0 120440000.0
11800.0 0.0 3.0 76.0 0.0 0.0 0.0 60220000.0 598.0 2.0 1000.0 120440000.0
11900.0 0.0 3.0 76.0 0.0 0.0 0.0 60220000.0 587.0 2.0 1000.0 120440000.0
12000.0 0.0 3.0 75.0 0.0 0.0 0.0 60220000.0 575.0 2.0 1000.0 120440000.0
12100.0 0.0 3.0 74.0 0.0 0.0 0.0 60220000.0 566.0 2.0 1000.0 120440000.0
12200.0 0.0 3.0 74.0 0.0 0.0 0.0 60220000.0 558.0 2.0 1000.0 120440000.0
12300.0 0.0 3.0 74.0 0.0 0.0 0.0 60220000.0 549.0 2.0 1000.0 120440000.0
12400.0 0.0 3.0 73.0 0.0 0.0 0.0 60220000.0 539.0 2.0 1000.0 120440000.0
12500.0 0.0 3.0 73.0 0.0 0.0 0.0 60220000.0 527.0 2.0 1000.0 120440000.0
12600.0 0.0 3.0 73.0 0.0 0.0 0.0 60220000.0 522.0 2.0 1000.0 120440000.0
12700.0 0.0 3.0 73.0 0.0 0.0 0.0 60220000.0 508.0 2.0 1000.0 120440000.0
12800.0 0.0 3.0 68.0 0.0 0.0 0.0 60220000.0 494.0 2.0 1000.0 120440000.0
12900.0 0.0 3.0 65.0 0.0 0.0 0.0 60220000.0 488.0 2.0 1000.0 120440000.0
13000.0 0.0 3.0 63.0 0.0 0.0 0.0 60220000.0 480.0 2.0 1000.0 120440000.0
13100.0 0.0 3.0 63.0 0.0 0.0 0.0 60220000.0 477.0 2.0 1000.0 120440000.0
13200.0 0.0 3.0 61.0 0.0 0.0 0.0 60220000.0 469.0 2.0 1000.0 120440000.0
13300.0 0.0 3.0 60.0 0.0 0.0 0.0 60220000.0 461.0 2.0 1000.0 120440000.0
13400.0 0.0 3.0 60.0 0.0 0.0 0.0 60220000.0 455.0 2.0 1000.0 120440000.0
13500.0 0.0 3.0 58.0 0.0 0.0 0.0 60220000.0 446.0 2.0 1000.0 120440000.0
13600.0 0.0 3.0 58.0 0.0 0.0 0.0 60220000.0 442.0 2.0 1000.0 120440000.0
13700.0 0.0 3.0 57.0 0.0 0.0 0.0 60220000.0 436.0 2.0 1000.0 120440000.0
13800.0 0.0 3.0 56.0 0.0 0.0 0.0 60220000.0 430.0 2.0 1000.0 120440000.0
13900.0 0.0 3.0 56.0 0.0 0.0 0.0 60220000.0 419.0 2.0 1000.0 120440000.0
14000.0 0.0 3.0 56.0 0.0 0.0 0.0 60220000.0 409.0 2.0 1000.0 120440000.0
14100.0 0.0 3.0 56.0 0.0 0.0 0.0 60220000.0 398.0 2.0 1000.0 120440000.0
14200.0 0.0 3.0 55.0 0.0 0.0 0.0 60220000.0 389.0 2.0 1000.0 120440000.0
14300.0 0.0 3.0 54.0 0.0 0.0 0.0 60220000.0 373.0 2.0 1000.0 120440000.0
14400.0 0.0 3.0 53.0 0.0 0.0 0.0 60220000.0 364.0 2.0 1000.0 120440000.0
14500.0 0.0 3.0 51.0 0.0 0.0 0.0 60220000.0 358.0 2.0 1000.0 120440000.0
14600.0 0.0 3.0 48.0 0.0 0.0 0.0 60220000.0 349.0 2.0 1000.0 120440000.0
14700.0 0.0 3.0 47.0 0.0 0.0 0.0 60220000.0 344.0 2.0 1000.0 120440000.0
14800.0 0.0 3.0 46.0 0.0 0.0 0.0 60220000.0 338.0 2.0 1000.0 120440000.0
14900.0 0.0 3.0 43.0 0.0 0.0 0.0 60220000.0 333.0 2.0 1000.0 120440000.0
15000.0 0.0 3.0 42.0 0.0 0.0 0.0 60220000.0 330.0 2.0 1000.0 120440000.0
15100.0 0.0 3.0 42.0 0.0 0.0 0.0 60220000.0 326.0 2.0 1000.0 120440000.0
15200.0 0.0 3.0 42.0 0.0 0.0 0.0 60220000.0 321.0 2.0 1000.0 120440000.0
15300.0 0.0 3.0 41.0 0.0 0.0 0.0 60220000.0 316.0 2.0 1000.0 120440000.0
15400.0 0.0 3.0 41.0 0.0 0.0 0.0 60220000.0 306.0 2.0 1000.0 120440000.0
15500.0 0.0 3.0 41.0 0.0 0.0 0.0 60220000.0 299.0 2.0 1000.0 120440000.0
15600.0 0.0 3.0 41.0 0.0 0.0 0.0 60220000.0 297.0 2.0 1000.0 120440000.0
15700.0 0.0 3.0 41.0 0.0 0.0 0.0 60220000.0 292.0 2.0 1000.0 120440000.0
15800.0 0.0 3.0 40.0 0.0 0.0 0.0 60220000.0 284.0 2.0 1000.0 120440000.0
15900.0 0.0 3.0 39.0 0.0 0.0 0.0 60220000.0 275.0 2.0 1000.0 120440000.0
16000.0 0.0 3.0 39.0 0.0 0.0 0.0 60220000.0 271.0 2.0 1000.0 120440000.0
16100.0 0.0 3.0 39.0 0.0 0.0 0.0 60220000.0 267.0 2.0 1000.0 120440000.0
16200.0 0.0 3.0 39.0 0.0 0.0 0.0 60220000.0 262.0 2.0 1000.0 120440000.0
16300.0 0.0 3.0 39.0 0.0 0.0 0.0 60220000.0 261.0 2.0 1000.0 120440000.0
16400.0 0.0 3.0 38.0 0.0 0.0 0.0 60220000.0 257.0 2.0 1000.0 120440000.0
16500.0 0.0 3.0 37.0 0.0 0.0 0.0 60220000.0 251.0 2.0 1000.0 120440000.0
16600.0 0.0 3.0 36.0 0.0 0.0 0.0 60220000.0 249.0 2.0 1000.0 120440000.0
16700.0 0.0 3.0 36.0 0.0 0.0 0.0 60220000.0 245.0 2.0 1000.0 120440000.0
16800.0 0.0 3.0 34.0 0.0 0.0 0.0 60220000.0 242.0 2.0 1000.0 120440000.0
16900.0 0.0 3.0 33.0 0.0 0.0 0.0 60220000.0 236.0 2.0 1000.0 120440000.0
17000.0 0.0 3.0 33.0 0.0 0.0 0.0 60220000.0 231.0 2.0 1000.0 120440000.0
17100.0 0.0 3.0 33.0 0.0 0.0 0.0 60220000.0 229.0 2.0 1000.0 120440000.0
17200.0 0.0 3.0 33.0 0.0 0.0 0.0 60220000.0 223.0 2.0 1000.0 120440000.0
17300.0 0.0 3.0 32.0 0.0 0.0 0.0 60220000.0 218.0 2.0 1000.0 120440000.0
17400.0 0.0 3.0 32.0 0.0 0.0 0.0 60220000.0 215.0 2.0 1000.0 120440000.0
17500.0 0.0 3.0 31.0 0.0 0.0 0.0 60220000.0 210.0 2.0 1000.0 120440000.0
17600.0 0.0 3.0 31.0 0.0 0.0 0.0 60220000.0 205.0 2.0 1000.0 120440000.0
17700.0 0.0 3.0 31.0 0.0 0.0 0.0 60220000.0 202.0 2.0 1000.0 120440000.0
17800.0 0.0 3.0 31.0 0.0 0.0 0.0 60220000.0 197.0 2.0 1000.0 120440000.0
17900.0 0.0 3.0 30.0 0.0 0.0 0.0 60220000.0 196.0 2.0 1000.0 120440000.0
18000.0 0.0 3.0 29.0 0.0 0.0 0.0 60220000.0 192.0 2.0 1000.0 120440000.0
18100.0 0.0 3.0 29.0 0.0 0.0 0.0 60220000.0 190.0 2.0 1000.0 120440000.0
18200.0 0.0 3.0 28.0 0.0 0.0 0.0 60220000.0 187.0 2.0 1000.0 120440000.0
18300.0 0.0 3.0 28.0 0.0 0.0 0.0 60220000.0 185.0 2.0 1000.0 120440000.0
18400.0 0.0 3.0 27.0 0.0 0.0 0.0 60220000.0 180.0 2.0 1000.0 120440000.0
18500.0 0.0 3.0 27.0 0.0 0.0 0.0 60220000.0 177.0 2.0 1000.0 120440000.0
18600.0 0.0 3.0 27.0 0.0 0.0 0.0 60220000.0 175.0 2.0 1000.0 120440000.0
18700.0 0.0 3.0 27.0 0.0 0.0 0.0 60220000.0 172.0 2.0 1000.0 120440000.0
18800.0 0.0 3.0 26.0 0.0 0.0 0.0 60220000.0 171.0 2.0 1000.0 120440000.0
18900.0 0.0 3.0 24.0 0.0 0.0 0.0 60220000.0 168.0 2.0 1000.0 120440000.0
19000.0 0.0 3.0 23.0 0.0 0.0 0.0 60220000.0 166.0 2.0 1000.0 120440000.0
19100.0 0.0 3.0 23.0 0.0 0.0 0.0 60220000.0 164.0 2.0 1000.0 120440000.0
19200.0 0.0 3.0 20.0 0.0 0.0 0.0 60220000.0 159.0 2.0 1000.0 120440000.0
19300.0 0.0 3.0 20.0 0.0 0.0 0.0 60220000.0 155.0 2.0 1000.0 120440000.0
19400.0 0.0 3.0 20.0 0.0 0.0 0.0 60220000.0 151.0 2.0 1000.0 120440000.0
19500.0 0.0 3.0 19.0 0.0 0.0 0.0 60220000.0 148.0 2.0 1000.0 120440000.0
19600.0 0.0 3.0 19.0 0.0 0.0 0.0 60220000.0 146.0 2.0 1000.0 120440000.0
19700.0 0.0 3.0 19.0 0.0 0.0 0.0 60220000.0 141.0 2.0 1000.0 120440000.0
19800.0 0.0 3.0 19.0 0.0 0.0 0.0 60220000.0 137.0 2.0 1000.0 120440000.0
19900.0 0.0 3.0 19.0 0.0 0.0 0.0 60220000.0 133.0 2.0 1000.0 120440000.0
