time rna_M monomer_betaGal protein_betaGal Lactose_external Lactose_internal Glucose_external Glucose_internal protein_Lactose_Permease dna_Lac_Operon Biomass Lactose_consumed
0.0 0.0 0.0 0.0 120440000.0 0.0 60220000.0 0.0 0.0 2.0 1000.0 0.0
100.0 0.0 0.0 0.0 120440000.0 0.0 30120525.0 30099475.0 0.0 2.0 1000.0 0.0
200.0 0.0 0.0 0.0 120440000.0 0.0 77473.0 60142527.0 0.0 2.0 1000.0 0.0
300.0 0.0 0.0 0.0 120440000.0 0.0 0.0 60220000.0 0.0 2.0 1000.0 0.0
400.0 0.0 0.0 0.0 120440000.0 0.0 0.0 60220000.0 0.0 2.0 1000.0 0.0
500.0 0.0 0.0 0.0 120440000.0 0.0 0.0 60220000.0 0.0 2.0 1000.0 0.0
600.0 0.0 0.0 0.0 120440000.0 0.0 0.0 60220000.0 0.0 2.0 1000.0 0.0
700.0 0.0 0.0 0.0 120440000.0 0.0 0.0 60220000.0 0.0 2.0 1000.0 0.0
800.0 0.0 0.0 0.0 120440000.0 0.0 0.0 60220000.0 0.0 2.0 1000.0 0.0
900.0 0.0 0.0 0.0 120440000.0 0.0 0.0 60220000.0 0.0 2.0 1000.0 0.0
1000.0 1.0 1.0 0.0 120439089.0 911.0 0.0 60220000.0 4.0 2.0 1000.0 0.0
1100.0 0.0 3.0 1.0 120379375.0 54166.0 0.0 60220000.0 19.0 2.0 1000.0 6459.0
1200.0 0.0 3.0 1.0 120312000.0 106896.0 0.0 60220000.0 18.0 2.0 1000.0 21104.0
1300.0 0.0 3.0 1.0 120247493.0 153119.0 0.0 60220000.0 18.0 2.0 1000.0 39388.0
1400.0 0.0 3.0 1.0 120183667.0 196771.0 0.0 60220000.0 17.0 2.0 1000.0 59562.0
1500.0 0.0 3.0 1.0 120122904.0 236167.0 0.0 60220000.0 17.0 2.0 1000.0 80929.0
1600.0 0.0 3.0 1.0 120062056.0 274599.0 0.0 60220000.0 17.0 2.0 1000.0 103345.0
1700.0 0.0 3.0 1.0 120001363.0 312067.0 0.0 60220000.0 17.0 2.0 1000.0 126570.0
1800.0 0.0 3.0 1.0 119940515.0 348798.0 0.0 60220000.0 17.0 2.0 1000.0 150687.0
1900.0 0.0 3.0 1.0 119879874.0 385249.0 0.0 60220000.0 17.0 2.0 1000.0 174877.0
2000.0 0.0 3.0 1.0 119819207.0 421174.0 0.0 60220000.0 17.0 2.0 1000.0 199619.0
2100.0 0.0 3.0 1.0 119758332.0 457086.0 0.0 60220000.0 17.0 2.0 1000.0 224582.0
2200.0 0.0 3.0 1.0 119697712.0 491880.0 0.0 60220000.0 17.0 2.0 1000.0 250408.0
2300.0 0.0 3.0 1.0 119640263.0 523356.0 0.0 60220000.0 16.0 2.0 1000.0 276381.0
2400.0 0.0 3.0 1.0 119583237.0 554311.0 0.0 60220000.0 16.0 2.0 1000.0 302452.0
2500.0 0.0 3.0 1.0 119527417.0 583736.0 0.0 60220000.0 14.0 2.0 1000.0 328847.0
2600.0 1.0 2.0 3.0 119453669.0 612845.0 0.0 60220000.0 34.0 2.0 1000.0 373486.0
2700.0 1.0 0.0 8.0 119304326.0 629857.0 0.0 60220000.0 53.0 2.0 1000.0 505817.0
2800.0 1.0 2.0 10.0 119064803.0 632730.0 0.0 60220000.0 86.0 2.0 1000.0 742467.0
2900.0 1.0 0.0 11.0 118705394.0 716919.0 0.0 60220000.0 119.0 2.0 1000.0 1017687.0
3000.0 0.0 0.0 14.0 118231221.0 831700.0 0.0 60220000.0 137.0 2.0 1000.0 1377079.0
3100.0 0.0 0.0 14.0 117749858.0 929283.0 0.0 60220000.0 135.0 2.0 1000.0 1760859.0
3200.0 0.0 0.0 14.0 117267887.0 1025613.0 0.0 60220000.0 135.0 2.0 1000.0 2146500.0
3300.0 0.0 0.0 14.0 116787524.0 1116091.0 0.0 60220000.0 135.0 2.0 1000.0 2536385.0
3400.0 0.0 0.0 13.0 116310021.0 1206852.0 0.0 60220000.0 133.0 2.0 1000.0 2923127.0
3500.0 0.0 0.0 13.0 115836544.0 1314588.0 0.0 60220000.0 133.0 2.0 1000.0 3288868.0
3600.0 0.0 0.0 13.0 115366811.0 1417278.0 0.0 60220000.0 131.0 2.0 1000.0 3655911.0
3700.0 0.0 0.0 13.0 114904740.0 1510156.0 0.0 60220000.0 129.0 2.0 1000.0 4025104.0
3800.0 0.0 0.0 13.0 114454194.0 1590465.0 0.0 60220000.0 126.0 2.0 1000.0 4395341.0
3900.0 0.0 0.0 12.0 114011019.0 1674684.0 0.0 60220000.0 123.0 2.0 1000.0 4754297.0
4000.0 0.0 0.0 12.0 113575497.0 1766698.0 0.0 60220000.0 121.0 2.0 1000.0 5097805.0
4100.0 0.0 0.0 12.0 113149311.0 1848839.0 0.0 60220000.0 119.0 2.0 1000.0 5441850.0
4200.0 0.0 0.0 12.0 112728054.0 1926370.0 0.0 60220000.0 118.0 2.0 1000.0 5785576.0
4300.0 0.0 0.0 11.0 112316127.0 2010244.0 0.0 60220000.0 115.0 2.0 1000.0 6113629.0
4400.0 0.0 0.0 11.0 111907670.0 2101827.0 0.0 60220000.0 115.0 2.0 1000.0 6430503.0
4500.0 0.0 0.0 10.0 111500554.0 2205694.0 0.0 60220000.0 113.0 2.0 1000.0 6733752.0
4600.0 0.0 0.0 10.0 111099428.0 2317383.0 0.0 60220000.0 113.0 2.0 1000.0 7023189.0
4700.0 0.0 0.0 10.0 110701369.0 2425846.0 0.0 60220000.0 110.0 2.0 1000.0 7312785.0
4800.0 0.0 0.0 10.0 110310584.0 2526029.0 0.0 60220000.0 110.0 2.0 1000.0 7603387.0
4900.0 0.0 0.0 10.0 109922837.0 2624135.0 0.0 60220000.0 109.0 2.0 1000.0 7893028.0
5000.0 0.0 0.0 10.0 109538184.0 2717474.0 0.0 60220000.0 108.0 2.0 1000.0 8184342.0
5100.0 0.0 0.0 10.0 109161727.0 2803128.0 0.0 60220000.0 105.0 2.0 1000.0 8475145.0
5200.0 0.0 2.0 10.0 108788366.0 2885574.0 0.0 60220000.0 105.0 2.0 1000.0 8766060.0
5300.0 0.0 2.0 10.0 108417804.0 2964040.0 0.0 60220000.0 104.0 2.0 1000.0 9058156.0
5400.0 0.0 2.0 10.0 108055739.0 3034046.0 0.0 60220000.0 101.0 2.0 1000.0 9350215.0
5500.0 1.0 0.0 11.0 107698545.0 3098093.0 0.0 60220000.0 103.0 2.0 1000.0 9643362.0
5600.0 1.0 2.0 12.0 107290173.0 3167393.0 0.0 60220000.0 124.0 2.0 1000.0 9982434.0
5700.0 1.0 1.0 18.0 106782571.0 3245501.0 0.0 60220000.0 161.0 2.0 1000.0 10411928.0
5800.0 0.0 1.0 19.0 106160856.0 3323691.0 0.0 60220000.0 178.0 2.0 1000.0 10955453.0
5900.0 0.0 1.0 18.0 105542241.0 3395286.0 0.0 60220000.0 173.0 2.0 1000.0 11502473.0
6000.0 0.0 1.0 18.0 104936289.0 3473448.0 0.0 60220000.0 167.0 2.0 1000.0 12030263.0
6100.0 0.0 1.0 16.0 104345187.0 3556135.0 0.0 60220000.0 166.0 2.0 1000.0 12538678.0
6200.0 0.0 1.0 16.0 103766888.0 3664579.0 0.0 60220000.0 161.0 2.0 1000.0 13008533.0
6300.0 2.0 2.0 20.0 103148683.0 3769820.0 0.0 60220000.0 197.0 2.0 1000.0 13521497.0
6400.0 2.0 2.0 26.0 102369321.0 3859256.0 0.0 60220000.0 255.0 2.0 1000.0 14211423.0
6500.0 1.0 2.0 31.0 101416907.0 3959504.0 0.0 60220000.0 279.0 2.0 1000.0 15063589.0
6600.0 0.0 1.0 33.0 100386554.0 4025485.0 0.0 60220000.0 299.0 2.0 1000.0 16027961.0
6700.0 1.0 3.0 32.0 99336043.0 4131342.0 0.0 60220000.0 297.0 2.0 1000.0 16972615.0
6800.0 0.0 2.0 33.0 98278126.0 4219703.0 0.0 60220000.0 297.0 2.0 1000.0 17942171.0
6900.0 0.0 2.0 32.0 97230052.0 4304915.0 0.0 60220000.0 294.0 2.0 1000.0 18905033.0
7000.0 0.0 2.0 32.0 96205319.0 4388260.0 0.0 60220000.0 287.0 2.0 1000.0 19846421.0
7100.0 1.0 0.0 31.0 95199624.0 4468943.0 0.0 60220000.0 287.0 2.0 1000.0 20771433.0
7200.0 0.0 0.0 32.0 94158188.0 4581064.0 0.0 60220000.0 295.0 2.0 1000.0 21700748.0
7300.0 1.0 2.0 33.0 93121650.0 4673225.0 0.0 60220000.0 298.0 2.0 1000.0 22645125.0
7400.0 2.0 0.0 41.0 92017409.0 4689042.0 0.0 60220000.0 338.0 2.0 1000.0 23733549.0
7500.0 4.0 2.0 50.0 90710747.0 4712951.0 0.0 60220000.0 409.0 2.0 1000.0 25016302.0
7600.0 4.0 1.0 63.0 89052900.0 4691674.0 0.0 60220000.0 529.0 2.0 1000.0 26695426.0
7700.0 1.0 3.0 69.0 87040887.0 4774150.0 0.0 60220000.0 593.0 2.0 1000.0 28624963.0
7800.0 0.0 1.0 70.0 84903376.0 4846408.0 0.0 60220000.0 604.0 2.0 1000.0 30690216.0
7900.0 1.0 0.0 73.0 82774880.0 4900113.0 0.0 60220000.0 606.0 2.0 1000.0 32765007.0
8000.0 0.0 0.0 75.0 80596043.0 4892807.0 0.0 60220000.0 617.0 2.0 1000.0 34951150.0
8100.0 0.0 0.0 74.0 78435836.0 4864087.0 0.0 60220000.0 607.0 2.0 1000.0 37140077.0
8200.0 0.0 0.0 71.0 76316700.0 4841904.0 0.0 60220000.0 595.0 2.0 1000.0 39281396.0
8300.0 0.0 2.0 69.0 74228194.0 4860430.0 0.0 60220000.0 586.0 2.0 1000.0 41351376.0
8400.0 1.0 2.0 73.0 72127024.0 4874273.0 0.0 60220000.0 607.0 2.0 1000.0 43438703.0
8500.0 1.0 1.0 76.0 69958905.0 4847454.0 0.0 60220000.0 624.0 2.0 1000.0 45633641.0
8600.0 0.0 2.0 77.0 67731385.0 4811158.0 0.0 60220000.0 630.0 2.0 1000.0 47897457.0
8700.0 0.0 2.0 76.0 65527973.0 4766581.0 0.0 60220000.0 619.0 2.0 1000.0 50145446.0
8800.0 1.0 0.0 76.0 63358329.0 4725450.0 0.0 60220000.0 613.0 2.0 1000.0 52356221.0
8900.0 0.0 3.0 78.0 61171821.0 4631867.0 0.0 60220000.0 619.0 2.0 1000.0 54636312.0
9000.0 0.0 3.0 78.0 59001432.0 4504566.0 0.0 60220000.0 613.0 2.0 1000.0 56934002.0
9100.0 0.0 3.0 75.0 56849279.0 4391452.0 0.0 60220000.0 605.0 2.0 1000.0 59199269.0
9200.0 2.0 0.0 78.0 54726012.0 4287184.0 0.0 60220000.0 601.0 2.0 1000.0 61426804.0
9300.0 1.0 1.0 81.0 52553601.0 4118536.0 0.0 60220000.0 631.0 2.0 1000.0 63767863.0
9400.0 1.0 0.0 86.0 50292722.0 3923686.0 0.0 60220000.0 651.0 2.0 1000.0 66223592.0
9500.0 0.0 1.0 88.0 47945419.0 3723608.0 0.0 60220000.0 674.0 2.0 1000.0 68770973.0
9600.0 0.0 1.0 85.0 45572874.0 3560962.0 0.0 60220000.0 667.0 2.0 1000.0 71306164.0
9700.0 0.0 1.0 80.0 43244384.0 3456328.0 0.0 60220000.0 651.0 2.0 1000.0 73739288.0
9800.0 0.0 1.0 79.0 40963320.0 3399733.0 0.0 60220000.0 638.0 2.0 1000.0 76076947.0
9900.0 1.0 1.0 79.0 38712030.0 3352467.0 0.0 60220000.0 639.0 2.0 1000.0 78375503.0
10000.0 1.0 3.0 81.0 36407936.0 3312661.0 0.0 60220000.0 666.0 2.0 1000.0 80719403.0
10100.0 1.0 2.0 84.0 33964928.0 3298891.0 0.0 60220000.0 715.0 2.0 1000.0 83176181.0
10200.0 5.0 2.0 97.0 31296335.0 3349093.0 0.0 60220000.0 824.0 2.0 1000.0 85794572.0
10300.0 3.0 0.0 118.0 28137860.0 3323218.0 0.0 60220000.0 952.0 2.0 1000.0 88978922.0
10400.0 2.0 1.0 123.0 24643993.0 3304095.0 0.0 60220000.0 1036.0 2.0 1000.0 92491912.0
10500.0 1.0 2.0 127.0 20932018.0 3343996.0 0.0 60220000.0 1072.0 2.0 1000.0 96163986.0
10600.0 2.0 0.0 132.0 17117878.0 3375546.0 0.0 60220000.0 1104.0 2.0 1000.0 99946576.0
10700.0 0.0 3.0 132.0 13217081.0 3416873.0 0.0 60220000.0 1111.0 2.0 1000.0 103806046.0
10800.0 0.0 3.0 130.0 9358862.0 3441044.0 0.0 60220000.0 1098.0 2.0 1000.0 107640094.0
10900.0 0.0 3.0 128.0 5567815.0 3438526.0 0.0 60220000.0 1087.0 2.0 1000.0 111433659.0
11000.0 0.0 3.0 128.0 1903561.0 3353635.0 0.0 60220000.0 1073.0 2.0 1000.0 115182804.0
11100.0 0.0 3.0 124.0 914.0 1607719.0 0.0 60220000.0 1057.0 2.0 1000.0 118831367.0
11200.0 0.0 3.0 124.0 0.0 0.0 0.0 60220000.0 1037.0 2.0 1000.0 120440000.0
11300.0 0.0 3.0 121.0 0.0 0.0 0.0 60220000.0 1018.0 2.0 1000.0 120440000.0
11400.0 1.0 3.0 119.0 0.0 0.0 0.0 60220000.0 1010.0 2.0 1000.0 120440000.0
11500.0 1.0 3.0 119.0 0.0 0.0 0.0 60220000.0 1027.0 2.0 1000.0 120440000.0
11600.0 0.0 3.0 116.0 0.0 0.0 0.0 60220000.0 1023.0 2.0 1000.0 120440000.0
11700.0 1.0 0.0 114.0 0.0 0.0 0.0 60220000.0 1005.0 2.0 1000.0 120440000.0
11800.0 1.0 1.0 112.0 0.0 0.0 0.0 60220000.0 1013.0 2.0 1000.0 120440000.0
11900.0 0.0 0.0 111.0 0.0 0.0 0.0 60220000.0 1007.0 2.0 1000.0 120440000.0
12000.0 0.0 0.0 107.0 0.0 0.0 0.0 60220000.0 989.0 2.0 1000.0 120440000.0
12100.0 0.0 0.0 106.0 0.0 0.0 0.0 60220000.0 972.0 2.0 1000.0 120440000.0
12200.0 0.0 0.0 106.0 0.0 0.0 0.0 60220000.0 956.0 2.0 1000.0 120440000.0
12300.0 0.0 0.0 104.0 0.0 0.0 0.0 60220000.0 935.0 2.0 1000.0 120440000.0
12400.0 0.0 0.0 103.0 0.0 0.0 0.0 60220000.0 920.0 2.0 1000.0 120440000.0
12500.0 0.0 0.0 101.0 0.0 0.0 0.0 60220000.0 905.0 2.0 1000.0 120440000.0
12600.0 0.0 0.0 100.0 0.0 0.0 0.0 60220000.0 891.0 2.0 1000.0 120440000.0
12700.0 0.0 0.0 97.0 0.0 0.0 0.0 60220000.0 876.0 2.0 1000.0 120440000.0
12800.0 0.0 0.0 94.0 0.0 0.0 0.0 60220000.0 857.0 2.0 1000.0 120440000.0
12900.0 0.0 0.0 93.0 0.0 0.0 0.0 60220000.0 838.0 2.0 1000.0 120440000.0
13000.0 0.0 0.0 92.0 0.0 0.0 0.0 60220000.0 825.0 2.0 1000.0 120440000.0
13100.0 0.0 0.0 91.0 0.0 0.0 0.0 60220000.0 809.0 2.0 1000.0 120440000.0
13200.0 0.0 0.0 89.0 0.0 0.0 0.0 60220000.0 796.0 2.0 1000.0 120440000.0
13300.0 0.0 0.0 89.0 0.0 0.0 0.0 60220000.0 779.0 2.0 1000.0 120440000.0
13400.0 0.0 0.0 84.0 0.0 0.0 0.0 60220000.0 767.0 2.0 1000.0 120440000.0
13500.0 0.0 0.0 83.0 0.0 0.0 0.0 60220000.0 757.0 2.0 1000.0 120440000.0
13600.0 0.0 0.0 81.0 0.0 0.0 0.0 60220000.0 740.0 2.0 1000.0 120440000.0
13700.0 0.0 0.0 80.0 0.0 0.0 0.0 60220000.0 724.0 2.0 1000.0 120440000.0
13800.0 0.0 0.0 78.0 0.0 0.0 0.0 60220000.0 713.0 2.0 1000.0 120440000.0
13900.0 0.0 0.0 76.0 0.0 0.0 0.0 60220000.0 706.0 2.0 1000.0 120440000.0
14000.0 0.0 0.0 76.0 0.0 0.0 0.0 60220000.0 690.0 2.0 1000.0 120440000.0
14100.0 0.0 0.0 76.0 0.0 0.0 0.0 60220000.0 676.0 2.0 1000.0 120440000.0
14200.0 0.0 0.0 74.0 0.0 0.0 0.0 60220000.0 671.0 2.0 1000.0 120440000.0
14300.0 0.0 0.0 71.0 0.0 0.0 0.0 60220000.0 659.0 2.0 1000.0 120440000.0
14400.0 0.0 0.0 70.0 0.0 0.0 0.0 60220000.0 644.0 2.0 1000.0 120440000.0
14500.0 0.0 0.0 68.0 0.0 0.0 0.0 60220000.0 637.0 2.0 1000.0 120440000.0
14600.0 0.0 0.0 66.0 0.0 0.0 0.0 60220000.0 623.0 2.0 1000.0 120440000.0
14700.0 0.0 0.0 63.0 0.0 0.0 0.0 60220000.0 613.0 2.0 1000.0 120440000.0
14800.0 0.0 0.0 63.0 0.0 0.0 0.0 60220000.0 599.0 2.0 1000.0 120440000.0
14900.0 0.0 0.0 63.0 0.0 0.0 0.0 60220000.0 593.0 2.0 1000.0 120440000.0
15000.0 0.0 0.0 61.0 0.0 0.0 0.0 60220000.0 577.0 2.0 1000.0 120440000.0
15100.0 0.0 0.0 61.0 0.0 0.0 0.0 60220000.0 569.0 2.0 1000.0 120440000.0
15200.0 0.0 0.0 61.0 0.0 0.0 0.0 60220000.0 556.0 2.0 1000.0 120440000.0
15300.0 0.0 0.0 60.0 0.0 0.0 0.0 60220000.0 551.0 2.0 1000.0 120440000.0
15400.0 0.0 0.0 59.0 0.0 0.0 0.0 60220000.0 542.0 2.0 1000.0 120440000.0
15500.0 0.0 0.0 59.0 0.0 0.0 0.0 60220000.0 531.0 2.0 1000.0 120440000.0
15600.0 0.0 0.0 58.0 0.0 0.0 0.0 60220000.0 525.0 2.0 1000.0 120440000.0
15700.0 0.0 0.0 58.0 0.0 0.0 0.0 60220000.0 513.0 2.0 1000.0 120440000.0
15800.0 0.0 0.0 58.0 0.0 0.0 0.0 60220000.0 502.0 2.0 1000.0 120440000.0
15900.0 0.0 0.0 58.0 0.0 0.0 0.0 60220000.0 490.0 2.0 1000.0 120440000.0
16000.0 0.0 0.0 57.0 0.0 0.0 0.0 60220000.0 484.0 2.0 1000.0 120440000.0
16100.0 0.0 0.0 57.0 0.0 0.0 0.0 60220000.0 475.0 2.0 1000.0 120440000.0
16200.0 0.0 0.0 57.0 0.0 0.0 0.0 60220000.0 466.0 2.0 1000.0 120440000.0
16300.0 0.0 0.0 57.0 0.0 0.0 0.0 60220000.0 459.0 2.0 1000.0 120440000.0
16400.0 0.0 0.0 57.0 0.0 0.0 0.0 60220000.0 452.0 2.0 1000.0 120440000.0
16500.0 0.0 0.0 57.0 0.0 0.0 0.0 60220000.0 444.0 2.0 1000.0 120440000.0
16600.0 0.0 0.0 56.0 0.0 0.0 0.0 60220000.0 440.0 2.0 1000.0 120440000.0
16700.0 0.0 0.0 55.0 0.0 0.0 0.0 60220000.0 437.0 2.0 1000.0 120440000.0
16800.0 0.0 0.0 55.0 0.0 0.0 0.0 60220000.0 428.0 2.0 1000.0 120440000.0
16900.0 0.0 0.0 55.0 0.0 0.0 0.0 60220000.0 419.0 2.0 1000.0 120440000.0
17000.0 0.0 0.0 53.0 0.0 0.0 0.0 60220000.0 412.0 2.0 1000.0 120440000.0
17100.0 0.0 0.0 52.0 0.0 0.0 0.0 60220000.0 404.0 2.0 1000.0 120440000.0
17200.0 0.0 0.0 51.0 0.0 0.0 0.0 60220000.0 399.0 2.0 1000.0 120440000.0
17300.0 0.0 0.0 51.0 0.0 0.0 0.0 60220000.0 394.0 2.0 1000.0 120440000.0
17400.0 0.0 0.0 50.0 0.0 0.0 0.0 60220000.0 392.0 2.0 1000.0 120440000.0
17500.0 0.0 0.0 49.0 0.0 0.0 0.0 60220000.0 385.0 2.0 1000.0 120440000.0
17600.0 0.0 0.0 48.0 0.0 0.0 0.0 60220000.0 379.0 2.0 1000.0 120440000.0
17700.0 0.0 0.0 48.0 0.0 0.0 0.0 60220000.0 374.0 2.0 1000.0 120440000.0
17800.0 0.0 0.0 48.0 0.0 0.0 0.0 60220000.0 367.0 2.0 1000.0 120440000.0
17900.0 0.0 0.0 48.0 0.0 0.0 0.0 60220000.0 362.0 2.0 1000.0 120440000.0
18000.0 0.0 0.0 48.0 0.0 0.0 0.0 60220000.0 354.0 2.0 1000.0 120440000.0
18100.0 0.0 0.0 46.0 0.0 0.0 0.0 60220000.0 350.0 2.0 1000.0 120440000.0
18200.0 0.0 0.0 44.0 0.0 0.0 0.0 60220000.0 340.0 2.0 1000.0 120440000.0
18300.0 0.0 0.0 43.0 0.0 0.0 0.0 60220000.0 333.0 2.0 1000.0 120440000.0
18400.0 0.0 0.0 41.0 0.0 0.0 0.0 60220000.0 326.0 2.0 1000.0 120440000.0
18500.0 0.0 0.0 41.0 0.0 0.0 0.0 60220000.0 323.0 2.0 1000.0 120440000.0
18600.0 0.0 0.0 41.0 0.0 0.0 0.0 60220000.0 320.0 2.0 1000.0 120440000.0
18700.0 0.0 0.0 40.0 0.0 0.0 0.0 60220000.0 317.0 2.0 1000.0 120440000.0
18800.0 0.0 0.0 40.0 0.0 0.0 0.0 60220000.0 315.0 2.0 1000.0 120440000.0
18900.0 0.0 0.0 40.0 0.0 0.0 0.0 60220000.0 308.0 2.0 1000.0 120440000.0
19000.0 0.0 0.0 40.0 0.0 0.0 0.0 60220000.0 305.0 2.0 1000.0 120440000.0
19100.0 0.0 0.0 40.0 0.0 0.0 0.0 60220000.0 300.0 2.0 1000.0 120440000.0
19200.0 0.0 0.0 40.0 0.0 0.0 0.0 60220000.0 292.0 2.0 1000.0 120440000.0
19300.0 0.0 0.0 37.0 0.0 0.0 0.0 60220000.0 286.0 2.0 1000.0 120440000.0
19400.0 0.0 0.0 37.0 0.0 0.0 0.0 60220000.0 282.0 2.0 1000.0 120440000.0
19500.0 0.0 0.0 37.0 0.0 0.0 0.0 60220000.0 278.0 2.0 1000.0 120440000.0
19600.0 0.0 0.0 37.0 0.0 0.0 0.0 60220000.0 273.0 2.0 1000.0 120440000.0
19700.0 0.0 0.0 36.0 0.0 0.0 0.0 60220000.0 268.0 2.0 1000.0 120440000.0
19800.0 0.0 0.0 35.0 0.0 0.0 0.0 60220000.0 265.0 2.0 1000.0 120440000.0
19900.0 0.0 0.0 35.0 0.0 0.0 0.0 60220000.0 263.0 2.0 1000.0 120440000.0
