time rna_M monomer_betaGal protein_betaGal Lactose_external Lactose_internal Glucose_external Glucose_internal protein_Lactose_Permease dna_Lac_Operon Biomass Lactose_consumed
0.0 0.0 0.0 0.0 120440000.0 0.0 60220000.0 0.0 0.0 2.0 1000.0 0.0
100.0 0.0 0.0 0.0 120440000.0 0.0 30129994.0 30090006.0 0.0 2.0 1000.0 0.0
200.0 0.0 0.0 0.0 120440000.0 0.0 84763.0 60135237.0 0.0 2.0 1000.0 0.0
300.0 0.0 0.0 0.0 120440000.0 0.0 0.0 60220000.0 0.0 2.0 1000.0 0.0
400.0 0.0 0.0 0.0 120440000.0 0.0 0.0 60220000.0 0.0 2.0 1000.0 0.0
500.0 0.0 0.0 0.0 120440000.0 0.0 0.0 60220000.0 0.0 2.0 1000.0 0.0
600.0 0.0 0.0 0.0 120440000.0 0.0 0.0 60220000.0 0.0 2.0 1000.0 0.0
700.0 0.0 0.0 0.0 120440000.0 0.0 0.0 60220000.0 0.0 2.0 1000.0 0.0
800.0 0.0 0.0 0.0 120440000.0 0.0 0.0 60220000.0 0.0 2.0 1000.0 0.0
900.0 0.0 0.0 0.0 120440000.0 0.0 0.0 60220000.0 0.0 2.0 1000.0 0.0
1000.0 0.0 0.0 0.0 120440000.0 0.0 0.0 60220000.0 0.0 2.0 1000.0 0.0
1100.0 0.0 0.0 0.0 120440000.0 0.0 0.0 60220000.0 0.0 2.0 1000.0 0.0
1200.0 0.0 0.0 0.0 120440000.0 0.0 0.0 60220000.0 0.0 2.0 1000.0 0.0
1300.0 0.0 0.0 0.0 120440000.0 0.0 0.0 60220000.0 0.0 2.0 1000.0 0.0
1400.0 0.0 0.0 0.0 120440000.0 0.0 0.0 60220000.0 0.0 2.0 1000.0 0.0
1500.0 0.0 0.0 0.0 120440000.0 0.0 0.0 60220000.0 0.0 2.0 1000.0 0.0
1600.0 0.0 0.0 0.0 120440000.0 0.0 0.0 60220000.0 0.0 2.0 1000.0 0.0
1700.0 0.0 0.0 0.0 120440000.0 0.0 0.0 60220000.0 0.0 2.0 1000.0 0.0
1800.0 0.0 0.0 0.0 120440000.0 0.0 0.0 60220000.0 0.0 2.0 1000.0 0.0
1900.0 0.0 0.0 0.0 120440000.0 0.0 0.0 60220000.0 0.0 2.0 1000.0 0.0
2000.0 0.0 0.0 0.0 120440000.0 0.0 0.0 60220000.0 0.0 2.0 1000.0 0.0
2100.0 0.0 0.0 0.0 120440000.0 0.0 0.0 60220000.0 0.0 2.0 1000.0 0.0
2200.0 0.0 0.0 0.0 120440000.0 0.0 0.0 60220000.0 0.0 2.0 1000.0 0.0
2300.0 0.0 0.0 0.0 120440000.0 0.0 0.0 60220000.0 0.0 2.0 1000.0 0.0
2400.0 0.0 0.0 0.0 120440000.0 0.0 0.0 60220000.0 0.0 2.0 1000.0 0.0
2500.0 1.0 1.0 1.0 120412649.0 26001.0 0.0 60220000.0 26.0 2.0 1000.0 1350.0
2600.0 0.0 2.0 1.0 120319870.0 105978.0 0.0 60220000.0 26.0 2.0 1000.0 14152.0
2700.0 0.0 2.0 1.0 120227997.0 178878.0 0.0 60220000.0 25.0 2.0 1000.0 33125.0
2800.0 0.0 2.0 1.0 120138738.0 246611.0 0.0 60220000.0 25.0 2.0 1000.0 54651.0
2900.0 0.0 2.0 1.0 120050596.0 311658.0 0.0 60220000.0 24.0 2.0 1000.0 77746.0
3000.0 0.0 2.0 1.0 119965201.0 373060.0 0.0 60220000.0 24.0 2.0 1000.0 101739.0
3100.0 0.0 2.0 1.0 119882785.0 430571.0 0.0 60220000.0 23.0 2.0 1000.0 126644.0
3200.0 0.0 2.0 1.0 119804001.0 484011.0 0.0 60220000.0 21.0 2.0 1000.0 151988.0
3300.0 0.0 2.0 1.0 119728469.0 533966.0 0.0 60220000.0 21.0 2.0 1000.0 177565.0
3400.0 0.0 2.0 1.0 119653376.0 582643.0 0.0 60220000.0 21.0 2.0 1000.0 203981.0
3500.0 0.0 2.0 1.0 119577943.0 631689.0 0.0 60220000.0 21.0 2.0 1000.0 230368.0
3600.0 0.0 2.0 1.0 119502925.0 680079.0 0.0 60220000.0 21.0 2.0 1000.0 256996.0
3700.0 0.0 2.0 1.0 119427923.0 728633.0 0.0 60220000.0 21.0 2.0 1000.0 283444.0
3800.0 0.0 2.0 1.0 119353362.0 776292.0 0.0 60220000.0 21.0 2.0 1000.0 310346.0
3900.0 0.0 2.0 1.0 119278714.0 823756.0 0.0 60220000.0 21.0 2.0 1000.0 337530.0
4000.0 0.0 2.0 1.0 119207307.0 867961.0 0.0 60220000.0 19.0 2.0 1000.0 364732.0
4100.0 0.0 2.0 1.0 119144475.0 903161.0 0.0 60220000.0 17.0 2.0 1000.0 392364.0
4200.0 0.0 2.0 1.0 119083612.0 936583.0 0.0 60220000.0 17.0 2.0 1000.0 419805.0
4300.0 0.0 2.0 1.0 119022858.0 970044.0 0.0 60220000.0 17.0 2.0 1000.0 447098.0
4400.0 0.0 2.0 1.0 118962059.0 1003306.0 0.0 60220000.0 17.0 2.0 1000.0 474635.0
4500.0 0.0 2.0 1.0 118901450.0 1036304.0 0.0 60220000.0 17.0 2.0 1000.0 502246.0
4600.0 0.0 2.0 1.0 118841160.0 1068805.0 0.0 60220000.0 17.0 2.0 1000.0 530035.0
4700.0 0.0 2.0 1.0 118780649.0 1101471.0 0.0 60220000.0 17.0 2.0 1000.0 557880.0
4800.0 0.0 2.0 1.0 118721044.0 1133189.0 0.0 60220000.0 16.0 2.0 1000.0 585767.0
4900.0 0.0 2.0 1.0 118665628.0 1160437.0 0.0 60220000.0 14.0 2.0 1000.0 613935.0
5000.0 0.0 2.0 1.0 118615890.0 1182242.0 0.0 60220000.0 14.0 2.0 1000.0 641868.0
5100.0 0.0 2.0 1.0 118566191.0 1203801.0 0.0 60220000.0 14.0 2.0 1000.0 670008.0
5200.0 0.0 2.0 1.0 118516146.0 1225718.0 0.0 60220000.0 14.0 2.0 1000.0 698136.0
5300.0 0.0 2.0 1.0 118466784.0 1246973.0 0.0 60220000.0 13.0 2.0 1000.0 726243.0
5400.0 0.0 2.0 1.0 118420658.0 1264659.0 0.0 60220000.0 13.0 2.0 1000.0 754683.0
5500.0 0.0 2.0 1.0 118374381.0 1283033.0 0.0 60220000.0 13.0 2.0 1000.0 782586.0
5600.0 0.0 2.0 1.0 118328002.0 1301104.0 0.0 60220000.0 13.0 2.0 1000.0 810894.0
5700.0 0.0 2.0 1.0 118281683.0 1319399.0 0.0 60220000.0 13.0 2.0 1000.0 838918.0
5800.0 0.0 2.0 1.0 118238713.0 1333894.0 0.0 60220000.0 12.0 2.0 1000.0 867393.0
5900.0 0.0 2.0 1.0 118196053.0 1348168.0 0.0 60220000.0 12.0 2.0 1000.0 895779.0
6000.0 0.0 2.0 1.0 118153649.0 1362251.0 0.0 60220000.0 12.0 2.0 1000.0 924100.0
6100.0 0.0 2.0 1.0 118110683.0 1377064.0 0.0 60220000.0 12.0 2.0 1000.0 952253.0
6200.0 0.0 2.0 1.0 118070285.0 1389405.0 0.0 60220000.0 11.0 2.0 1000.0 980310.0
6300.0 0.0 2.0 1.0 118031952.0 1399641.0 0.0 60220000.0 10.0 2.0 1000.0 1008407.0
6400.0 0.0 2.0 1.0 117996218.0 1407341.0 0.0 60220000.0 10.0 2.0 1000.0 1036441.0
6500.0 1.0 2.0 1.0 117961136.0 1414174.0 0.0 60220000.0 9.0 2.0 1000.0 1064690.0
6600.0 1.0 2.0 6.0 117877379.0 1391200.0 0.0 60220000.0 37.0 2.0 1000.0 1171421.0
6700.0 0.0 2.0 6.0 117736241.0 1362347.0 0.0 60220000.0 40.0 2.0 1000.0 1341412.0
6800.0 0.0 2.0 6.0 117595275.0 1333421.0 0.0 60220000.0 39.0 2.0 1000.0 1511304.0
6900.0 0.0 2.0 6.0 117456225.0 1303280.0 0.0 60220000.0 39.0 2.0 1000.0 1680495.0
7000.0 0.0 2.0 5.0 117317274.0 1295733.0 0.0 60220000.0 39.0 2.0 1000.0 1826993.0
7100.0 0.0 2.0 5.0 117179251.0 1293056.0 0.0 60220000.0 39.0 2.0 1000.0 1967693.0
7200.0 0.0 2.0 5.0 117040230.0 1291418.0 0.0 60220000.0 39.0 2.0 1000.0 2108352.0
7300.0 0.0 2.0 4.0 116906492.0 1287962.0 0.0 60220000.0 37.0 2.0 1000.0 2245546.0
7400.0 0.0 2.0 3.0 116774403.0 1326207.0 0.0 60220000.0 37.0 2.0 1000.0 2339390.0
7500.0 0.0 2.0 3.0 116642794.0 1373337.0 0.0 60220000.0 37.0 2.0 1000.0 2423869.0
7600.0 0.0 2.0 3.0 116513625.0 1417785.0 0.0 60220000.0 36.0 2.0 1000.0 2508590.0
7700.0 0.0 2.0 3.0 116385391.0 1460677.0 0.0 60220000.0 36.0 2.0 1000.0 2593932.0
7800.0 0.0 2.0 3.0 116258864.0 1502081.0 0.0 60220000.0 35.0 2.0 1000.0 2679055.0
7900.0 0.0 2.0 3.0 116137765.0 1538011.0 0.0 60220000.0 34.0 2.0 1000.0 2764224.0
8000.0 0.0 2.0 3.0 116020642.0 1569748.0 0.0 60220000.0 32.0 2.0 1000.0 2849610.0
8100.0 0.0 2.0 3.0 115906922.0 1597843.0 0.0 60220000.0 32.0 2.0 1000.0 2935235.0
8200.0 0.0 2.0 3.0 115792598.0 1626741.0 0.0 60220000.0 32.0 2.0 1000.0 3020661.0
8300.0 0.0 2.0 3.0 115680283.0 1653379.0 0.0 60220000.0 31.0 2.0 1000.0 3106338.0
8400.0 0.0 2.0 3.0 115571201.0 1676675.0 0.0 60220000.0 30.0 2.0 1000.0 3192124.0
8500.0 0.0 2.0 3.0 115472373.0 1689332.0 0.0 60220000.0 27.0 2.0 1000.0 3278295.0
8600.0 0.0 2.0 3.0 115376185.0 1699733.0 0.0 60220000.0 27.0 2.0 1000.0 3364082.0
8700.0 0.0 2.0 3.0 115280468.0 1709862.0 0.0 60220000.0 27.0 2.0 1000.0 3449670.0
8800.0 0.0 2.0 3.0 115186818.0 1717767.0 0.0 60220000.0 26.0 2.0 1000.0 3535415.0
8900.0 0.0 2.0 3.0 115094125.0 1725018.0 0.0 60220000.0 26.0 2.0 1000.0 3620857.0
9000.0 0.0 2.0 3.0 115001800.0 1731379.0 0.0 60220000.0 26.0 2.0 1000.0 3706821.0
9100.0 0.0 2.0 2.0 114911708.0 1762995.0 0.0 60220000.0 25.0 2.0 1000.0 3765297.0
9200.0 0.0 2.0 2.0 114823049.0 1794586.0 0.0 60220000.0 25.0 2.0 1000.0 3822365.0
9300.0 0.0 0.0 4.0 114684540.0 1847024.0 0.0 60220000.0 49.0 2.0 1000.0 3908436.0
9400.0 0.0 0.0 5.0 114497045.0 1907410.0 0.0 60220000.0 55.0 2.0 1000.0 4035545.0
9500.0 0.0 3.0 5.0 114288101.0 1972796.0 0.0 60220000.0 69.0 2.0 1000.0 4179103.0
9600.0 0.0 3.0 5.0 114046666.0 2070328.0 0.0 60220000.0 68.0 2.0 1000.0 4323006.0
9700.0 0.0 3.0 5.0 113804096.0 2168854.0 0.0 60220000.0 68.0 2.0 1000.0 4467050.0
9800.0 0.0 3.0 7.0 113550278.0 2253192.0 0.0 60220000.0 78.0 2.0 1000.0 4636530.0
9900.0 1.0 0.0 9.0 113265458.0 2323186.0 0.0 60220000.0 95.0 2.0 1000.0 4851356.0
10000.0 1.0 2.0 14.0 112889374.0 2372382.0 0.0 60220000.0 117.0 2.0 1000.0 5178244.0
10100.0 1.0 3.0 18.0 112441456.0 2352726.0 0.0 60220000.0 136.0 2.0 1000.0 5645818.0
10200.0 0.0 1.0 19.0 111914939.0 2328914.0 0.0 60220000.0 155.0 2.0 1000.0 6196147.0
10300.0 1.0 2.0 21.0 111367044.0 2314489.0 0.0 60220000.0 161.0 2.0 1000.0 6758467.0
10400.0 1.0 2.0 25.0 110746025.0 2272595.0 0.0 60220000.0 196.0 2.0 1000.0 7421380.0
10500.0 1.0 2.0 29.0 109985883.0 2272106.0 0.0 60220000.0 231.0 2.0 1000.0 8182011.0
10600.0 0.0 0.0 30.0 109146135.0 2232175.0 0.0 60220000.0 236.0 2.0 1000.0 9061690.0
10700.0 0.0 0.0 30.0 108314698.0 2195174.0 0.0 60220000.0 231.0 2.0 1000.0 9930128.0
10800.0 0.0 0.0 29.0 107505983.0 2144201.0 0.0 60220000.0 226.0 2.0 1000.0 10789816.0
10900.0 0.0 0.0 29.0 106712322.0 2101018.0 0.0 60220000.0 221.0 2.0 1000.0 11626660.0
11000.0 1.0 2.0 31.0 105924587.0 2042295.0 0.0 60220000.0 235.0 2.0 1000.0 12473118.0
11100.0 0.0 2.0 32.0 105080955.0 1964999.0 0.0 60220000.0 235.0 2.0 1000.0 13394046.0
11200.0 0.0 2.0 32.0 104270135.0 1857043.0 0.0 60220000.0 226.0 2.0 1000.0 14312822.0
11300.0 0.0 2.0 31.0 103471663.0 1756737.0 0.0 60220000.0 222.0 2.0 1000.0 15211600.0
11400.0 1.0 0.0 32.0 102686415.0 1655613.0 0.0 60220000.0 221.0 2.0 1000.0 16097972.0
11500.0 1.0 1.0 37.0 101854143.0 1516265.0 0.0 60220000.0 248.0 2.0 1000.0 17069592.0
11600.0 0.0 0.0 40.0 100930150.0 1338532.0 0.0 60220000.0 265.0 2.0 1000.0 18171318.0
11700.0 0.0 0.0 39.0 99992049.0 1164105.0 0.0 60220000.0 261.0 2.0 1000.0 19283846.0
11800.0 0.0 0.0 39.0 99068641.0 1001089.0 0.0 60220000.0 258.0 2.0 1000.0 20370270.0
11900.0 0.0 0.0 38.0 98157116.0 856015.0 0.0 60220000.0 255.0 2.0 1000.0 21426869.0
12000.0 0.0 0.0 38.0 97251298.0 730030.0 0.0 60220000.0 252.0 2.0 1000.0 22458672.0
12100.0 0.0 0.0 37.0 96361504.0 616607.0 0.0 60220000.0 248.0 2.0 1000.0 23461889.0
12200.0 0.0 0.0 37.0 95487047.0 522221.0 0.0 60220000.0 243.0 2.0 1000.0 24430732.0
12300.0 0.0 0.0 36.0 94625747.0 450922.0 0.0 60220000.0 238.0 2.0 1000.0 25363331.0
12400.0 0.0 0.0 35.0 93779040.0 413318.0 0.0 60220000.0 236.0 2.0 1000.0 26247642.0
12500.0 0.0 0.0 34.0 92938956.0 387746.0 0.0 60220000.0 234.0 2.0 1000.0 27113298.0
12600.0 0.0 0.0 34.0 92114241.0 376354.0 0.0 60220000.0 228.0 2.0 1000.0 27949405.0
12700.0 0.0 0.0 33.0 91302983.0 375358.0 0.0 60220000.0 227.0 2.0 1000.0 28761659.0
12800.0 0.0 0.0 33.0 90500945.0 369983.0 0.0 60220000.0 223.0 2.0 1000.0 29569072.0
12900.0 0.0 0.0 33.0 89709414.0 357500.0 0.0 60220000.0 220.0 2.0 1000.0 30373086.0
13000.0 0.0 0.0 32.0 88932686.0 352221.0 0.0 60220000.0 216.0 2.0 1000.0 31155093.0
13100.0 0.0 0.0 31.0 88167016.0 362650.0 0.0 60220000.0 213.0 2.0 1000.0 31910334.0
13200.0 0.0 0.0 31.0 87418019.0 359105.0 0.0 60220000.0 209.0 2.0 1000.0 32662876.0
13300.0 0.0 0.0 29.0 86678093.0 373831.0 0.0 60220000.0 207.0 2.0 1000.0 33388076.0
13400.0 0.0 0.0 29.0 85947835.0 391112.0 0.0 60220000.0 202.0 2.0 1000.0 34101053.0
13500.0 0.0 0.0 28.0 85230072.0 413606.0 0.0 60220000.0 200.0 2.0 1000.0 34796322.0
13600.0 0.0 0.0 28.0 84524863.0 419068.0 0.0 60220000.0 196.0 2.0 1000.0 35496069.0
13700.0 0.0 0.0 28.0 83835927.0 410010.0 0.0 60220000.0 191.0 2.0 1000.0 36194063.0
13800.0 0.0 0.0 27.0 83167190.0 389895.0 0.0 60220000.0 186.0 2.0 1000.0 36882915.0
13900.0 0.0 0.0 26.0 82505077.0 399090.0 0.0 60220000.0 184.0 2.0 1000.0 37535833.0
14000.0 0.0 0.0 25.0 81855284.0 406520.0 0.0 60220000.0 180.0 2.0 1000.0 38178196.0
14100.0 0.0 0.0 25.0 81221134.0 418082.0 0.0 60220000.0 177.0 2.0 1000.0 38800784.0
14200.0 0.0 0.0 25.0 80596680.0 416240.0 0.0 60220000.0 173.0 2.0 1000.0 39427080.0
14300.0 0.0 0.0 25.0 79989305.0 402118.0 0.0 60220000.0 168.0 2.0 1000.0 40048577.0
14400.0 0.0 0.0 25.0 79392376.0 381685.0 0.0 60220000.0 167.0 2.0 1000.0 40665939.0
14500.0 0.0 0.0 25.0 78799667.0 363879.0 0.0 60220000.0 166.0 2.0 1000.0 41276454.0
14600.0 0.0 0.0 24.0 78213797.0 362771.0 0.0 60220000.0 164.0 2.0 1000.0 41863432.0
14700.0 0.0 0.0 22.0 77631352.0 382280.0 0.0 60220000.0 161.0 2.0 1000.0 42426368.0
14800.0 0.0 0.0 22.0 77062751.0 406681.0 0.0 60220000.0 158.0 2.0 1000.0 42970568.0
14900.0 0.0 0.0 22.0 76505999.0 415648.0 0.0 60220000.0 155.0 2.0 1000.0 43518353.0
15000.0 0.0 0.0 22.0 75959882.0 411791.0 0.0 60220000.0 151.0 2.0 1000.0 44068327.0
15100.0 0.0 0.0 22.0 75424912.0 401050.0 0.0 60220000.0 149.0 2.0 1000.0 44614038.0
15200.0 0.0 0.0 22.0 74895477.0 386023.0 0.0 60220000.0 148.0 2.0 1000.0 45158500.0
15300.0 0.0 0.0 21.0 74376761.0 379599.0 0.0 60220000.0 143.0 2.0 1000.0 45683640.0
15400.0 0.0 0.0 21.0 73869766.0 372181.0 0.0 60220000.0 141.0 2.0 1000.0 46198053.0
15500.0 0.0 0.0 21.0 73366682.0 362812.0 0.0 60220000.0 140.0 2.0 1000.0 46710506.0
15600.0 0.0 0.0 20.0 72867304.0 358313.0 0.0 60220000.0 139.0 2.0 1000.0 47214383.0
15700.0 0.0 0.0 19.0 72375734.0 384899.0 0.0 60220000.0 137.0 2.0 1000.0 47679367.0
15800.0 0.0 0.0 18.0 71891943.0 414234.0 0.0 60220000.0 134.0 2.0 1000.0 48133823.0
15900.0 0.0 0.0 18.0 71417457.0 436860.0 0.0 60220000.0 132.0 2.0 1000.0 48585683.0
16000.0 0.0 0.0 18.0 70948140.0 451665.0 0.0 60220000.0 131.0 2.0 1000.0 49040195.0
16100.0 0.0 0.0 17.0 70491726.0 457535.0 0.0 60220000.0 125.0 2.0 1000.0 49490739.0
16200.0 0.0 0.0 17.0 70050531.0 466648.0 0.0 60220000.0 121.0 2.0 1000.0 49922821.0
16300.0 0.0 0.0 17.0 69623984.0 460715.0 0.0 60220000.0 117.0 2.0 1000.0 50355301.0
16400.0 0.0 0.0 17.0 69212561.0 441235.0 0.0 60220000.0 115.0 2.0 1000.0 50786204.0
16500.0 0.0 0.0 17.0 68801374.0 425695.0 0.0 60220000.0 115.0 2.0 1000.0 51212931.0
16600.0 0.0 0.0 17.0 68395285.0 407138.0 0.0 60220000.0 112.0 2.0 1000.0 51637577.0
16700.0 1.0 2.0 17.0 67979783.0 411442.0 0.0 60220000.0 130.0 2.0 1000.0 52048775.0
16800.0 1.0 2.0 21.0 67453503.0 463546.0 0.0 60220000.0 166.0 2.0 1000.0 52522951.0
16900.0 0.0 0.0 26.0 66795694.0 535051.0 0.0 60220000.0 200.0 2.0 1000.0 53109255.0
17000.0 0.0 0.0 26.0 66091339.0 562813.0 0.0 60220000.0 196.0 2.0 1000.0 53785848.0
17100.0 0.0 0.0 26.0 65403627.0 571066.0 0.0 60220000.0 189.0 2.0 1000.0 54465307.0
17200.0 0.0 0.0 26.0 64737080.0 558223.0 0.0 60220000.0 185.0 2.0 1000.0 55144697.0
17300.0 0.0 0.0 25.0 64081374.0 543826.0 0.0 60220000.0 182.0 2.0 1000.0 55814800.0
17400.0 0.0 0.0 25.0 63436747.0 540648.0 0.0 60220000.0 180.0 2.0 1000.0 56462605.0
17500.0 0.0 0.0 25.0 62798074.0 531253.0 0.0 60220000.0 177.0 2.0 1000.0 57110673.0
17600.0 0.0 0.0 24.0 62173494.0 527789.0 0.0 60220000.0 175.0 2.0 1000.0 57738717.0
17700.0 0.0 0.0 23.0 61558369.0 546718.0 0.0 60220000.0 170.0 2.0 1000.0 58334913.0
17800.0 0.0 0.0 23.0 60960925.0 546403.0 0.0 60220000.0 167.0 2.0 1000.0 58932672.0
17900.0 0.0 0.0 23.0 60375607.0 534692.0 0.0 60220000.0 163.0 2.0 1000.0 59529701.0
18000.0 0.0 0.0 21.0 59799945.0 548148.0 0.0 60220000.0 161.0 2.0 1000.0 60091907.0
18100.0 0.0 0.0 20.0 59239229.0 570803.0 0.0 60220000.0 155.0 2.0 1000.0 60629968.0
18200.0 0.0 0.0 20.0 58685037.0 601303.0 0.0 60220000.0 155.0 2.0 1000.0 61153660.0
18300.0 0.0 0.0 20.0 58132611.0 626805.0 0.0 60220000.0 155.0 2.0 1000.0 61680584.0
18400.0 0.0 0.0 20.0 57584683.0 643969.0 0.0 60220000.0 151.0 2.0 1000.0 62211348.0
18500.0 0.0 0.0 19.0 57049901.0 650677.0 0.0 60220000.0 150.0 2.0 1000.0 62739422.0
18600.0 0.0 0.0 19.0 56517017.0 678858.0 0.0 60220000.0 149.0 2.0 1000.0 63244125.0
18700.0 0.0 0.0 18.0 55996350.0 714001.0 0.0 60220000.0 143.0 2.0 1000.0 63729649.0
18800.0 0.0 0.0 17.0 55496878.0 739744.0 0.0 60220000.0 138.0 2.0 1000.0 64203378.0
18900.0 0.0 0.0 16.0 55011749.0 790233.0 0.0 60220000.0 136.0 2.0 1000.0 64638018.0
19000.0 0.0 0.0 16.0 54531567.0 836990.0 0.0 60220000.0 134.0 2.0 1000.0 65071443.0
19100.0 0.0 0.0 16.0 54058243.0 874400.0 0.0 60220000.0 132.0 2.0 1000.0 65507357.0
19200.0 0.0 0.0 16.0 53590957.0 902594.0 0.0 60220000.0 131.0 2.0 1000.0 65946449.0
19300.0 0.0 0.0 15.0 53129735.0 942045.0 0.0 60220000.0 129.0 2.0 1000.0 66368220.0
19400.0 0.0 0.0 15.0 52670458.0 988396.0 0.0 60220000.0 129.0 2.0 1000.0 66781146.0
19500.0 0.0 0.0 15.0 52215461.0 1027507.0 0.0 60220000.0 127.0 2.0 1000.0 67197032.0
19600.0 0.0 0.0 15.0 51766151.0 1061307.0 0.0 60220000.0 125.0 2.0 1000.0 67612542.0
19700.0 0.0 0.0 15.0 51331727.0 1078576.0 0.0 60220000.0 122.0 2.0 1000.0 68029697.0
19800.0 0.0 0.0 15.0 50906622.0 1086468.0 0.0 60220000.0 117.0 2.0 1000.0 68446910.0
19900.0 0.0 0.0 15.0 50495087.0 1080595.0 0.0 60220000.0 113.0 2.0 1000.0 68864318.0
