time rna_M monomer_betaGal protein_betaGal Lactose_external Lactose_internal Glucose_external Glucose_internal protein_Lactose_Permease dna_Lac_Operon Biomass Lactose_consumed
0.0 0.0 0.0 0.0 120440000.0 0.0 60220000.0 0.0 0.0 2.0 1000.0 0.0
100.0 0.0 0.0 0.0 120440000.0 0.0 30127107.0 30092893.0 0.0 2.0 1000.0 0.0
200.0 0.0 0.0 0.0 120440000.0 0.0 79445.0 60140555.0 0.0 2.0 1000.0 0.0
300.0 0.0 0.0 0.0 120440000.0 0.0 0.0 60220000.0 0.0 2.0 1000.0 0.0
400.0 0.0 0.0 0.0 120440000.0 0.0 0.0 60220000.0 0.0 2.0 1000.0 0.0
500.0 0.0 0.0 0.0 120440000.0 0.0 0.0 60220000.0 0.0 2.0 1000.0 0.0
600.0 0.0 0.0 0.0 120440000.0 0.0 0.0 60220000.0 0.0 2.0 1000.0 0.0
700.0 0.0 0.0 0.0 120440000.0 0.0 0.0 60220000.0 0.0 2.0 1000.0 0.0
800.0 0.0 0.0 0.0 120440000.0 0.0 0.0 60220000.0 0.0 2.0 1000.0 0.0
900.0 0.0 0.0 0.0 120440000.0 0.0 0.0 60220000.0 0.0 2.0 1000.0 0.0
1000.0 0.0 0.0 0.0 120440000.0 0.0 0.0 60220000.0 0.0 2.0 1000.0 0.0
1100.0 0.0 0.0 0.0 120440000.0 0.0 0.0 60220000.0 0.0 2.0 1000.0 0.0
1200.0 0.0 0.0 0.0 120440000.0 0.0 0.0 60220000.0 0.0 2.0 1000.0 0.0
1300.0 0.0 0.0 0.0 120440000.0 0.0 0.0 60220000.0 0.0 2.0 1000.0 0.0
1400.0 0.0 0.0 0.0 120440000.0 0.0 0.0 60220000.0 0.0 2.0 1000.0 0.0
1500.0 0.0 0.0 0.0 120440000.0 0.0 0.0 60220000.0 0.0 2.0 1000.0 0.0
1600.0 0.0 0.0 0.0 120440000.0 0.0 0.0 60220000.0 0.0 2.0 1000.0 0.0
1700.0 0.0 0.0 0.0 120440000.0 0.0 0.0 60220000.0 0.0 2.0 1000.0 0.0
1800.0 0.0 0.0 0.0 120440000.0 0.0 0.0 60220000.0 0.0 2.0 1000.0 0.0
1900.0 0.0 0.0 0.0 120440000.0 0.0 0.0 60220000.0 0.0 2.0 1000.0 0.0
2000.0 0.0 0.0 0.0 120440000.0 0.0 0.0 60220000.0 0.0 2.0 1000.0 0.0
2100.0 0.0 0.0 0.0 120440000.0 0.0 0.0 60220000.0 0.0 2.0 1000.0 0.0
2200.0 0.0 0.0 0.0 120440000.0 0.0 0.0 60220000.0 0.0 2.0 1000.0 0.0
2300.0 0.0 0.0 0.0 120440000.0 0.0 0.0 60220000.0 0.0 2.0 1000.0 0.0
2400.0 0.0 0.0 0.0 120440000.0 0.0 0.0 60220000.0 0.0 2.0 1000.0 0.0
2500.0 0.0 0.0 0.0 120440000.0 0.0 0.0 60220000.0 0.0 2.0 1000.0 0.0
2600.0 0.0 0.0 0.0 120440000.0 0.0 0.0 60220000.0 0.0 2.0 1000.0 0.0
2700.0 0.0 0.0 0.0 120440000.0 0.0 0.0 60220000.0 0.0 2.0 1000.0 0.0
2800.0 0.0 0.0 0.0 120440000.0 0.0 0.0 60220000.0 0.0 2.0 1000.0 0.0
2900.0 1.0 2.0 0.0 120437065.0 2935.0 0.0 60220000.0 7.0 2.0 1000.0 0.0
3000.0 1.0 0.0 5.0 120333500.0 82546.0 0.0 60220000.0 48.0 2.0 1000.0 23954.0
3100.0 0.0 1.0 7.0 120104083.0 195027.0 0.0 60220000.0 72.0 2.0 1000.0 140890.0
3200.0 0.0 1.0 7.0 119847143.0 295926.0 0.0 60220000.0 72.0 2.0 1000.0 296931.0
3300.0 0.0 1.0 7.0 119590107.0 383868.0 0.0 60220000.0 72.0 2.0 1000.0 466025.0
3400.0 0.0 1.0 7.0 119335561.0 462960.0 0.0 60220000.0 71.0 2.0 1000.0 641479.0
3500.0 0.0 1.0 7.0 119081859.0 537207.0 0.0 60220000.0 71.0 2.0 1000.0 820934.0
3600.0 0.0 1.0 7.0 118828718.0 607167.0 0.0 60220000.0 70.0 2.0 1000.0 1004115.0
3700.0 0.0 1.0 7.0 118581839.0 668936.0 0.0 60220000.0 68.0 2.0 1000.0 1189225.0
3800.0 0.0 1.0 7.0 118339465.0 723397.0 0.0 60220000.0 68.0 2.0 1000.0 1377138.0
3900.0 0.0 1.0 7.0 118096986.0 777407.0 0.0 60220000.0 68.0 2.0 1000.0 1565607.0
4000.0 0.0 1.0 7.0 117854284.0 830217.0 0.0 60220000.0 68.0 2.0 1000.0 1755499.0
4100.0 0.0 1.0 7.0 117615357.0 878145.0 0.0 60220000.0 67.0 2.0 1000.0 1946498.0
4200.0 0.0 1.0 7.0 117378756.0 923307.0 0.0 60220000.0 66.0 2.0 1000.0 2137937.0
4300.0 0.0 1.0 7.0 117143412.0 965675.0 0.0 60220000.0 66.0 2.0 1000.0 2330913.0
4400.0 0.0 1.0 7.0 116909338.0 1006066.0 0.0 60220000.0 66.0 2.0 1000.0 2524596.0
4500.0 0.0 1.0 7.0 116673892.0 1047393.0 0.0 60220000.0 65.0 2.0 1000.0 2718715.0
4600.0 0.0 1.0 7.0 116446770.0 1079912.0 0.0 60220000.0 64.0 2.0 1000.0 2913318.0
4700.0 0.0 1.0 7.0 116219604.0 1112212.0 0.0 60220000.0 64.0 2.0 1000.0 3108184.0
4800.0 0.0 1.0 7.0 115993298.0 1143475.0 0.0 60220000.0 63.0 2.0 1000.0 3303227.0
4900.0 0.0 1.0 7.0 115769712.0 1171157.0 0.0 60220000.0 63.0 2.0 1000.0 3499131.0
5000.0 0.0 1.0 7.0 115545346.0 1199818.0 0.0 60220000.0 62.0 2.0 1000.0 3694836.0
5100.0 0.0 1.0 7.0 115325800.0 1222942.0 0.0 60220000.0 61.0 2.0 1000.0 3891258.0
5200.0 0.0 1.0 6.0 115112446.0 1255649.0 0.0 60220000.0 60.0 2.0 1000.0 4071905.0
5300.0 0.0 2.0 6.0 114893976.0 1305198.0 0.0 60220000.0 62.0 2.0 1000.0 4240826.0
5400.0 0.0 2.0 6.0 114676748.0 1353814.0 0.0 60220000.0 61.0 2.0 1000.0 4409438.0
5500.0 0.0 2.0 6.0 114460671.0 1400512.0 0.0 60220000.0 61.0 2.0 1000.0 4578817.0
5600.0 0.0 2.0 6.0 114242527.0 1447993.0 0.0 60220000.0 61.0 2.0 1000.0 4749480.0
5700.0 0.0 2.0 4.0 114025591.0 1521845.0 0.0 60220000.0 60.0 2.0 1000.0 4892564.0
5800.0 0.0 2.0 4.0 113813065.0 1620196.0 0.0 60220000.0 59.0 2.0 1000.0 5006739.0
5900.0 0.0 2.0 4.0 113612442.0 1707179.0 0.0 60220000.0 55.0 2.0 1000.0 5120379.0
6000.0 0.0 2.0 4.0 113419280.0 1785530.0 0.0 60220000.0 54.0 2.0 1000.0 5235190.0
6100.0 0.0 2.0 4.0 113227881.0 1862585.0 0.0 60220000.0 54.0 2.0 1000.0 5349534.0
6200.0 0.0 2.0 4.0 113036296.0 1939235.0 0.0 60220000.0 53.0 2.0 1000.0 5464469.0
6300.0 0.0 2.0 4.0 112847617.0 2012189.0 0.0 60220000.0 53.0 2.0 1000.0 5580194.0
6400.0 0.0 2.0 3.0 112659680.0 2095243.0 0.0 60220000.0 52.0 2.0 1000.0 5685077.0
6500.0 0.0 2.0 3.0 112474674.0 2193602.0 0.0 60220000.0 52.0 2.0 1000.0 5771724.0
6600.0 1.0 2.0 3.0 112294512.0 2286620.0 0.0 60220000.0 51.0 2.0 1000.0 5858868.0
6700.0 2.0 0.0 12.0 112026100.0 2329873.0 0.0 60220000.0 101.0 2.0 1000.0 6084027.0
6800.0 2.0 1.0 18.0 111541414.0 2389292.0 0.0 60220000.0 173.0 2.0 1000.0 6509294.0
6900.0 1.0 1.0 23.0 110849802.0 2486835.0 0.0 60220000.0 212.0 2.0 1000.0 7103363.0
7000.0 1.0 3.0 23.0 110061446.0 2606982.0 0.0 60220000.0 222.0 2.0 1000.0 7771572.0
7100.0 1.0 1.0 25.0 109222261.0 2737624.0 0.0 60220000.0 253.0 2.0 1000.0 8480115.0
7200.0 1.0 2.0 26.0 108318839.0 2907597.0 0.0 60220000.0 259.0 2.0 1000.0 9213564.0
7300.0 0.0 0.0 27.0 107403663.0 3036696.0 0.0 60220000.0 256.0 2.0 1000.0 9999641.0
7400.0 0.0 0.0 27.0 106502941.0 3150741.0 0.0 60220000.0 254.0 2.0 1000.0 10786318.0
7500.0 0.0 0.0 26.0 105609724.0 3265386.0 0.0 60220000.0 251.0 2.0 1000.0 11564890.0
7600.0 1.0 0.0 29.0 104668115.0 3413721.0 0.0 60220000.0 280.0 2.0 1000.0 12358164.0
7700.0 0.0 0.0 29.0 103680398.0 3550598.0 0.0 60220000.0 275.0 2.0 1000.0 13209004.0
7800.0 0.0 1.0 29.0 102680885.0 3707342.0 0.0 60220000.0 280.0 2.0 1000.0 14051773.0
7900.0 1.0 2.0 28.0 101693552.0 3849483.0 0.0 60220000.0 280.0 2.0 1000.0 14896965.0
8000.0 0.0 2.0 33.0 100661604.0 3984120.0 0.0 60220000.0 305.0 2.0 1000.0 15794276.0
8100.0 0.0 2.0 33.0 99599582.0 4076031.0 0.0 60220000.0 299.0 2.0 1000.0 16764387.0
8200.0 1.0 1.0 37.0 98499194.0 4146005.0 0.0 60220000.0 326.0 2.0 1000.0 17794801.0
8300.0 1.0 0.0 41.0 97296499.0 4214330.0 0.0 60220000.0 353.0 2.0 1000.0 18929171.0
8400.0 0.0 0.0 42.0 96011692.0 4274485.0 0.0 60220000.0 362.0 2.0 1000.0 20153823.0
8500.0 1.0 2.0 45.0 94705467.0 4320542.0 0.0 60220000.0 378.0 2.0 1000.0 21413991.0
8600.0 1.0 1.0 47.0 93309628.0 4381622.0 0.0 60220000.0 403.0 2.0 1000.0 22748750.0
8700.0 0.0 0.0 50.0 91857495.0 4395507.0 0.0 60220000.0 413.0 2.0 1000.0 24186998.0
8800.0 0.0 3.0 51.0 90365576.0 4406038.0 0.0 60220000.0 430.0 2.0 1000.0 25668386.0
8900.0 0.0 3.0 49.0 88867619.0 4420746.0 0.0 60220000.0 416.0 2.0 1000.0 27151635.0
9000.0 0.0 3.0 48.0 87412733.0 4462569.0 0.0 60220000.0 405.0 2.0 1000.0 28564698.0
9100.0 1.0 3.0 46.0 85989012.0 4503962.0 0.0 60220000.0 400.0 2.0 1000.0 29947026.0
9200.0 1.0 1.0 48.0 84490861.0 4603822.0 0.0 60220000.0 441.0 2.0 1000.0 31345317.0
9300.0 2.0 2.0 51.0 82898340.0 4719351.0 0.0 60220000.0 465.0 2.0 1000.0 32822309.0
9400.0 1.0 0.0 57.0 81179539.0 4852196.0 0.0 60220000.0 502.0 2.0 1000.0 34408265.0
9500.0 1.0 0.0 59.0 79345736.0 4974792.0 0.0 60220000.0 531.0 2.0 1000.0 36119472.0
9600.0 0.0 0.0 60.0 77452448.0 5105895.0 0.0 60220000.0 536.0 2.0 1000.0 37881657.0
9700.0 0.0 0.0 59.0 75573460.0 5235305.0 0.0 60220000.0 527.0 2.0 1000.0 39631235.0
9800.0 0.0 0.0 57.0 73723960.0 5367294.0 0.0 60220000.0 522.0 2.0 1000.0 41348746.0
9900.0 0.0 0.0 56.0 71897841.0 5532615.0 0.0 60220000.0 514.0 2.0 1000.0 43009544.0
10000.0 0.0 0.0 56.0 70110550.0 5665714.0 0.0 60220000.0 504.0 2.0 1000.0 44663736.0
10100.0 0.0 3.0 57.0 68319984.0 5780943.0 0.0 60220000.0 510.0 2.0 1000.0 46339073.0
10200.0 0.0 3.0 57.0 66549000.0 5865965.0 0.0 60220000.0 499.0 2.0 1000.0 48025035.0
10300.0 0.0 3.0 57.0 64798823.0 5931069.0 0.0 60220000.0 495.0 2.0 1000.0 49710108.0
10400.0 1.0 2.0 57.0 63075051.0 5969295.0 0.0 60220000.0 487.0 2.0 1000.0 51395654.0
10500.0 1.0 0.0 58.0 61320808.0 6006082.0 0.0 60220000.0 513.0 2.0 1000.0 53113110.0
10600.0 0.0 0.0 58.0 59481247.0 6122020.0 0.0 60220000.0 524.0 2.0 1000.0 54836733.0
10700.0 0.0 0.0 58.0 57661827.0 6223622.0 0.0 60220000.0 511.0 2.0 1000.0 56554551.0
10800.0 1.0 2.0 59.0 55873627.0 6306526.0 0.0 60220000.0 512.0 2.0 1000.0 58259847.0
10900.0 0.0 1.0 62.0 54020355.0 6370922.0 0.0 60220000.0 536.0 2.0 1000.0 60048723.0
11000.0 0.0 1.0 61.0 52149306.0 6419342.0 0.0 60220000.0 526.0 2.0 1000.0 61871352.0
11100.0 0.0 1.0 59.0 50312113.0 6495935.0 0.0 60220000.0 515.0 2.0 1000.0 63631952.0
11200.0 0.0 1.0 58.0 48512781.0 6561372.0 0.0 60220000.0 505.0 2.0 1000.0 65365847.0
11300.0 0.0 1.0 58.0 46732974.0 6621057.0 0.0 60220000.0 508.0 2.0 1000.0 67085969.0
11400.0 1.0 1.0 58.0 44976104.0 6660997.0 0.0 60220000.0 502.0 2.0 1000.0 68802899.0
11500.0 0.0 0.0 57.0 43235403.0 6696131.0 0.0 60220000.0 489.0 2.0 1000.0 70508466.0
11600.0 1.0 0.0 60.0 41509643.0 6720327.0 0.0 60220000.0 504.0 2.0 1000.0 72210030.0
11700.0 0.0 3.0 62.0 39706751.0 6713456.0 0.0 60220000.0 522.0 2.0 1000.0 74019793.0
11800.0 0.0 3.0 62.0 37892371.0 6690618.0 0.0 60220000.0 513.0 2.0 1000.0 75857011.0
11900.0 0.0 3.0 61.0 36107548.0 6656462.0 0.0 60220000.0 509.0 2.0 1000.0 77675990.0
12000.0 0.0 3.0 60.0 34323959.0 6643315.0 0.0 60220000.0 503.0 2.0 1000.0 79472726.0
12100.0 0.0 3.0 59.0 32569420.0 6643463.0 0.0 60220000.0 497.0 2.0 1000.0 81227117.0
12200.0 1.0 2.0 59.0 30841959.0 6631187.0 0.0 60220000.0 491.0 2.0 1000.0 82966854.0
12300.0 1.0 2.0 60.0 29075405.0 6655135.0 0.0 60220000.0 514.0 2.0 1000.0 84709460.0
12400.0 1.0 1.0 64.0 27230197.0 6675273.0 0.0 60220000.0 537.0 2.0 1000.0 86534530.0
12500.0 0.0 2.0 64.0 25367425.0 6643068.0 0.0 60220000.0 526.0 2.0 1000.0 88429507.0
12600.0 0.0 3.0 64.0 23510865.0 6605952.0 0.0 60220000.0 537.0 2.0 1000.0 90323183.0
12700.0 0.0 3.0 64.0 21644388.0 6577204.0 0.0 60220000.0 528.0 2.0 1000.0 92218408.0
12800.0 0.0 3.0 63.0 19807736.0 6532351.0 0.0 60220000.0 520.0 2.0 1000.0 94099913.0
12900.0 0.0 3.0 63.0 18000409.0 6478534.0 0.0 60220000.0 516.0 2.0 1000.0 95961057.0
13000.0 0.0 3.0 64.0 16204429.0 6398865.0 0.0 60220000.0 512.0 2.0 1000.0 97836706.0
13100.0 0.0 0.0 64.0 14429257.0 6281055.0 0.0 60220000.0 503.0 2.0 1000.0 99729688.0
13200.0 0.0 0.0 64.0 12684990.0 6130089.0 0.0 60220000.0 494.0 2.0 1000.0 101624921.0
13300.0 2.0 0.0 63.0 10937920.0 6002660.0 0.0 60220000.0 526.0 2.0 1000.0 103499420.0
13400.0 1.0 3.0 68.0 9066796.0 5941994.0 0.0 60220000.0 547.0 2.0 1000.0 105431210.0
13500.0 1.0 1.0 72.0 7108676.0 5806473.0 0.0 60220000.0 581.0 2.0 1000.0 107524851.0
13600.0 0.0 1.0 72.0 5124580.0 5660503.0 0.0 60220000.0 573.0 2.0 1000.0 109654917.0
13700.0 0.0 1.0 72.0 3188913.0 5468948.0 0.0 60220000.0 564.0 2.0 1000.0 111782139.0
13800.0 1.0 3.0 75.0 1300800.0 5193849.0 0.0 60220000.0 590.0 2.0 1000.0 113945351.0
13900.0 0.0 1.0 75.0 9595.0 4248251.0 0.0 60220000.0 590.0 2.0 1000.0 116182154.0
14000.0 0.0 1.0 75.0 1043.0 2065717.0 0.0 60220000.0 578.0 2.0 1000.0 118373240.0
14100.0 0.0 1.0 74.0 110.0 93867.0 0.0 60220000.0 569.0 2.0 1000.0 120346023.0
14200.0 0.0 1.0 73.0 0.0 0.0 0.0 60220000.0 557.0 2.0 1000.0 120440000.0
14300.0 0.0 1.0 71.0 0.0 0.0 0.0 60220000.0 548.0 2.0 1000.0 120440000.0
14400.0 0.0 1.0 70.0 0.0 0.0 0.0 60220000.0 535.0 2.0 1000.0 120440000.0
14500.0 0.0 1.0 68.0 0.0 0.0 0.0 60220000.0 528.0 2.0 1000.0 120440000.0
14600.0 0.0 1.0 66.0 0.0 0.0 0.0 60220000.0 520.0 2.0 1000.0 120440000.0
14700.0 0.0 1.0 66.0 0.0 0.0 0.0 60220000.0 512.0 2.0 1000.0 120440000.0
14800.0 0.0 1.0 64.0 0.0 0.0 0.0 60220000.0 509.0 2.0 1000.0 120440000.0
14900.0 0.0 1.0 64.0 0.0 0.0 0.0 60220000.0 496.0 2.0 1000.0 120440000.0
15000.0 0.0 1.0 61.0 0.0 0.0 0.0 60220000.0 492.0 2.0 1000.0 120440000.0
15100.0 0.0 1.0 60.0 0.0 0.0 0.0 60220000.0 487.0 2.0 1000.0 120440000.0
15200.0 0.0 1.0 57.0 0.0 0.0 0.0 60220000.0 475.0 2.0 1000.0 120440000.0
15300.0 0.0 1.0 56.0 0.0 0.0 0.0 60220000.0 466.0 2.0 1000.0 120440000.0
15400.0 0.0 1.0 56.0 0.0 0.0 0.0 60220000.0 459.0 2.0 1000.0 120440000.0
15500.0 0.0 1.0 55.0 0.0 0.0 0.0 60220000.0 451.0 2.0 1000.0 120440000.0
15600.0 0.0 1.0 54.0 0.0 0.0 0.0 60220000.0 445.0 2.0 1000.0 120440000.0
15700.0 0.0 1.0 53.0 0.0 0.0 0.0 60220000.0 434.0 2.0 1000.0 120440000.0
15800.0 0.0 1.0 51.0 0.0 0.0 0.0 60220000.0 426.0 2.0 1000.0 120440000.0
15900.0 0.0 1.0 50.0 0.0 0.0 0.0 60220000.0 417.0 2.0 1000.0 120440000.0
16000.0 0.0 1.0 48.0 0.0 0.0 0.0 60220000.0 411.0 2.0 1000.0 120440000.0
16100.0 0.0 1.0 48.0 0.0 0.0 0.0 60220000.0 404.0 2.0 1000.0 120440000.0
16200.0 0.0 1.0 48.0 0.0 0.0 0.0 60220000.0 400.0 2.0 1000.0 120440000.0
16300.0 0.0 1.0 46.0 0.0 0.0 0.0 60220000.0 393.0 2.0 1000.0 120440000.0
16400.0 0.0 1.0 45.0 0.0 0.0 0.0 60220000.0 384.0 2.0 1000.0 120440000.0
16500.0 0.0 1.0 43.0 0.0 0.0 0.0 60220000.0 379.0 2.0 1000.0 120440000.0
16600.0 0.0 1.0 42.0 0.0 0.0 0.0 60220000.0 375.0 2.0 1000.0 120440000.0
16700.0 0.0 1.0 42.0 0.0 0.0 0.0 60220000.0 367.0 2.0 1000.0 120440000.0
16800.0 0.0 1.0 42.0 0.0 0.0 0.0 60220000.0 363.0 2.0 1000.0 120440000.0
16900.0 0.0 1.0 42.0 0.0 0.0 0.0 60220000.0 353.0 2.0 1000.0 120440000.0
17000.0 0.0 1.0 42.0 0.0 0.0 0.0 60220000.0 347.0 2.0 1000.0 120440000.0
17100.0 0.0 1.0 42.0 0.0 0.0 0.0 60220000.0 345.0 2.0 1000.0 120440000.0
17200.0 0.0 1.0 41.0 0.0 0.0 0.0 60220000.0 341.0 2.0 1000.0 120440000.0
17300.0 0.0 1.0 41.0 0.0 0.0 0.0 60220000.0 336.0 2.0 1000.0 120440000.0
17400.0 0.0 1.0 39.0 0.0 0.0 0.0 60220000.0 331.0 2.0 1000.0 120440000.0
17500.0 0.0 1.0 39.0 0.0 0.0 0.0 60220000.0 325.0 2.0 1000.0 120440000.0
17600.0 0.0 1.0 39.0 0.0 0.0 0.0 60220000.0 319.0 2.0 1000.0 120440000.0
17700.0 0.0 1.0 39.0 0.0 0.0 0.0 60220000.0 316.0 2.0 1000.0 120440000.0
17800.0 0.0 1.0 39.0 0.0 0.0 0.0 60220000.0 310.0 2.0 1000.0 120440000.0
17900.0 0.0 1.0 38.0 0.0 0.0 0.0 60220000.0 307.0 2.0 1000.0 120440000.0
18000.0 0.0 1.0 38.0 0.0 0.0 0.0 60220000.0 302.0 2.0 1000.0 120440000.0
18100.0 0.0 1.0 38.0 0.0 0.0 0.0 60220000.0 297.0 2.0 1000.0 120440000.0
18200.0 0.0 1.0 38.0 0.0 0.0 0.0 60220000.0 292.0 2.0 1000.0 120440000.0
18300.0 0.0 1.0 38.0 0.0 0.0 0.0 60220000.0 286.0 2.0 1000.0 120440000.0
18400.0 0.0 1.0 36.0 0.0 0.0 0.0 60220000.0 284.0 2.0 1000.0 120440000.0
18500.0 0.0 1.0 35.0 0.0 0.0 0.0 60220000.0 282.0 2.0 1000.0 120440000.0
18600.0 0.0 1.0 34.0 0.0 0.0 0.0 60220000.0 279.0 2.0 1000.0 120440000.0
18700.0 0.0 1.0 31.0 0.0 0.0 0.0 60220000.0 275.0 2.0 1000.0 120440000.0
18800.0 0.0 1.0 30.0 0.0 0.0 0.0 60220000.0 273.0 2.0 1000.0 120440000.0
18900.0 0.0 1.0 30.0 0.0 0.0 0.0 60220000.0 267.0 2.0 1000.0 120440000.0
19000.0 0.0 1.0 29.0 0.0 0.0 0.0 60220000.0 264.0 2.0 1000.0 120440000.0
19100.0 0.0 1.0 29.0 0.0 0.0 0.0 60220000.0 264.0 2.0 1000.0 120440000.0
19200.0 0.0 1.0 28.0 0.0 0.0 0.0 60220000.0 261.0 2.0 1000.0 120440000.0
19300.0 0.0 1.0 28.0 0.0 0.0 0.0 60220000.0 257.0 2.0 1000.0 120440000.0
19400.0 0.0 1.0 28.0 0.0 0.0 0.0 60220000.0 254.0 2.0 1000.0 120440000.0
19500.0 0.0 1.0 28.0 0.0 0.0 0.0 60220000.0 253.0 2.0 1000.0 120440000.0
19600.0 0.0 1.0 27.0 0.0 0.0 0.0 60220000.0 247.0 2.0 1000.0 120440000.0
19700.0 0.0 1.0 27.0 0.0 0.0 0.0 60220000.0 243.0 2.0 1000.0 120440000.0
19800.0 0.0 1.0 27.0 0.0 0.0 0.0 60220000.0 239.0 2.0 1000.0 120440000.0
19900.0 0.0 1.0 26.0 0.0 0.0 0.0 60220000.0 238.0 2.0 1000.0 120440000.0
