time rna_M monomer_betaGal protein_betaGal Lactose_external Lactose_internal Glucose_external Glucose_internal protein_Lactose_Permease dna_Lac_Operon Biomass Lactose_consumed
0.0 0.0 0.0 0.0 120440000.0 0.0 60220000.0 0.0 0.0 2.0 1000.0 0.0
100.0 0.0 0.0 0.0 120440000.0 0.0 30122370.0 30097630.0 0.0 2.0 1000.0 0.0
200.0 0.0 0.0 0.0 120440000.0 0.0 83503.0 60136497.0 0.0 2.0 1000.0 0.0
300.0 0.0 0.0 0.0 120440000.0 0.0 0.0 60220000.0 0.0 2.0 1000.0 0.0
400.0 0.0 0.0 0.0 120440000.0 0.0 0.0 60220000.0 0.0 2.0 1000.0 0.0
500.0 0.0 0.0 0.0 120440000.0 0.0 0.0 60220000.0 0.0 2.0 1000.0 0.0
600.0 0.0 0.0 0.0 120440000.0 0.0 0.0 60220000.0 0.0 2.0 1000.0 0.0
700.0 0.0 0.0 0.0 120440000.0 0.0 0.0 60220000.0 0.0 2.0 1000.0 0.0
800.0 0.0 0.0 0.0 120440000.0 0.0 0.0 60220000.0 0.0 2.0 1000.0 0.0
900.0 0.0 0.0 0.0 120440000.0 0.0 0.0 60220000.0 0.0 2.0 1000.0 0.0
1000.0 0.0 0.0 0.0 120440000.0 0.0 0.0 60220000.0 0.0 2.0 1000.0 0.0
1100.0 0.0 0.0 0.0 120440000.0 0.0 0.0 60220000.0 0.0 2.0 1000.0 0.0
1200.0 0.0 0.0 0.0 120440000.0 0.0 0.0 60220000.0 0.0 2.0 1000.0 0.0
1300.0 0.0 0.0 0.0 120440000.0 0.0 0.0 60220000.0 0.0 2.0 1000.0 0.0
1400.0 0.0 0.0 0.0 120440000.0 0.0 0.0 60220000.0 0.0 2.0 1000.0 0.0
1500.0 0.0 0.0 0.0 120440000.0 0.0 0.0 60220000.0 0.0 2.0 1000.0 0.0
1600.0 0.0 0.0 0.0 120440000.0 0.0 0.0 60220000.0 0.0 2.0 1000.0 0.0
1700.0 0.0 0.0 0.0 120440000.0 0.0 0.0 60220000.0 0.0 2.0 1000.0 0.0
1800.0 0.0 0.0 0.0 120440000.0 0.0 0.0 60220000.0 0.0 2.0 1000.0 0.0
1900.0 0.0 0.0 0.0 120440000.0 0.0 0.0 60220000.0 0.0 2.0 1000.0 0.0
2000.0 0.0 0.0 0.0 120440000.0 0.0 0.0 60220000.0 0.0 2.0 1000.0 0.0
2100.0 0.0 0.0 0.0 120440000.0 0.0 0.0 60220000.0 0.0 2.0 1000.0 0.0
2200.0 1.0 1.0 0.0 120438972.0 1028.0 0.0 60220000.0 5.0 2.0 1000.0 0.0
2300.0 1.0 2.0 4.0 120358691.0 63298.0 0.0 60220000.0 42.0 2.0 1000.0 18011.0
2400.0 2.0 1.0 11.0 120114260.0 162000.0 0.0 60220000.0 97.0 2.0 1000.0 163740.0
2500.0 1.0 2.0 16.0 119702230.0 272184.0 0.0 60220000.0 135.0 2.0 1000.0 465586.0
2600.0 1.0 3.0 19.0 119166053.0 388608.0 0.0 60220000.0 162.0 2.0 1000.0 885339.0
2700.0 0.0 0.0 21.0 118567768.0 466006.0 0.0 60220000.0 167.0 2.0 1000.0 1406226.0
2800.0 0.0 0.0 21.0 117975594.0 520838.0 0.0 60220000.0 164.0 2.0 1000.0 1943568.0
2900.0 0.0 0.0 21.0 117394149.0 557811.0 0.0 60220000.0 160.0 2.0 1000.0 2488040.0
3000.0 0.0 0.0 20.0 116823916.0 596699.0 0.0 60220000.0 158.0 2.0 1000.0 3019385.0
3100.0 0.0 0.0 20.0 116267275.0 625686.0 0.0 60220000.0 155.0 2.0 1000.0 3547039.0
3200.0 0.0 0.0 20.0 115715388.0 648285.0 0.0 60220000.0 154.0 2.0 1000.0 4076327.0
3300.0 0.0 0.0 20.0 115169893.0 661335.0 0.0 60220000.0 150.0 2.0 1000.0 4608772.0
3400.0 0.0 0.0 20.0 114640656.0 659513.0 0.0 60220000.0 147.0 2.0 1000.0 5139831.0
3500.0 0.0 0.0 19.0 114122316.0 660851.0 0.0 60220000.0 143.0 2.0 1000.0 5656833.0
3600.0 0.0 0.0 19.0 113619418.0 658727.0 0.0 60220000.0 140.0 2.0 1000.0 6161855.0
3700.0 0.0 0.0 19.0 113129210.0 645307.0 0.0 60220000.0 135.0 2.0 1000.0 6665483.0
3800.0 0.0 0.0 19.0 112652638.0 618992.0 0.0 60220000.0 132.0 2.0 1000.0 7168370.0
3900.0 0.0 0.0 18.0 112181348.0 596044.0 0.0 60220000.0 132.0 2.0 1000.0 7662608.0
4000.0 0.0 0.0 18.0 111719009.0 584805.0 0.0 60220000.0 129.0 2.0 1000.0 8136186.0
4100.0 0.0 0.0 18.0 111257722.0 574548.0 0.0 60220000.0 129.0 2.0 1000.0 8607730.0
4200.0 0.0 0.0 18.0 110798039.0 564243.0 0.0 60220000.0 127.0 2.0 1000.0 9077718.0
4300.0 0.0 0.0 17.0 110346912.0 548746.0 0.0 60220000.0 125.0 2.0 1000.0 9544342.0
4400.0 1.0 1.0 19.0 109885114.0 556402.0 0.0 60220000.0 138.0 2.0 1000.0 9998484.0
4500.0 0.0 2.0 22.0 109347052.0 558136.0 0.0 60220000.0 161.0 2.0 1000.0 10534812.0
4600.0 0.0 2.0 20.0 108783323.0 586839.0 0.0 60220000.0 156.0 2.0 1000.0 11069838.0
4700.0 0.0 2.0 19.0 108228503.0 637834.0 0.0 60220000.0 155.0 2.0 1000.0 11573663.0
4800.0 0.0 2.0 19.0 107678915.0 682166.0 0.0 60220000.0 153.0 2.0 1000.0 12078919.0
4900.0 0.0 2.0 18.0 107134322.0 735452.0 0.0 60220000.0 153.0 2.0 1000.0 12570226.0
5000.0 0.0 2.0 18.0 106593258.0 791092.0 0.0 60220000.0 150.0 2.0 1000.0 13055650.0
5100.0 0.0 2.0 18.0 106066636.0 828525.0 0.0 60220000.0 147.0 2.0 1000.0 13544839.0
5200.0 0.0 2.0 16.0 105547845.0 876390.0 0.0 60220000.0 145.0 2.0 1000.0 14015765.0
5300.0 0.0 2.0 16.0 105033956.0 950322.0 0.0 60220000.0 143.0 2.0 1000.0 14455722.0
5400.0 0.0 2.0 16.0 104528023.0 1013894.0 0.0 60220000.0 140.0 2.0 1000.0 14898083.0
5500.0 0.0 2.0 16.0 104034382.0 1063419.0 0.0 60220000.0 138.0 2.0 1000.0 15342199.0
5600.0 0.0 2.0 16.0 103546786.0 1105485.0 0.0 60220000.0 136.0 2.0 1000.0 15787729.0
5700.0 0.0 2.0 16.0 103067190.0 1139881.0 0.0 60220000.0 134.0 2.0 1000.0 16232929.0
5800.0 0.0 1.0 20.0 102557513.0 1155905.0 0.0 60220000.0 153.0 2.0 1000.0 16726582.0
5900.0 0.0 1.0 19.0 102015129.0 1141653.0 0.0 60220000.0 150.0 2.0 1000.0 17283218.0
6000.0 0.0 1.0 19.0 101484692.0 1141521.0 0.0 60220000.0 148.0 2.0 1000.0 17813787.0
6100.0 1.0 2.0 20.0 100963293.0 1130740.0 0.0 60220000.0 155.0 2.0 1000.0 18345967.0
6200.0 0.0 3.0 20.0 100412872.0 1123160.0 0.0 60220000.0 154.0 2.0 1000.0 18903968.0
6300.0 0.0 3.0 20.0 99865025.0 1112174.0 0.0 60220000.0 153.0 2.0 1000.0 19462801.0
6400.0 0.0 3.0 19.0 99338832.0 1097023.0 0.0 60220000.0 146.0 2.0 1000.0 20004145.0
6500.0 1.0 2.0 21.0 98813822.0 1064175.0 0.0 60220000.0 156.0 2.0 1000.0 20562003.0
6600.0 0.0 0.0 23.0 98219819.0 1033558.0 0.0 60220000.0 169.0 2.0 1000.0 21186623.0
6700.0 0.0 0.0 23.0 97620113.0 995785.0 0.0 60220000.0 166.0 2.0 1000.0 21824102.0
6800.0 0.0 0.0 22.0 97043344.0 962441.0 0.0 60220000.0 159.0 2.0 1000.0 22434215.0
6900.0 0.0 0.0 21.0 96479094.0 944489.0 0.0 60220000.0 157.0 2.0 1000.0 23016417.0
7000.0 0.0 0.0 20.0 95922539.0 926726.0 0.0 60220000.0 154.0 2.0 1000.0 23590735.0
7100.0 0.0 0.0 20.0 95380107.0 920067.0 0.0 60220000.0 150.0 2.0 1000.0 24139826.0
7200.0 0.0 0.0 19.0 94846182.0 928405.0 0.0 60220000.0 149.0 2.0 1000.0 24665413.0
7300.0 0.0 0.0 19.0 94318716.0 933156.0 0.0 60220000.0 147.0 2.0 1000.0 25188128.0
7400.0 0.0 0.0 19.0 93800187.0 929473.0 0.0 60220000.0 144.0 2.0 1000.0 25710340.0
7500.0 0.0 0.0 19.0 93289116.0 919172.0 0.0 60220000.0 141.0 2.0 1000.0 26231712.0
7600.0 0.0 0.0 19.0 92787985.0 899978.0 0.0 60220000.0 139.0 2.0 1000.0 26752037.0
7700.0 0.0 0.0 19.0 92298443.0 868947.0 0.0 60220000.0 137.0 2.0 1000.0 27272610.0
7800.0 0.0 0.0 19.0 91812567.0 836185.0 0.0 60220000.0 134.0 2.0 1000.0 27791248.0
7900.0 0.0 0.0 19.0 91338074.0 794081.0 0.0 60220000.0 132.0 2.0 1000.0 28307845.0
8000.0 0.0 0.0 18.0 90867880.0 762989.0 0.0 60220000.0 131.0 2.0 1000.0 28809131.0
8100.0 0.0 0.0 18.0 90406131.0 739070.0 0.0 60220000.0 129.0 2.0 1000.0 29294799.0
8200.0 0.0 0.0 18.0 89949756.0 712030.0 0.0 60220000.0 128.0 2.0 1000.0 29778214.0
8300.0 0.0 0.0 18.0 89499871.0 680193.0 0.0 60220000.0 125.0 2.0 1000.0 30259936.0
8400.0 0.0 0.0 18.0 89058856.0 641837.0 0.0 60220000.0 122.0 2.0 1000.0 30739307.0
8500.0 0.0 0.0 18.0 88623072.0 603653.0 0.0 60220000.0 122.0 2.0 1000.0 31213275.0
8600.0 0.0 0.0 18.0 88188623.0 565927.0 0.0 60220000.0 120.0 2.0 1000.0 31685450.0
8700.0 0.0 0.0 17.0 87768743.0 541493.0 0.0 60220000.0 116.0 2.0 1000.0 32129764.0
8800.0 0.0 0.0 16.0 87354396.0 517602.0 0.0 60220000.0 116.0 2.0 1000.0 32568002.0
8900.0 0.0 0.0 16.0 86944783.0 514409.0 0.0 60220000.0 114.0 2.0 1000.0 32980808.0
9000.0 0.0 0.0 16.0 86548312.0 498980.0 0.0 60220000.0 108.0 2.0 1000.0 33392708.0
9100.0 0.0 0.0 16.0 86163980.0 475020.0 0.0 60220000.0 107.0 2.0 1000.0 33801000.0
9200.0 0.0 0.0 16.0 85784912.0 447818.0 0.0 60220000.0 106.0 2.0 1000.0 34207270.0
9300.0 0.0 0.0 15.0 85406495.0 435907.0 0.0 60220000.0 106.0 2.0 1000.0 34597598.0
9400.0 0.0 0.0 15.0 85040719.0 424515.0 0.0 60220000.0 102.0 2.0 1000.0 34974766.0
9500.0 0.0 0.0 15.0 84676609.0 413524.0 0.0 60220000.0 101.0 2.0 1000.0 35349867.0
9600.0 0.0 0.0 15.0 84317178.0 399098.0 0.0 60220000.0 100.0 2.0 1000.0 35723724.0
9700.0 0.0 0.0 15.0 83968846.0 377239.0 0.0 60220000.0 97.0 2.0 1000.0 36093915.0
9800.0 0.0 0.0 15.0 83624616.0 355435.0 0.0 60220000.0 96.0 2.0 1000.0 36459949.0
9900.0 0.0 0.0 15.0 83281982.0 337340.0 0.0 60220000.0 96.0 2.0 1000.0 36820678.0
10000.0 0.0 0.0 15.0 82941536.0 319782.0 0.0 60220000.0 94.0 2.0 1000.0 37178682.0
10100.0 0.0 0.0 15.0 82611741.0 296423.0 0.0 60220000.0 90.0 2.0 1000.0 37531836.0
10200.0 0.0 0.0 15.0 82290308.0 271099.0 0.0 60220000.0 90.0 2.0 1000.0 37878593.0
10300.0 0.0 0.0 15.0 81971998.0 249854.0 0.0 60220000.0 88.0 2.0 1000.0 38218148.0
10400.0 0.0 0.0 15.0 81662624.0 227657.0 0.0 60220000.0 86.0 2.0 1000.0 38549719.0
10500.0 0.0 0.0 15.0 81355987.0 209592.0 0.0 60220000.0 86.0 2.0 1000.0 38874421.0
10600.0 0.0 0.0 15.0 81049013.0 197672.0 0.0 60220000.0 86.0 2.0 1000.0 39193315.0
10700.0 0.0 0.0 15.0 80746498.0 186744.0 0.0 60220000.0 84.0 2.0 1000.0 39506758.0
10800.0 0.0 0.0 15.0 80447177.0 178493.0 0.0 60220000.0 83.0 2.0 1000.0 39814330.0
10900.0 0.0 0.0 15.0 80155854.0 166725.0 0.0 60220000.0 81.0 2.0 1000.0 40117421.0
11000.0 0.0 0.0 15.0 79871147.0 155663.0 0.0 60220000.0 78.0 2.0 1000.0 40413190.0
11100.0 0.0 0.0 14.0 79594884.0 150462.0 0.0 60220000.0 77.0 2.0 1000.0 40694654.0
11200.0 0.0 0.0 14.0 79321111.0 153791.0 0.0 60220000.0 76.0 2.0 1000.0 40965098.0
11300.0 0.0 0.0 13.0 79050295.0 166552.0 0.0 60220000.0 75.0 2.0 1000.0 41223153.0
11400.0 0.0 0.0 13.0 78789501.0 167853.0 0.0 60220000.0 73.0 2.0 1000.0 41482646.0
11500.0 0.0 0.0 13.0 78528497.0 169328.0 0.0 60220000.0 73.0 2.0 1000.0 41742175.0
11600.0 0.0 0.0 13.0 78268408.0 168090.0 0.0 60220000.0 72.0 2.0 1000.0 42003502.0
11700.0 0.0 0.0 13.0 78016302.0 160696.0 0.0 60220000.0 69.0 2.0 1000.0 42263002.0
11800.0 0.0 0.0 13.0 77775605.0 148243.0 0.0 60220000.0 67.0 2.0 1000.0 42516152.0
11900.0 0.0 0.0 13.0 77537279.0 140319.0 0.0 60220000.0 66.0 2.0 1000.0 42762402.0
12000.0 0.0 0.0 13.0 77303024.0 133639.0 0.0 60220000.0 65.0 2.0 1000.0 43003337.0
12100.0 0.0 0.0 13.0 77071694.0 127335.0 0.0 60220000.0 64.0 2.0 1000.0 43240971.0
12200.0 1.0 1.0 14.0 76836175.0 129231.0 0.0 60220000.0 78.0 2.0 1000.0 43474594.0
12300.0 1.0 0.0 19.0 76515032.0 146276.0 0.0 60220000.0 101.0 2.0 1000.0 43778692.0
12400.0 0.0 2.0 21.0 76123690.0 148014.0 0.0 60220000.0 112.0 2.0 1000.0 44168296.0
12500.0 0.0 2.0 21.0 75724215.0 147213.0 0.0 60220000.0 112.0 2.0 1000.0 44568572.0
12600.0 0.0 2.0 21.0 75325700.0 146034.0 0.0 60220000.0 110.0 2.0 1000.0 44968266.0
12700.0 0.0 2.0 21.0 74934755.0 140267.0 0.0 60220000.0 109.0 2.0 1000.0 45364978.0
12800.0 0.0 2.0 19.0 74550392.0 150020.0 0.0 60220000.0 106.0 2.0 1000.0 45739588.0
12900.0 0.0 2.0 19.0 74175363.0 156378.0 0.0 60220000.0 105.0 2.0 1000.0 46108259.0
13000.0 0.0 2.0 19.0 73805363.0 156144.0 0.0 60220000.0 103.0 2.0 1000.0 46478493.0
13100.0 0.0 2.0 18.0 73440799.0 156743.0 0.0 60220000.0 102.0 2.0 1000.0 46842458.0
13200.0 0.0 2.0 18.0 73087004.0 157236.0 0.0 60220000.0 97.0 2.0 1000.0 47195760.0
13300.0 0.0 2.0 17.0 72748368.0 150289.0 0.0 60220000.0 93.0 2.0 1000.0 47541343.0
13400.0 0.0 2.0 17.0 72425021.0 146863.0 0.0 60220000.0 89.0 2.0 1000.0 47868116.0
13500.0 0.0 2.0 16.0 72110862.0 141871.0 0.0 60220000.0 87.0 2.0 1000.0 48187267.0
13600.0 0.0 2.0 16.0 71806417.0 144875.0 0.0 60220000.0 85.0 2.0 1000.0 48488708.0
13700.0 0.0 2.0 16.0 71506398.0 143222.0 0.0 60220000.0 84.0 2.0 1000.0 48790380.0
13800.0 0.0 2.0 16.0 71210982.0 138105.0 0.0 60220000.0 82.0 2.0 1000.0 49090913.0
13900.0 0.0 2.0 16.0 70921548.0 131505.0 0.0 60220000.0 81.0 2.0 1000.0 49386947.0
14000.0 0.0 2.0 16.0 70635552.0 126433.0 0.0 60220000.0 80.0 2.0 1000.0 49678015.0
14100.0 0.0 2.0 16.0 70350496.0 123598.0 0.0 60220000.0 79.0 2.0 1000.0 49965906.0
14200.0 0.0 2.0 16.0 70068385.0 121584.0 0.0 60220000.0 79.0 2.0 1000.0 50250031.0
14300.0 0.0 2.0 16.0 69787981.0 120035.0 0.0 60220000.0 78.0 2.0 1000.0 50531984.0
14400.0 1.0 2.0 17.0 69483484.0 137175.0 0.0 60220000.0 100.0 2.0 1000.0 50819341.0
14500.0 0.0 0.0 18.0 69105560.0 167720.0 0.0 60220000.0 105.0 2.0 1000.0 51166720.0
14600.0 0.0 0.0 18.0 68730985.0 178962.0 0.0 60220000.0 104.0 2.0 1000.0 51530053.0
14700.0 0.0 0.0 17.0 68359307.0 191372.0 0.0 60220000.0 104.0 2.0 1000.0 51889321.0
14800.0 0.0 0.0 17.0 67994663.0 199417.0 0.0 60220000.0 101.0 2.0 1000.0 52245920.0
14900.0 0.0 0.0 16.0 67637329.0 212905.0 0.0 60220000.0 100.0 2.0 1000.0 52589766.0
15000.0 0.0 0.0 15.0 67279843.0 238122.0 0.0 60220000.0 100.0 2.0 1000.0 52922035.0
15100.0 0.0 0.0 15.0 66927355.0 253977.0 0.0 60220000.0 98.0 2.0 1000.0 53258668.0
15200.0 0.0 0.0 14.0 66583387.0 272624.0 0.0 60220000.0 95.0 2.0 1000.0 53583989.0
15300.0 0.0 0.0 13.0 66247977.0 302331.0 0.0 60220000.0 93.0 2.0 1000.0 53889692.0
15400.0 0.0 0.0 13.0 65921429.0 321785.0 0.0 60220000.0 91.0 2.0 1000.0 54196786.0
15500.0 0.0 0.0 13.0 65598415.0 334175.0 0.0 60220000.0 90.0 2.0 1000.0 54507410.0
15600.0 0.0 0.0 12.0 65285557.0 351642.0 0.0 60220000.0 85.0 2.0 1000.0 54802801.0
15700.0 0.0 0.0 12.0 64983688.0 362869.0 0.0 60220000.0 83.0 2.0 1000.0 55093443.0
15800.0 0.0 0.0 12.0 64691089.0 362472.0 0.0 60220000.0 82.0 2.0 1000.0 55386439.0
15900.0 0.0 0.0 11.0 64400093.0 376416.0 0.0 60220000.0 80.0 2.0 1000.0 55663491.0
16000.0 0.0 0.0 11.0 64121529.0 384186.0 0.0 60220000.0 76.0 2.0 1000.0 55934285.0
16100.0 0.0 0.0 11.0 63854741.0 380264.0 0.0 60220000.0 73.0 2.0 1000.0 56204995.0
16200.0 0.0 0.0 11.0 63598450.0 367466.0 0.0 60220000.0 71.0 2.0 1000.0 56474084.0
16300.0 0.0 0.0 11.0 63345204.0 353148.0 0.0 60220000.0 71.0 2.0 1000.0 56741648.0
16400.0 0.0 0.0 11.0 63096148.0 336625.0 0.0 60220000.0 70.0 2.0 1000.0 57007227.0
16500.0 0.0 0.0 10.0 62849335.0 337570.0 0.0 60220000.0 68.0 2.0 1000.0 57253095.0
16600.0 0.0 0.0 10.0 62612007.0 334554.0 0.0 60220000.0 65.0 2.0 1000.0 57493439.0
16700.0 0.0 0.0 10.0 62380214.0 327067.0 0.0 60220000.0 64.0 2.0 1000.0 57732719.0
16800.0 0.0 0.0 10.0 62152779.0 316867.0 0.0 60220000.0 64.0 2.0 1000.0 57970354.0
16900.0 0.0 0.0 10.0 61926729.0 307020.0 0.0 60220000.0 63.0 2.0 1000.0 58206251.0
17000.0 0.0 0.0 10.0 61706160.0 293123.0 0.0 60220000.0 61.0 2.0 1000.0 58440717.0
17100.0 0.0 0.0 10.0 61488528.0 278990.0 0.0 60220000.0 61.0 2.0 1000.0 58672482.0
17200.0 0.0 0.0 10.0 61276051.0 262440.0 0.0 60220000.0 59.0 2.0 1000.0 58901509.0
17300.0 0.0 0.0 10.0 61067451.0 246286.0 0.0 60220000.0 58.0 2.0 1000.0 59126263.0
17400.0 0.0 0.0 10.0 60864168.0 227896.0 0.0 60220000.0 57.0 2.0 1000.0 59347936.0
17500.0 0.0 0.0 10.0 60662998.0 212100.0 0.0 60220000.0 56.0 2.0 1000.0 59564902.0
17600.0 0.0 0.0 10.0 60466861.0 196330.0 0.0 60220000.0 54.0 2.0 1000.0 59776809.0
17700.0 0.0 0.0 9.0 60274534.0 189456.0 0.0 60220000.0 53.0 2.0 1000.0 59976010.0
17800.0 0.0 0.0 9.0 60085571.0 191186.0 0.0 60220000.0 53.0 2.0 1000.0 60163243.0
17900.0 0.0 0.0 8.0 59896648.0 209879.0 0.0 60220000.0 53.0 2.0 1000.0 60333473.0
18000.0 0.0 0.0 8.0 59707133.0 225924.0 0.0 60220000.0 52.0 2.0 1000.0 60506943.0
18100.0 0.0 0.0 8.0 59521676.0 235711.0 0.0 60220000.0 52.0 2.0 1000.0 60682613.0
18200.0 0.0 0.0 8.0 59338176.0 241890.0 0.0 60220000.0 51.0 2.0 1000.0 60859934.0
18300.0 0.0 0.0 8.0 59156361.0 245524.0 0.0 60220000.0 50.0 2.0 1000.0 61038115.0
18400.0 0.0 0.0 8.0 58978052.0 245419.0 0.0 60220000.0 50.0 2.0 1000.0 61216529.0
18500.0 0.0 0.0 7.0 58799351.0 256545.0 0.0 60220000.0 50.0 2.0 1000.0 61384104.0
18600.0 0.0 0.0 7.0 58624155.0 272266.0 0.0 60220000.0 48.0 2.0 1000.0 61543579.0
18700.0 0.0 0.0 7.0 58452925.0 282224.0 0.0 60220000.0 48.0 2.0 1000.0 61704851.0
18800.0 0.0 0.0 7.0 58286648.0 286178.0 0.0 60220000.0 46.0 2.0 1000.0 61867174.0
18900.0 0.0 0.0 7.0 58122976.0 287684.0 0.0 60220000.0 46.0 2.0 1000.0 62029340.0
19000.0 0.0 0.0 7.0 57959053.0 289325.0 0.0 60220000.0 46.0 2.0 1000.0 62191622.0
19100.0 0.0 0.0 7.0 57796845.0 288907.0 0.0 60220000.0 45.0 2.0 1000.0 62354248.0
19200.0 0.0 0.0 6.0 57636504.0 302398.0 0.0 60220000.0 45.0 2.0 1000.0 62501098.0
19300.0 0.0 0.0 6.0 57475986.0 321581.0 0.0 60220000.0 45.0 2.0 1000.0 62642433.0
19400.0 0.0 0.0 6.0 57315365.0 339028.0 0.0 60220000.0 45.0 2.0 1000.0 62785607.0
19500.0 0.0 0.0 6.0 57159906.0 349512.0 0.0 60220000.0 43.0 2.0 1000.0 62930582.0
19600.0 0.0 0.0 6.0 57006788.0 357664.0 0.0 60220000.0 43.0 2.0 1000.0 63075548.0
19700.0 0.0 0.0 6.0 56853836.0 364625.0 0.0 60220000.0 43.0 2.0 1000.0 63221539.0
19800.0 0.0 0.0 6.0 56703654.0 368545.0 0.0 60220000.0 42.0 2.0 1000.0 63367801.0
19900.0 0.0 0.0 6.0 56554088.0 371348.0 0.0 60220000.0 42.0 2.0 1000.0 63514564.0
