time rna_M monomer_betaGal protein_betaGal Lactose_external Lactose_internal Glucose_external Glucose_internal protein_Lactose_Permease dna_Lac_Operon Biomass Lactose_consumed
0.0 0.0 0.0 0.0 120440000.0 0.0 60220000.0 0.0 0.0 2.0 1000.0 0.0
100.0 0.0 0.0 0.0 120440000.0 0.0 30127822.0 30092178.0 0.0 2.0 1000.0 0.0
200.0 0.0 0.0 0.0 120440000.0 0.0 83001.0 60136999.0 0.0 2.0 1000.0 0.0
300.0 0.0 0.0 0.0 120440000.0 0.0 0.0 60220000.0 0.0 2.0 1000.0 0.0
400.0 0.0 0.0 0.0 120440000.0 0.0 0.0 60220000.0 0.0 2.0 1000.0 0.0
500.0 0.0 0.0 0.0 120440000.0 0.0 0.0 60220000.0 0.0 2.0 1000.0 0.0
600.0 0.0 0.0 0.0 120440000.0 0.0 0.0 60220000.0 0.0 2.0 1000.0 0.0
700.0 1.0 1.0 0.0 120438754.0 1246.0 0.0 60220000.0 4.0 2.0 1000.0 0.0
800.0 1.0 0.0 5.0 120395207.0 32348.0 0.0 60220000.0 22.0 2.0 1000.0 12445.0
900.0 0.0 0.0 5.0 120301749.0 68871.0 0.0 60220000.0 26.0 2.0 1000.0 69380.0
1000.0 0.0 0.0 5.0 120212456.0 86018.0 0.0 60220000.0 24.0 2.0 1000.0 141526.0
1100.0 1.0 1.0 6.0 120119789.0 99658.0 0.0 60220000.0 33.0 2.0 1000.0 220553.0
1200.0 0.0 0.0 7.0 119975392.0 126040.0 0.0 60220000.0 41.0 2.0 1000.0 338568.0
1300.0 0.0 0.0 7.0 119828907.0 143524.0 0.0 60220000.0 41.0 2.0 1000.0 467569.0
1400.0 0.0 0.0 6.0 119682900.0 155196.0 0.0 60220000.0 41.0 2.0 1000.0 601904.0
1500.0 0.0 0.0 6.0 119538257.0 179915.0 0.0 60220000.0 40.0 2.0 1000.0 721828.0
1600.0 0.0 0.0 6.0 119401300.0 193166.0 0.0 60220000.0 38.0 2.0 1000.0 845534.0
1700.0 0.0 0.0 5.0 119265893.0 203239.0 0.0 60220000.0 37.0 2.0 1000.0 970868.0
1800.0 0.0 0.0 5.0 119133597.0 227645.0 0.0 60220000.0 37.0 2.0 1000.0 1078758.0
1900.0 0.0 0.0 5.0 119003466.0 247388.0 0.0 60220000.0 36.0 2.0 1000.0 1189146.0
2000.0 0.0 0.0 5.0 118876282.0 261420.0 0.0 60220000.0 35.0 2.0 1000.0 1302298.0
2100.0 0.0 0.0 5.0 118751506.0 272189.0 0.0 60220000.0 35.0 2.0 1000.0 1416305.0
2200.0 0.0 0.0 5.0 118628294.0 280531.0 0.0 60220000.0 34.0 2.0 1000.0 1531175.0
2300.0 0.0 0.0 5.0 118507147.0 286228.0 0.0 60220000.0 34.0 2.0 1000.0 1646625.0
2400.0 0.0 0.0 5.0 118387391.0 289925.0 0.0 60220000.0 33.0 2.0 1000.0 1762684.0
2500.0 0.0 0.0 5.0 118269484.0 292102.0 0.0 60220000.0 33.0 2.0 1000.0 1878414.0
2600.0 0.0 0.0 5.0 118151862.0 293331.0 0.0 60220000.0 33.0 2.0 1000.0 1994807.0
2700.0 0.0 0.0 5.0 118034987.0 292828.0 0.0 60220000.0 32.0 2.0 1000.0 2112185.0
2800.0 0.0 0.0 5.0 117920793.0 290477.0 0.0 60220000.0 32.0 2.0 1000.0 2228730.0
2900.0 0.0 0.0 4.0 117806535.0 300607.0 0.0 60220000.0 32.0 2.0 1000.0 2332858.0
3000.0 0.0 0.0 4.0 117691677.0 321164.0 0.0 60220000.0 32.0 2.0 1000.0 2427159.0
3100.0 0.0 0.0 4.0 117577394.0 339833.0 0.0 60220000.0 32.0 2.0 1000.0 2522773.0
3200.0 0.0 0.0 4.0 117462756.0 357665.0 0.0 60220000.0 32.0 2.0 1000.0 2619579.0
3300.0 0.0 0.0 4.0 117348412.0 374075.0 0.0 60220000.0 32.0 2.0 1000.0 2717513.0
3400.0 0.0 0.0 4.0 117236762.0 387989.0 0.0 60220000.0 31.0 2.0 1000.0 2815249.0
3500.0 0.0 0.0 4.0 117129275.0 396941.0 0.0 60220000.0 30.0 2.0 1000.0 2913784.0
3600.0 0.0 0.0 4.0 117022608.0 404426.0 0.0 60220000.0 30.0 2.0 1000.0 3012966.0
3700.0 0.0 0.0 4.0 116915079.0 412428.0 0.0 60220000.0 30.0 2.0 1000.0 3112493.0
3800.0 0.0 0.0 4.0 116810782.0 416921.0 0.0 60220000.0 29.0 2.0 1000.0 3212297.0
3900.0 0.0 0.0 4.0 116709249.0 419043.0 0.0 60220000.0 28.0 2.0 1000.0 3311708.0
4000.0 0.0 0.0 4.0 116609241.0 418895.0 0.0 60220000.0 28.0 2.0 1000.0 3411864.0
4100.0 0.0 0.0 4.0 116509309.0 418955.0 0.0 60220000.0 28.0 2.0 1000.0 3511736.0
4200.0 0.0 0.0 4.0 116410502.0 417456.0 0.0 60220000.0 27.0 2.0 1000.0 3612042.0
4300.0 0.0 0.0 4.0 116313970.0 414167.0 0.0 60220000.0 27.0 2.0 1000.0 3711863.0
4400.0 1.0 3.0 8.0 116184051.0 411041.0 0.0 60220000.0 54.0 2.0 1000.0 3844908.0
4500.0 1.0 1.0 13.0 115919487.0 394224.0 0.0 60220000.0 88.0 2.0 1000.0 4126289.0
4600.0 1.0 0.0 18.0 115558526.0 379735.0 0.0 60220000.0 110.0 2.0 1000.0 4501739.0
4700.0 1.0 0.0 24.0 115075288.0 371028.0 0.0 60220000.0 155.0 2.0 1000.0 4993684.0
4800.0 0.0 1.0 26.0 114474427.0 357950.0 0.0 60220000.0 175.0 2.0 1000.0 5607623.0
4900.0 1.0 2.0 27.0 113849015.0 362464.0 0.0 60220000.0 183.0 2.0 1000.0 6228521.0
5000.0 0.0 2.0 29.0 113166551.0 351045.0 0.0 60220000.0 194.0 2.0 1000.0 6922404.0
5100.0 0.0 2.0 28.0 112474252.0 359043.0 0.0 60220000.0 193.0 2.0 1000.0 7606705.0
5200.0 0.0 2.0 27.0 111792198.0 378995.0 0.0 60220000.0 187.0 2.0 1000.0 8268807.0
5300.0 0.0 2.0 27.0 111129611.0 379608.0 0.0 60220000.0 184.0 2.0 1000.0 8930781.0
5400.0 0.0 2.0 26.0 110477084.0 389932.0 0.0 60220000.0 182.0 2.0 1000.0 9572984.0
5500.0 0.0 2.0 26.0 109833520.0 391843.0 0.0 60220000.0 179.0 2.0 1000.0 10214637.0
5600.0 0.0 2.0 25.0 109200579.0 402638.0 0.0 60220000.0 176.0 2.0 1000.0 10836783.0
5700.0 0.0 2.0 24.0 108574921.0 412095.0 0.0 60220000.0 174.0 2.0 1000.0 11452984.0
5800.0 0.0 2.0 24.0 107963025.0 424593.0 0.0 60220000.0 169.0 2.0 1000.0 12052382.0
5900.0 0.0 2.0 24.0 107372803.0 413836.0 0.0 60220000.0 164.0 2.0 1000.0 12653361.0
6000.0 0.0 2.0 22.0 106795517.0 429556.0 0.0 60220000.0 160.0 2.0 1000.0 13214927.0
6100.0 0.0 2.0 22.0 106225293.0 445453.0 0.0 60220000.0 159.0 2.0 1000.0 13769254.0
6200.0 0.0 2.0 21.0 105668376.0 454000.0 0.0 60220000.0 154.0 2.0 1000.0 14317624.0
6300.0 0.0 2.0 21.0 105121647.0 467772.0 0.0 60220000.0 153.0 2.0 1000.0 14850581.0
6400.0 0.0 2.0 21.0 104584961.0 469724.0 0.0 60220000.0 148.0 2.0 1000.0 15385315.0
6500.0 0.0 2.0 19.0 104066062.0 481611.0 0.0 60220000.0 144.0 2.0 1000.0 15892327.0
6600.0 0.0 2.0 19.0 103560330.0 500996.0 0.0 60220000.0 141.0 2.0 1000.0 16378674.0
6700.0 0.0 2.0 19.0 103061212.0 511152.0 0.0 60220000.0 139.0 2.0 1000.0 16867636.0
6800.0 0.0 2.0 18.0 102566609.0 521617.0 0.0 60220000.0 138.0 2.0 1000.0 17351774.0
6900.0 0.0 2.0 18.0 102080793.0 540460.0 0.0 60220000.0 134.0 2.0 1000.0 17818747.0
7000.0 0.0 2.0 18.0 101605132.0 547151.0 0.0 60220000.0 133.0 2.0 1000.0 18287717.0
7100.0 0.0 2.0 18.0 101130503.0 554573.0 0.0 60220000.0 132.0 2.0 1000.0 18754924.0
7200.0 0.0 2.0 18.0 100659994.0 556203.0 0.0 60220000.0 130.0 2.0 1000.0 19223803.0
7300.0 0.0 2.0 16.0 100199966.0 582576.0 0.0 60220000.0 127.0 2.0 1000.0 19657458.0
7400.0 0.0 2.0 16.0 99748439.0 613889.0 0.0 60220000.0 126.0 2.0 1000.0 20077672.0
7500.0 0.0 2.0 16.0 99305072.0 633714.0 0.0 60220000.0 124.0 2.0 1000.0 20501214.0
7600.0 0.0 2.0 16.0 98863045.0 652006.0 0.0 60220000.0 123.0 2.0 1000.0 20924949.0
7700.0 0.0 2.0 16.0 98433090.0 656087.0 0.0 60220000.0 119.0 2.0 1000.0 21350823.0
7800.0 0.0 2.0 16.0 98008985.0 653803.0 0.0 60220000.0 117.0 2.0 1000.0 21777212.0
7900.0 0.0 2.0 16.0 97594148.0 643976.0 0.0 60220000.0 116.0 2.0 1000.0 22201876.0
8000.0 0.0 2.0 16.0 97182626.0 631304.0 0.0 60220000.0 115.0 2.0 1000.0 22626070.0
8100.0 0.0 2.0 16.0 96776292.0 615444.0 0.0 60220000.0 113.0 2.0 1000.0 23048264.0
8200.0 0.0 2.0 16.0 96373416.0 597841.0 0.0 60220000.0 112.0 2.0 1000.0 23468743.0
8300.0 0.0 2.0 16.0 95975256.0 576231.0 0.0 60220000.0 110.0 2.0 1000.0 23888513.0
8400.0 0.0 2.0 16.0 95582629.0 550888.0 0.0 60220000.0 110.0 2.0 1000.0 24306483.0
8500.0 0.0 2.0 16.0 95189495.0 528887.0 0.0 60220000.0 110.0 2.0 1000.0 24721618.0
8600.0 0.0 2.0 16.0 94800299.0 506433.0 0.0 60220000.0 109.0 2.0 1000.0 25133268.0
8700.0 0.0 2.0 15.0 94419701.0 494962.0 0.0 60220000.0 105.0 2.0 1000.0 25525337.0
8800.0 0.0 2.0 15.0 94048123.0 481988.0 0.0 60220000.0 103.0 2.0 1000.0 25909889.0
8900.0 0.0 2.0 15.0 93683473.0 465425.0 0.0 60220000.0 102.0 2.0 1000.0 26291102.0
9000.0 0.0 2.0 15.0 93327636.0 442193.0 0.0 60220000.0 99.0 2.0 1000.0 26670171.0
9100.0 0.0 2.0 15.0 92978151.0 415899.0 0.0 60220000.0 97.0 2.0 1000.0 27045950.0
9200.0 0.0 2.0 14.0 92632413.0 398824.0 0.0 60220000.0 97.0 2.0 1000.0 27408763.0
9300.0 0.0 2.0 14.0 92288429.0 396263.0 0.0 60220000.0 96.0 2.0 1000.0 27755308.0
9400.0 0.0 2.0 13.0 91949987.0 393935.0 0.0 60220000.0 93.0 2.0 1000.0 28096078.0
9500.0 0.0 2.0 13.0 91619009.0 402860.0 0.0 60220000.0 92.0 2.0 1000.0 28418131.0
9600.0 0.0 2.0 13.0 91294256.0 405146.0 0.0 60220000.0 90.0 2.0 1000.0 28740598.0
9700.0 0.0 2.0 13.0 90975437.0 400569.0 0.0 60220000.0 88.0 2.0 1000.0 29063994.0
9800.0 0.0 0.0 14.0 90655140.0 389439.0 0.0 60220000.0 92.0 2.0 1000.0 29395421.0
9900.0 0.0 0.0 14.0 90327344.0 374077.0 0.0 60220000.0 92.0 2.0 1000.0 29738579.0
10000.0 0.0 0.0 14.0 90001345.0 357652.0 0.0 60220000.0 91.0 2.0 1000.0 30081003.0
10100.0 0.0 0.0 14.0 89676898.0 343221.0 0.0 60220000.0 91.0 2.0 1000.0 30419881.0
10200.0 0.0 0.0 14.0 89354804.0 329350.0 0.0 60220000.0 90.0 2.0 1000.0 30755846.0
10300.0 0.0 0.0 14.0 89033175.0 317833.0 0.0 60220000.0 90.0 2.0 1000.0 31088992.0
10400.0 0.0 0.0 14.0 88714703.0 304727.0 0.0 60220000.0 88.0 2.0 1000.0 31420570.0
10500.0 0.0 0.0 14.0 88400433.0 291639.0 0.0 60220000.0 88.0 2.0 1000.0 31747928.0
10600.0 0.0 0.0 13.0 88086149.0 289261.0 0.0 60220000.0 88.0 2.0 1000.0 32064590.0
10700.0 0.0 0.0 13.0 87774797.0 297812.0 0.0 60220000.0 86.0 2.0 1000.0 32367391.0
10800.0 0.0 0.0 13.0 87474180.0 294488.0 0.0 60220000.0 82.0 2.0 1000.0 32671332.0
10900.0 0.0 0.0 12.0 87184301.0 294291.0 0.0 60220000.0 81.0 2.0 1000.0 32961408.0
11000.0 1.0 1.0 14.0 86881873.0 308614.0 0.0 60220000.0 98.0 2.0 1000.0 33249513.0
11100.0 1.0 3.0 16.0 86472349.0 349390.0 0.0 60220000.0 132.0 2.0 1000.0 33618261.0
11200.0 0.0 3.0 16.0 86002979.0 424312.0 0.0 60220000.0 130.0 2.0 1000.0 34012709.0
11300.0 0.0 3.0 16.0 85549074.0 473618.0 0.0 60220000.0 125.0 2.0 1000.0 34417308.0
11400.0 0.0 3.0 15.0 85106211.0 508446.0 0.0 60220000.0 124.0 2.0 1000.0 34825343.0
11500.0 0.0 3.0 15.0 84663875.0 562606.0 0.0 60220000.0 124.0 2.0 1000.0 35213519.0
11600.0 0.0 3.0 14.0 84223855.0 610794.0 0.0 60220000.0 122.0 2.0 1000.0 35605351.0
11700.0 0.0 3.0 14.0 83790065.0 673788.0 0.0 60220000.0 121.0 2.0 1000.0 35976147.0
11800.0 0.0 3.0 13.0 83360727.0 741974.0 0.0 60220000.0 119.0 2.0 1000.0 36337299.0
11900.0 0.0 3.0 13.0 82941251.0 809496.0 0.0 60220000.0 117.0 2.0 1000.0 36689253.0
12000.0 0.0 3.0 13.0 82527860.0 868502.0 0.0 60220000.0 115.0 2.0 1000.0 37043638.0
12100.0 0.0 3.0 13.0 82123031.0 916863.0 0.0 60220000.0 112.0 2.0 1000.0 37400106.0
12200.0 0.0 3.0 12.0 81728979.0 962890.0 0.0 60220000.0 110.0 2.0 1000.0 37748131.0
12300.0 0.0 3.0 10.0 81343477.0 1046116.0 0.0 60220000.0 107.0 2.0 1000.0 38050407.0
12400.0 0.0 3.0 10.0 80965282.0 1145322.0 0.0 60220000.0 106.0 2.0 1000.0 38329396.0
12500.0 0.0 3.0 10.0 80587752.0 1243432.0 0.0 60220000.0 106.0 2.0 1000.0 38608816.0
12600.0 0.0 3.0 10.0 80218389.0 1331602.0 0.0 60220000.0 102.0 2.0 1000.0 38890009.0
12700.0 0.0 3.0 10.0 79856386.0 1410829.0 0.0 60220000.0 101.0 2.0 1000.0 39172785.0
12800.0 0.0 3.0 10.0 79500494.0 1483320.0 0.0 60220000.0 100.0 2.0 1000.0 39456186.0
12900.0 0.0 3.0 10.0 79146908.0 1551855.0 0.0 60220000.0 98.0 2.0 1000.0 39741237.0
13000.0 0.0 3.0 10.0 78801391.0 1612899.0 0.0 60220000.0 95.0 2.0 1000.0 40025710.0
13100.0 0.0 3.0 10.0 78463905.0 1664875.0 0.0 60220000.0 95.0 2.0 1000.0 40311220.0
13200.0 0.0 3.0 10.0 78130507.0 1712292.0 0.0 60220000.0 91.0 2.0 1000.0 40597201.0
13300.0 0.0 3.0 10.0 77812134.0 1744725.0 0.0 60220000.0 88.0 2.0 1000.0 40883141.0
13400.0 0.0 3.0 10.0 77499939.0 1770386.0 0.0 60220000.0 88.0 2.0 1000.0 41169675.0
13500.0 0.0 3.0 10.0 77191150.0 1793433.0 0.0 60220000.0 86.0 2.0 1000.0 41455417.0
13600.0 0.0 3.0 10.0 76889650.0 1807657.0 0.0 60220000.0 85.0 2.0 1000.0 41742693.0
13700.0 0.0 3.0 10.0 76593151.0 1816775.0 0.0 60220000.0 82.0 2.0 1000.0 42030074.0
13800.0 1.0 2.0 12.0 76292378.0 1817310.0 0.0 60220000.0 96.0 2.0 1000.0 42330312.0
13900.0 0.0 2.0 14.0 75911881.0 1812751.0 0.0 60220000.0 112.0 2.0 1000.0 42715368.0
14000.0 0.0 2.0 14.0 75517758.0 1805066.0 0.0 60220000.0 110.0 2.0 1000.0 43117176.0
14100.0 0.0 3.0 16.0 75101241.0 1782550.0 0.0 60220000.0 123.0 2.0 1000.0 43556209.0
14200.0 0.0 3.0 15.0 74667429.0 1775675.0 0.0 60220000.0 121.0 2.0 1000.0 43996896.0
14300.0 0.0 3.0 15.0 74244184.0 1769444.0 0.0 60220000.0 118.0 2.0 1000.0 44426372.0
14400.0 0.0 3.0 15.0 73829946.0 1753876.0 0.0 60220000.0 115.0 2.0 1000.0 44856178.0
14500.0 0.0 3.0 15.0 73426934.0 1728287.0 0.0 60220000.0 111.0 2.0 1000.0 45284779.0
14600.0 0.0 3.0 15.0 73037349.0 1690007.0 0.0 60220000.0 107.0 2.0 1000.0 45712644.0
14700.0 0.0 3.0 15.0 72658721.0 1640659.0 0.0 60220000.0 106.0 2.0 1000.0 46140620.0
14800.0 0.0 3.0 15.0 72285864.0 1585977.0 0.0 60220000.0 104.0 2.0 1000.0 46568159.0
14900.0 0.0 3.0 14.0 71916307.0 1543566.0 0.0 60220000.0 104.0 2.0 1000.0 46980127.0
15000.0 0.0 3.0 14.0 71548750.0 1512794.0 0.0 60220000.0 103.0 2.0 1000.0 47378456.0
15100.0 0.0 3.0 14.0 71185713.0 1479341.0 0.0 60220000.0 101.0 2.0 1000.0 47774946.0
15200.0 0.0 3.0 14.0 70827182.0 1440767.0 0.0 60220000.0 101.0 2.0 1000.0 48172051.0
15300.0 0.0 3.0 14.0 70470261.0 1401126.0 0.0 60220000.0 100.0 2.0 1000.0 48568613.0
15400.0 0.0 3.0 14.0 70120624.0 1355966.0 0.0 60220000.0 98.0 2.0 1000.0 48963410.0
15500.0 0.0 3.0 14.0 69776619.0 1304817.0 0.0 60220000.0 96.0 2.0 1000.0 49358564.0
15600.0 0.0 3.0 14.0 69435371.0 1251165.0 0.0 60220000.0 96.0 2.0 1000.0 49753464.0
15700.0 1.0 1.0 17.0 69070119.0 1194294.0 0.0 60220000.0 115.0 2.0 1000.0 50175587.0
15800.0 0.0 3.0 17.0 68632353.0 1137942.0 0.0 60220000.0 125.0 2.0 1000.0 50669705.0
15900.0 0.0 3.0 16.0 68190904.0 1109984.0 0.0 60220000.0 123.0 2.0 1000.0 51139112.0
16000.0 0.0 3.0 16.0 67754067.0 1101572.0 0.0 60220000.0 122.0 2.0 1000.0 51584361.0
16100.0 0.0 3.0 16.0 67324022.0 1085421.0 0.0 60220000.0 120.0 2.0 1000.0 52030557.0
16200.0 0.0 3.0 16.0 66910007.0 1055000.0 0.0 60220000.0 115.0 2.0 1000.0 52474993.0
16300.0 0.0 3.0 16.0 66500709.0 1020183.0 0.0 60220000.0 114.0 2.0 1000.0 52919108.0
16400.0 0.0 3.0 16.0 66098631.0 979090.0 0.0 60220000.0 112.0 2.0 1000.0 53362279.0
16500.0 0.0 3.0 16.0 65703405.0 932902.0 0.0 60220000.0 111.0 2.0 1000.0 53803693.0
16600.0 0.0 3.0 16.0 65315456.0 880739.0 0.0 60220000.0 107.0 2.0 1000.0 54243805.0
16700.0 0.0 3.0 15.0 64934616.0 838126.0 0.0 60220000.0 107.0 2.0 1000.0 54667258.0
16800.0 0.0 3.0 15.0 64556729.0 807251.0 0.0 60220000.0 106.0 2.0 1000.0 55076020.0
16900.0 0.0 3.0 15.0 64183028.0 773194.0 0.0 60220000.0 105.0 2.0 1000.0 55483778.0
17000.0 0.0 3.0 15.0 63819115.0 732560.0 0.0 60220000.0 102.0 2.0 1000.0 55888325.0
17100.0 0.0 3.0 15.0 63455463.0 695422.0 0.0 60220000.0 102.0 2.0 1000.0 56289115.0
17200.0 0.0 3.0 15.0 63096896.0 654454.0 0.0 60220000.0 99.0 2.0 1000.0 56688650.0
17300.0 0.0 3.0 15.0 62751954.0 602025.0 0.0 60220000.0 93.0 2.0 1000.0 57086021.0
17400.0 0.0 3.0 14.0 62426736.0 546095.0 0.0 60220000.0 90.0 2.0 1000.0 57467169.0
17500.0 1.0 0.0 17.0 62098721.0 492857.0 0.0 60220000.0 103.0 2.0 1000.0 57848422.0
17600.0 0.0 0.0 20.0 61684423.0 437370.0 0.0 60220000.0 125.0 2.0 1000.0 58318207.0
17700.0 0.0 0.0 20.0 61244703.0 379126.0 0.0 60220000.0 122.0 2.0 1000.0 58816171.0
17800.0 0.0 0.0 20.0 60810364.0 328885.0 0.0 60220000.0 121.0 2.0 1000.0 59300751.0
17900.0 0.0 0.0 20.0 60385264.0 283004.0 0.0 60220000.0 117.0 2.0 1000.0 59771732.0
18000.0 0.0 0.0 20.0 59971679.0 242577.0 0.0 60220000.0 116.0 2.0 1000.0 60225744.0
18100.0 0.0 0.0 20.0 59564500.0 212760.0 0.0 60220000.0 113.0 2.0 1000.0 60662740.0
18200.0 0.0 0.0 20.0 59161329.0 192978.0 0.0 60220000.0 113.0 2.0 1000.0 61085693.0
18300.0 0.0 0.0 18.0 58758360.0 196176.0 0.0 60220000.0 113.0 2.0 1000.0 61485464.0
18400.0 0.0 0.0 17.0 58357811.0 227786.0 0.0 60220000.0 112.0 2.0 1000.0 61854403.0
18500.0 0.0 0.0 17.0 57961533.0 247021.0 0.0 60220000.0 111.0 2.0 1000.0 62231446.0
18600.0 0.0 0.0 17.0 57566586.0 259274.0 0.0 60220000.0 110.0 2.0 1000.0 62614140.0
18700.0 0.0 0.0 17.0 57175469.0 263995.0 0.0 60220000.0 109.0 2.0 1000.0 63000536.0
18800.0 0.0 0.0 17.0 56790272.0 262774.0 0.0 60220000.0 108.0 2.0 1000.0 63386954.0
18900.0 0.0 0.0 17.0 56409705.0 257017.0 0.0 60220000.0 106.0 2.0 1000.0 63773278.0
19000.0 0.0 0.0 16.0 56035461.0 264110.0 0.0 60220000.0 105.0 2.0 1000.0 64140429.0
19100.0 0.0 0.0 16.0 55666823.0 268531.0 0.0 60220000.0 102.0 2.0 1000.0 64504646.0
19200.0 0.0 0.0 16.0 55302164.0 268378.0 0.0 60220000.0 102.0 2.0 1000.0 64869458.0
19300.0 0.0 0.0 15.0 54937962.0 279580.0 0.0 60220000.0 102.0 2.0 1000.0 65222458.0
19400.0 0.0 0.0 14.0 54577386.0 312687.0 0.0 60220000.0 101.0 2.0 1000.0 65549927.0
19500.0 0.0 0.0 14.0 54217463.0 339863.0 0.0 60220000.0 100.0 2.0 1000.0 65882674.0
19600.0 0.0 0.0 14.0 53861520.0 357237.0 0.0 60220000.0 100.0 2.0 1000.0 66221243.0
19700.0 0.0 0.0 13.0 53505205.0 377894.0 0.0 60220000.0 100.0 2.0 1000.0 66556901.0
19800.0 0.0 0.0 13.0 53149436.0 412477.0 0.0 60220000.0 100.0 2.0 1000.0 66878087.0
19900.0 0.0 0.0 12.0 52794826.0 446229.0 0.0 60220000.0 99.0 2.0 1000.0 67198945.0
