time rna_M monomer_betaGal protein_betaGal Lactose_external Lactose_internal Glucose_external Glucose_internal protein_Lactose_Permease dna_Lac_Operon Biomass Lactose_consumed
0.0 0.0 0.0 0.0 120440000.0 0.0 60220000.0 0.0 0.0 2.0 1000.0 0.0
100.0 0.0 0.0 0.0 120440000.0 0.0 30121318.0 30098682.0 0.0 2.0 1000.0 0.0
200.0 0.0 0.0 0.0 120440000.0 0.0 73019.0 60146981.0 0.0 2.0 1000.0 0.0
300.0 0.0 0.0 0.0 120440000.0 0.0 0.0 60220000.0 0.0 2.0 1000.0 0.0
400.0 0.0 0.0 0.0 120440000.0 0.0 0.0 60220000.0 0.0 2.0 1000.0 0.0
500.0 0.0 0.0 0.0 120440000.0 0.0 0.0 60220000.0 0.0 2.0 1000.0 0.0
600.0 0.0 0.0 0.0 120440000.0 0.0 0.0 60220000.0 0.0 2.0 1000.0 0.0
700.0 0.0 0.0 0.0 120440000.0 0.0 0.0 60220000.0 0.0 2.0 1000.0 0.0
800.0 0.0 0.0 0.0 120440000.0 0.0 0.0 60220000.0 0.0 2.0 1000.0 0.0
900.0 0.0 0.0 0.0 120440000.0 0.0 0.0 60220000.0 0.0 2.0 1000.0 0.0
1000.0 0.0 0.0 0.0 120440000.0 0.0 0.0 60220000.0 0.0 2.0 1000.0 0.0
1100.0 0.0 0.0 0.0 120440000.0 0.0 0.0 60220000.0 0.0 2.0 1000.0 0.0
1200.0 0.0 0.0 0.0 120440000.0 0.0 0.0 60220000.0 0.0 2.0 1000.0 0.0
1300.0 0.0 0.0 0.0 120440000.0 0.0 0.0 60220000.0 0.0 2.0 1000.0 0.0
1400.0 0.0 0.0 0.0 120440000.0 0.0 0.0 60220000.0 0.0 2.0 1000.0 0.0
1500.0 0.0 0.0 0.0 120440000.0 0.0 0.0 60220000.0 0.0 2.0 1000.0 0.0
1600.0 0.0 0.0 0.0 120440000.0 0.0 0.0 60220000.0 0.0 2.0 1000.0 0.0
1700.0 0.0 0.0 0.0 120440000.0 0.0 0.0 60220000.0 0.0 2.0 1000.0 0.0
1800.0 0.0 0.0 0.0 120440000.0 0.0 0.0 60220000.0 0.0 2.0 1000.0 0.0
1900.0 0.0 0.0 0.0 120440000.0 0.0 0.0 60220000.0 0.0 2.0 1000.0 0.0
2000.0 0.0 0.0 0.0 120440000.0 0.0 0.0 60220000.0 0.0 2.0 1000.0 0.0
2100.0 0.0 0.0 0.0 120440000.0 0.0 0.0 60220000.0 0.0 2.0 1000.0 0.0
2200.0 0.0 0.0 0.0 120440000.0 0.0 0.0 60220000.0 0.0 2.0 1000.0 0.0
2300.0 0.0 0.0 0.0 120440000.0 0.0 0.0 60220000.0 0.0 2.0 1000.0 0.0
2400.0 0.0 0.0 0.0 120440000.0 0.0 0.0 60220000.0 0.0 2.0 1000.0 0.0
2500.0 0.0 0.0 0.0 120440000.0 0.0 0.0 60220000.0 0.0 2.0 1000.0 0.0
2600.0 0.0 0.0 0.0 120440000.0 0.0 0.0 60220000.0 0.0 2.0 1000.0 0.0
2700.0 0.0 0.0 0.0 120440000.0 0.0 0.0 60220000.0 0.0 2.0 1000.0 0.0
2800.0 0.0 0.0 0.0 120440000.0 0.0 0.0 60220000.0 0.0 2.0 1000.0 0.0
2900.0 0.0 0.0 0.0 120440000.0 0.0 0.0 60220000.0 0.0 2.0 1000.0 0.0
3000.0 0.0 0.0 0.0 120440000.0 0.0 0.0 60220000.0 0.0 2.0 1000.0 0.0
3100.0 0.0 0.0 0.0 120440000.0 0.0 0.0 60220000.0 0.0 2.0 1000.0 0.0
3200.0 0.0 0.0 0.0 120440000.0 0.0 0.0 60220000.0 0.0 2.0 1000.0 0.0
3300.0 0.0 0.0 0.0 120440000.0 0.0 0.0 60220000.0 0.0 2.0 1000.0 0.0
3400.0 0.0 0.0 0.0 120440000.0 0.0 0.0 60220000.0 0.0 2.0 1000.0 0.0
3500.0 0.0 0.0 0.0 120440000.0 0.0 0.0 60220000.0 0.0 2.0 1000.0 0.0
3600.0 0.0 0.0 0.0 120440000.0 0.0 0.0 60220000.0 0.0 2.0 1000.0 0.0
3700.0 0.0 0.0 0.0 120440000.0 0.0 0.0 60220000.0 0.0 2.0 1000.0 0.0
3800.0 0.0 0.0 0.0 120440000.0 0.0 0.0 60220000.0 0.0 2.0 1000.0 0.0
3900.0 0.0 0.0 0.0 120440000.0 0.0 0.0 60220000.0 0.0 2.0 1000.0 0.0
4000.0 0.0 0.0 0.0 120440000.0 0.0 0.0 60220000.0 0.0 2.0 1000.0 0.0
4100.0 0.0 0.0 0.0 120440000.0 0.0 0.0 60220000.0 0.0 2.0 1000.0 0.0
4200.0 0.0 3.0 0.0 120439160.0 840.0 0.0 60220000.0 4.0 2.0 1000.0 0.0
4300.0 0.0 3.0 0.0 120424627.0 15373.0 0.0 60220000.0 4.0 2.0 1000.0 0.0
4400.0 0.0 3.0 0.0 120410483.0 29517.0 0.0 60220000.0 4.0 2.0 1000.0 0.0
4500.0 0.0 3.0 0.0 120396176.0 43824.0 0.0 60220000.0 4.0 2.0 1000.0 0.0
4600.0 0.0 3.0 0.0 120381707.0 58293.0 0.0 60220000.0 4.0 2.0 1000.0 0.0
4700.0 0.0 3.0 0.0 120367214.0 72786.0 0.0 60220000.0 4.0 2.0 1000.0 0.0
4800.0 0.0 3.0 0.0 120352917.0 87083.0 0.0 60220000.0 4.0 2.0 1000.0 0.0
4900.0 0.0 3.0 0.0 120338623.0 101377.0 0.0 60220000.0 4.0 2.0 1000.0 0.0
5000.0 0.0 3.0 0.0 120324448.0 115552.0 0.0 60220000.0 4.0 2.0 1000.0 0.0
5100.0 0.0 3.0 0.0 120310055.0 129945.0 0.0 60220000.0 4.0 2.0 1000.0 0.0
5200.0 0.0 3.0 0.0 120295722.0 144278.0 0.0 60220000.0 4.0 2.0 1000.0 0.0
5300.0 0.0 3.0 0.0 120281267.0 158733.0 0.0 60220000.0 4.0 2.0 1000.0 0.0
5400.0 1.0 2.0 1.0 120266485.0 172182.0 0.0 60220000.0 10.0 2.0 1000.0 1333.0
5500.0 1.0 0.0 6.0 120165290.0 208869.0 0.0 60220000.0 44.0 2.0 1000.0 65841.0
5600.0 1.0 1.0 10.0 119960607.0 247422.0 0.0 60220000.0 66.0 2.0 1000.0 231971.0
5700.0 1.0 0.0 14.0 119678257.0 259026.0 0.0 60220000.0 96.0 2.0 1000.0 502717.0
5800.0 1.0 2.0 17.0 119296213.0 280297.0 0.0 60220000.0 117.0 2.0 1000.0 863490.0
5900.0 0.0 3.0 18.0 118854179.0 303825.0 0.0 60220000.0 124.0 2.0 1000.0 1281996.0
6000.0 1.0 0.0 22.0 118406031.0 300535.0 0.0 60220000.0 132.0 2.0 1000.0 1733434.0
6100.0 0.0 1.0 24.0 117874385.0 295834.0 0.0 60220000.0 160.0 2.0 1000.0 2269781.0
6200.0 0.0 1.0 24.0 117304719.0 304348.0 0.0 60220000.0 159.0 2.0 1000.0 2830933.0
6300.0 0.0 1.0 23.0 116744168.0 316415.0 0.0 60220000.0 155.0 2.0 1000.0 3379417.0
6400.0 0.0 1.0 23.0 116197770.0 316885.0 0.0 60220000.0 151.0 2.0 1000.0 3925345.0
6500.0 0.0 1.0 23.0 115663184.0 307759.0 0.0 60220000.0 148.0 2.0 1000.0 4469057.0
6600.0 0.0 1.0 23.0 115145102.0 288044.0 0.0 60220000.0 141.0 2.0 1000.0 5006854.0
6700.0 0.0 1.0 22.0 114645602.0 269654.0 0.0 60220000.0 138.0 2.0 1000.0 5524744.0
6800.0 0.0 1.0 21.0 114160481.0 257544.0 0.0 60220000.0 134.0 2.0 1000.0 6021975.0
6900.0 0.0 1.0 20.0 113687857.0 267794.0 0.0 60220000.0 131.0 2.0 1000.0 6484349.0
7000.0 0.0 1.0 18.0 113229204.0 293225.0 0.0 60220000.0 128.0 2.0 1000.0 6917571.0
7100.0 0.0 1.0 18.0 112771846.0 325391.0 0.0 60220000.0 128.0 2.0 1000.0 7342763.0
7200.0 0.0 1.0 17.0 112325173.0 360330.0 0.0 60220000.0 123.0 2.0 1000.0 7754497.0
7300.0 0.0 1.0 17.0 111886096.0 384627.0 0.0 60220000.0 123.0 2.0 1000.0 8169277.0
7400.0 0.0 1.0 17.0 111447064.0 402641.0 0.0 60220000.0 123.0 2.0 1000.0 8590295.0
7500.0 0.0 1.0 15.0 111017026.0 455298.0 0.0 60220000.0 117.0 2.0 1000.0 8967676.0
7600.0 0.0 1.0 15.0 110602215.0 487818.0 0.0 60220000.0 115.0 2.0 1000.0 9349967.0
7700.0 0.0 1.0 15.0 110196687.0 507717.0 0.0 60220000.0 113.0 2.0 1000.0 9735596.0
7800.0 0.0 1.0 15.0 109797050.0 520565.0 0.0 60220000.0 109.0 2.0 1000.0 10122385.0
7900.0 0.0 1.0 15.0 109407816.0 522954.0 0.0 60220000.0 108.0 2.0 1000.0 10509230.0
8000.0 0.0 1.0 15.0 109028202.0 515631.0 0.0 60220000.0 105.0 2.0 1000.0 10896167.0
8100.0 0.0 1.0 15.0 108665628.0 492683.0 0.0 60220000.0 100.0 2.0 1000.0 11281689.0
8200.0 0.0 1.0 15.0 108308829.0 465986.0 0.0 60220000.0 98.0 2.0 1000.0 11665185.0
8300.0 0.0 1.0 15.0 107958924.0 437153.0 0.0 60220000.0 98.0 2.0 1000.0 12043923.0
8400.0 0.0 1.0 14.0 107612729.0 421155.0 0.0 60220000.0 97.0 2.0 1000.0 12406116.0
8500.0 0.0 1.0 13.0 107271369.0 418601.0 0.0 60220000.0 95.0 2.0 1000.0 12750030.0
8600.0 0.0 1.0 13.0 106931980.0 432675.0 0.0 60220000.0 95.0 2.0 1000.0 13075345.0
8700.0 0.0 1.0 13.0 106592822.0 445096.0 0.0 60220000.0 95.0 2.0 1000.0 13402082.0
8800.0 0.0 1.0 11.0 106254544.0 492158.0 0.0 60220000.0 94.0 2.0 1000.0 13693298.0
8900.0 0.0 1.0 11.0 105921152.0 542051.0 0.0 60220000.0 93.0 2.0 1000.0 13976797.0
9000.0 0.0 1.0 11.0 105592850.0 583746.0 0.0 60220000.0 91.0 2.0 1000.0 14263404.0
9100.0 0.0 1.0 11.0 105268470.0 617798.0 0.0 60220000.0 90.0 2.0 1000.0 14553732.0
9200.0 0.0 1.0 11.0 104951958.0 642944.0 0.0 60220000.0 87.0 2.0 1000.0 14845098.0
9300.0 0.0 1.0 11.0 104645468.0 657175.0 0.0 60220000.0 86.0 2.0 1000.0 15137357.0
9400.0 0.0 1.0 10.0 104339182.0 695515.0 0.0 60220000.0 86.0 2.0 1000.0 15405303.0
9500.0 0.0 1.0 10.0 104034402.0 731426.0 0.0 60220000.0 84.0 2.0 1000.0 15674172.0
9600.0 0.0 1.0 10.0 103735624.0 759778.0 0.0 60220000.0 84.0 2.0 1000.0 15944598.0
9700.0 0.0 1.0 10.0 103440946.0 784101.0 0.0 60220000.0 82.0 2.0 1000.0 16214953.0
9800.0 0.0 1.0 9.0 103155637.0 815734.0 0.0 60220000.0 79.0 2.0 1000.0 16468629.0
9900.0 0.0 1.0 9.0 102877660.0 848629.0 0.0 60220000.0 78.0 2.0 1000.0 16713711.0
10000.0 0.0 1.0 9.0 102601257.0 877685.0 0.0 60220000.0 77.0 2.0 1000.0 16961058.0
10100.0 0.0 1.0 9.0 102330241.0 902836.0 0.0 60220000.0 74.0 2.0 1000.0 17206923.0
10200.0 0.0 1.0 9.0 102068988.0 917086.0 0.0 60220000.0 72.0 2.0 1000.0 17453926.0
10300.0 0.0 1.0 8.0 101816023.0 923806.0 0.0 60220000.0 71.0 2.0 1000.0 17700171.0
10400.0 0.0 1.0 8.0 101569032.0 951175.0 0.0 60220000.0 69.0 2.0 1000.0 17919793.0
10500.0 0.0 1.0 8.0 101323782.0 975358.0 0.0 60220000.0 69.0 2.0 1000.0 18140860.0
10600.0 0.0 1.0 8.0 101080259.0 998532.0 0.0 60220000.0 67.0 2.0 1000.0 18361209.0
10700.0 0.0 1.0 8.0 100842116.0 1015051.0 0.0 60220000.0 66.0 2.0 1000.0 18582833.0
10800.0 0.0 1.0 8.0 100608078.0 1026897.0 0.0 60220000.0 65.0 2.0 1000.0 18805025.0
10900.0 0.0 1.0 8.0 100380400.0 1031546.0 0.0 60220000.0 64.0 2.0 1000.0 19028054.0
11000.0 0.0 1.0 8.0 100152933.0 1037047.0 0.0 60220000.0 64.0 2.0 1000.0 19250020.0
11100.0 0.0 1.0 8.0 99930619.0 1036995.0 0.0 60220000.0 60.0 2.0 1000.0 19472386.0
11200.0 0.0 1.0 8.0 99723852.0 1022253.0 0.0 60220000.0 58.0 2.0 1000.0 19693895.0
11300.0 0.0 1.0 7.0 99517669.0 1034314.0 0.0 60220000.0 58.0 2.0 1000.0 19888017.0
11400.0 0.0 1.0 7.0 99311211.0 1045939.0 0.0 60220000.0 58.0 2.0 1000.0 20082850.0
11500.0 0.0 1.0 7.0 99106249.0 1056208.0 0.0 60220000.0 56.0 2.0 1000.0 20277543.0
11600.0 0.0 1.0 7.0 98913889.0 1053980.0 0.0 60220000.0 54.0 2.0 1000.0 20472131.0
11700.0 0.0 1.0 7.0 98725277.0 1048812.0 0.0 60220000.0 52.0 2.0 1000.0 20665911.0
11800.0 0.0 3.0 10.0 98519893.0 1016116.0 0.0 60220000.0 60.0 2.0 1000.0 20903991.0
11900.0 0.0 3.0 9.0 98309032.0 967484.0 0.0 60220000.0 58.0 2.0 1000.0 21163484.0
12000.0 0.0 3.0 9.0 98103050.0 926035.0 0.0 60220000.0 57.0 2.0 1000.0 21410915.0
12100.0 0.0 3.0 9.0 97900141.0 881203.0 0.0 60220000.0 57.0 2.0 1000.0 21658656.0
12200.0 0.0 3.0 9.0 97700980.0 835169.0 0.0 60220000.0 54.0 2.0 1000.0 21903851.0
12300.0 0.0 3.0 8.0 97508624.0 795804.0 0.0 60220000.0 54.0 2.0 1000.0 22135572.0
12400.0 0.0 3.0 8.0 97317931.0 769685.0 0.0 60220000.0 53.0 2.0 1000.0 22352384.0
12500.0 0.0 3.0 8.0 97133651.0 738528.0 0.0 60220000.0 50.0 2.0 1000.0 22567821.0
12600.0 0.0 3.0 8.0 96957190.0 700307.0 0.0 60220000.0 48.0 2.0 1000.0 22782503.0
12700.0 0.0 3.0 8.0 96788347.0 655482.0 0.0 60220000.0 47.0 2.0 1000.0 22996171.0
12800.0 0.0 3.0 8.0 96620435.0 611452.0 0.0 60220000.0 47.0 2.0 1000.0 23208113.0
12900.0 0.0 3.0 8.0 96452622.0 568916.0 0.0 60220000.0 47.0 2.0 1000.0 23418462.0
13000.0 0.0 3.0 8.0 96285257.0 528552.0 0.0 60220000.0 47.0 2.0 1000.0 23626191.0
13100.0 0.0 3.0 8.0 96124662.0 483897.0 0.0 60220000.0 44.0 2.0 1000.0 23831441.0
13200.0 0.0 3.0 8.0 95968261.0 437476.0 0.0 60220000.0 43.0 2.0 1000.0 24034263.0
13300.0 0.0 3.0 8.0 95817368.0 389200.0 0.0 60220000.0 42.0 2.0 1000.0 24233432.0
13400.0 0.0 3.0 7.0 95667858.0 359525.0 0.0 60220000.0 42.0 2.0 1000.0 24412617.0
13500.0 0.0 3.0 7.0 95519617.0 339249.0 0.0 60220000.0 41.0 2.0 1000.0 24581134.0
13600.0 0.0 3.0 6.0 95372994.0 340779.0 0.0 60220000.0 41.0 2.0 1000.0 24726227.0
13700.0 0.0 3.0 6.0 95227187.0 341994.0 0.0 60220000.0 41.0 2.0 1000.0 24870819.0
13800.0 0.0 3.0 6.0 95080873.0 343888.0 0.0 60220000.0 41.0 2.0 1000.0 25015239.0
13900.0 0.0 3.0 6.0 94936179.0 343513.0 0.0 60220000.0 40.0 2.0 1000.0 25160308.0
14000.0 0.0 3.0 5.0 94793385.0 356881.0 0.0 60220000.0 40.0 2.0 1000.0 25289734.0
14100.0 0.0 3.0 5.0 94652671.0 374827.0 0.0 60220000.0 39.0 2.0 1000.0 25412502.0
14200.0 0.0 3.0 5.0 94515112.0 389539.0 0.0 60220000.0 38.0 2.0 1000.0 25535349.0
14300.0 0.0 3.0 5.0 94383050.0 398216.0 0.0 60220000.0 37.0 2.0 1000.0 25658734.0
14400.0 0.0 3.0 5.0 94254263.0 403134.0 0.0 60220000.0 35.0 2.0 1000.0 25782603.0
14500.0 0.0 3.0 4.0 94131582.0 411500.0 0.0 60220000.0 34.0 2.0 1000.0 25896918.0
14600.0 0.0 3.0 4.0 94009726.0 433487.0 0.0 60220000.0 34.0 2.0 1000.0 25996787.0
14700.0 0.0 3.0 3.0 93890601.0 468064.0 0.0 60220000.0 33.0 2.0 1000.0 26081335.0
14800.0 0.0 3.0 3.0 93773027.0 509012.0 0.0 60220000.0 33.0 2.0 1000.0 26157961.0
14900.0 0.0 3.0 3.0 93655415.0 549159.0 0.0 60220000.0 32.0 2.0 1000.0 26235426.0
15000.0 0.0 3.0 3.0 93543146.0 583461.0 0.0 60220000.0 31.0 2.0 1000.0 26313393.0
15100.0 0.0 3.0 3.0 93432453.0 614673.0 0.0 60220000.0 31.0 2.0 1000.0 26392874.0
15200.0 0.0 3.0 3.0 93324592.0 643262.0 0.0 60220000.0 30.0 2.0 1000.0 26472146.0
15300.0 0.0 3.0 2.0 93218092.0 688010.0 0.0 60220000.0 30.0 2.0 1000.0 26533898.0
15400.0 0.0 3.0 2.0 93111255.0 741282.0 0.0 60220000.0 30.0 2.0 1000.0 26587463.0
15500.0 0.0 3.0 2.0 93004452.0 794081.0 0.0 60220000.0 29.0 2.0 1000.0 26641467.0
15600.0 0.0 3.0 2.0 92901173.0 843003.0 0.0 60220000.0 29.0 2.0 1000.0 26695824.0
15700.0 0.0 3.0 2.0 92798414.0 891223.0 0.0 60220000.0 29.0 2.0 1000.0 26750363.0
15800.0 0.0 3.0 2.0 92695683.0 939222.0 0.0 60220000.0 29.0 2.0 1000.0 26805095.0
15900.0 0.0 3.0 2.0 92595580.0 983854.0 0.0 60220000.0 27.0 2.0 1000.0 26860566.0
16000.0 0.0 3.0 2.0 92499741.0 1024190.0 0.0 60220000.0 27.0 2.0 1000.0 26916069.0
16100.0 0.0 3.0 2.0 92405520.0 1063202.0 0.0 60220000.0 26.0 2.0 1000.0 26971278.0
16200.0 0.0 3.0 2.0 92312485.0 1100493.0 0.0 60220000.0 26.0 2.0 1000.0 27027022.0
16300.0 0.0 3.0 2.0 92222455.0 1134883.0 0.0 60220000.0 25.0 2.0 1000.0 27082662.0
16400.0 0.0 3.0 2.0 92133528.0 1168053.0 0.0 60220000.0 25.0 2.0 1000.0 27138419.0
16500.0 0.0 3.0 2.0 92044038.0 1201494.0 0.0 60220000.0 25.0 2.0 1000.0 27194468.0
16600.0 0.0 3.0 2.0 91955185.0 1233891.0 0.0 60220000.0 25.0 2.0 1000.0 27250924.0
16700.0 1.0 0.0 3.0 91866105.0 1266269.0 0.0 60220000.0 26.0 2.0 1000.0 27307626.0
16800.0 0.0 2.0 3.0 91772190.0 1275757.0 0.0 60220000.0 26.0 2.0 1000.0 27392053.0
16900.0 0.0 2.0 3.0 91683018.0 1280632.0 0.0 60220000.0 25.0 2.0 1000.0 27476350.0
17000.0 0.0 2.0 3.0 91594017.0 1284991.0 0.0 60220000.0 24.0 2.0 1000.0 27560992.0
17100.0 0.0 2.0 3.0 91508354.0 1286106.0 0.0 60220000.0 24.0 2.0 1000.0 27645540.0
17200.0 0.0 2.0 3.0 91425094.0 1285535.0 0.0 60220000.0 23.0 2.0 1000.0 27729371.0
17300.0 0.0 2.0 3.0 91346935.0 1279267.0 0.0 60220000.0 21.0 2.0 1000.0 27813798.0
17400.0 0.0 2.0 3.0 91272121.0 1269827.0 0.0 60220000.0 21.0 2.0 1000.0 27898052.0
17500.0 0.0 2.0 3.0 91200073.0 1257812.0 0.0 60220000.0 20.0 2.0 1000.0 27982115.0
17600.0 0.0 2.0 3.0 91128828.0 1244924.0 0.0 60220000.0 20.0 2.0 1000.0 28066248.0
17700.0 0.0 2.0 3.0 91057536.0 1231957.0 0.0 60220000.0 20.0 2.0 1000.0 28150507.0
17800.0 0.0 2.0 3.0 90986084.0 1219172.0 0.0 60220000.0 20.0 2.0 1000.0 28234744.0
17900.0 0.0 2.0 3.0 90915279.0 1205374.0 0.0 60220000.0 20.0 2.0 1000.0 28319347.0
18000.0 0.0 2.0 3.0 90846668.0 1189806.0 0.0 60220000.0 19.0 2.0 1000.0 28403526.0
18100.0 0.0 2.0 3.0 90778711.0 1174342.0 0.0 60220000.0 19.0 2.0 1000.0 28486947.0
18200.0 0.0 2.0 3.0 90710895.0 1158314.0 0.0 60220000.0 19.0 2.0 1000.0 28570791.0
18300.0 0.0 2.0 3.0 90643525.0 1142263.0 0.0 60220000.0 17.0 2.0 1000.0 28654212.0
18400.0 0.0 2.0 3.0 90583049.0 1119280.0 0.0 60220000.0 17.0 2.0 1000.0 28737671.0
18500.0 0.0 2.0 3.0 90522171.0 1096011.0 0.0 60220000.0 17.0 2.0 1000.0 28821818.0
18600.0 0.0 2.0 3.0 90461794.0 1072906.0 0.0 60220000.0 17.0 2.0 1000.0 28905300.0
18700.0 0.0 2.0 3.0 90401470.0 1049663.0 0.0 60220000.0 17.0 2.0 1000.0 28988867.0
18800.0 0.0 2.0 3.0 90341022.0 1026566.0 0.0 60220000.0 17.0 2.0 1000.0 29072412.0
18900.0 0.0 2.0 3.0 90280343.0 1003245.0 0.0 60220000.0 17.0 2.0 1000.0 29156412.0
19000.0 0.0 2.0 3.0 90219806.0 980564.0 0.0 60220000.0 17.0 2.0 1000.0 29239630.0
19100.0 0.0 2.0 3.0 90158930.0 958597.0 0.0 60220000.0 17.0 2.0 1000.0 29322473.0
19200.0 0.0 2.0 3.0 90098132.0 936692.0 0.0 60220000.0 17.0 2.0 1000.0 29405176.0
19300.0 0.0 2.0 3.0 90037741.0 914376.0 0.0 60220000.0 17.0 2.0 1000.0 29487883.0
19400.0 0.0 2.0 3.0 89976900.0 892815.0 0.0 60220000.0 17.0 2.0 1000.0 29570285.0
19500.0 0.0 2.0 3.0 89916636.0 871017.0 0.0 60220000.0 17.0 2.0 1000.0 29652347.0
19600.0 0.0 2.0 3.0 89856063.0 850076.0 0.0 60220000.0 17.0 2.0 1000.0 29733861.0
19700.0 0.0 2.0 3.0 89797137.0 827671.0 0.0 60220000.0 16.0 2.0 1000.0 29815192.0
19800.0 0.0 2.0 3.0 89740726.0 802897.0 0.0 60220000.0 15.0 2.0 1000.0 29896377.0
19900.0 0.0 2.0 3.0 89686889.0 775544.0 0.0 60220000.0 15.0 2.0 1000.0 29977567.0
