time rna_M monomer_betaGal protein_betaGal Lactose_external Lactose_internal Glucose_external Glucose_internal protein_Lactose_Permease dna_Lac_Operon Biomass Lactose_consumed
0.0 0.0 0.0 0.0 120440000.0 0.0 60220000.0 0.0 0.0 2.0 1000.0 0.0
100.0 0.0 0.0 0.0 120440000.0 0.0 30129315.0 30090685.0 0.0 2.0 1000.0 0.0
200.0 0.0 0.0 0.0 120440000.0 0.0 85856.0 60134144.0 0.0 2.0 1000.0 0.0
300.0 0.0 0.0 0.0 120440000.0 0.0 0.0 60220000.0 0.0 2.0 1000.0 0.0
400.0 1.0 2.0 3.0 120424766.0 13086.0 0.0 60220000.0 16.0 2.0 1000.0 2148.0
500.0 1.0 3.0 6.0 120324396.0 66970.0 0.0 60220000.0 42.0 2.0 1000.0 48634.0
600.0 0.0 0.0 7.0 120151896.0 128565.0 0.0 60220000.0 49.0 2.0 1000.0 159539.0
700.0 0.0 0.0 7.0 119978924.0 167401.0 0.0 60220000.0 48.0 2.0 1000.0 293675.0
800.0 0.0 0.0 6.0 119808902.0 200191.0 0.0 60220000.0 47.0 2.0 1000.0 430907.0
900.0 0.0 0.0 6.0 119640482.0 238575.0 0.0 60220000.0 46.0 2.0 1000.0 560943.0
1000.0 0.0 0.0 6.0 119479228.0 264935.0 0.0 60220000.0 45.0 2.0 1000.0 695837.0
1100.0 0.0 0.0 6.0 119321793.0 284936.0 0.0 60220000.0 44.0 2.0 1000.0 833271.0
1200.0 0.0 0.0 6.0 119169323.0 297498.0 0.0 60220000.0 42.0 2.0 1000.0 973179.0
1300.0 0.0 0.0 5.0 119020756.0 320010.0 0.0 60220000.0 41.0 2.0 1000.0 1099234.0
1400.0 0.0 0.0 5.0 118877507.0 343908.0 0.0 60220000.0 40.0 2.0 1000.0 1218585.0
1500.0 0.0 0.0 5.0 118736884.0 363561.0 0.0 60220000.0 39.0 2.0 1000.0 1339555.0
1600.0 0.0 0.0 5.0 118597664.0 379943.0 0.0 60220000.0 39.0 2.0 1000.0 1462393.0
1700.0 0.0 0.0 5.0 118460857.0 393464.0 0.0 60220000.0 38.0 2.0 1000.0 1585679.0
1800.0 0.0 0.0 5.0 118327586.0 402441.0 0.0 60220000.0 37.0 2.0 1000.0 1709973.0
1900.0 0.0 0.0 5.0 118194776.0 410772.0 0.0 60220000.0 37.0 2.0 1000.0 1834452.0
2000.0 0.0 0.0 5.0 118062393.0 418731.0 0.0 60220000.0 37.0 2.0 1000.0 1958876.0
2100.0 0.0 0.0 5.0 117930590.0 425214.0 0.0 60220000.0 36.0 2.0 1000.0 2084196.0
2200.0 0.0 0.0 5.0 117801587.0 428828.0 0.0 60220000.0 36.0 2.0 1000.0 2209585.0
2300.0 0.0 0.0 5.0 117672787.0 432712.0 0.0 60220000.0 36.0 2.0 1000.0 2334501.0
2400.0 0.0 0.0 5.0 117544479.0 435450.0 0.0 60220000.0 36.0 2.0 1000.0 2460071.0
2500.0 0.0 0.0 5.0 117417792.0 436766.0 0.0 60220000.0 35.0 2.0 1000.0 2585442.0
2600.0 0.0 0.0 5.0 117295211.0 434385.0 0.0 60220000.0 34.0 2.0 1000.0 2710404.0
2700.0 0.0 0.0 5.0 117175053.0 429391.0 0.0 60220000.0 33.0 2.0 1000.0 2835556.0
2800.0 0.0 0.0 5.0 117057016.0 422612.0 0.0 60220000.0 33.0 2.0 1000.0 2960372.0
2900.0 0.0 0.0 5.0 116941449.0 413362.0 0.0 60220000.0 31.0 2.0 1000.0 3085189.0
3000.0 0.0 0.0 5.0 116830779.0 400086.0 0.0 60220000.0 31.0 2.0 1000.0 3209135.0
3100.0 0.0 0.0 5.0 116726095.0 381283.0 0.0 60220000.0 29.0 2.0 1000.0 3332622.0
3200.0 0.0 0.0 5.0 116622614.0 362771.0 0.0 60220000.0 29.0 2.0 1000.0 3454615.0
3300.0 0.0 0.0 5.0 116519304.0 344533.0 0.0 60220000.0 29.0 2.0 1000.0 3576163.0
3400.0 0.0 0.0 5.0 116415733.0 328754.0 0.0 60220000.0 29.0 2.0 1000.0 3695513.0
3500.0 0.0 0.0 4.0 116316773.0 325659.0 0.0 60220000.0 27.0 2.0 1000.0 3797568.0
3600.0 0.0 0.0 4.0 116223658.0 323578.0 0.0 60220000.0 26.0 2.0 1000.0 3892764.0
3700.0 0.0 3.0 5.0 116110696.0 331826.0 0.0 60220000.0 42.0 2.0 1000.0 3997478.0
3800.0 0.0 3.0 5.0 115963332.0 358520.0 0.0 60220000.0 41.0 2.0 1000.0 4118148.0
3900.0 0.0 3.0 5.0 115816482.0 383560.0 0.0 60220000.0 41.0 2.0 1000.0 4239958.0
4000.0 0.0 3.0 5.0 115672184.0 404047.0 0.0 60220000.0 40.0 2.0 1000.0 4363769.0
4100.0 0.0 3.0 5.0 115528790.0 423110.0 0.0 60220000.0 40.0 2.0 1000.0 4488100.0
4200.0 0.0 3.0 5.0 115385196.0 441733.0 0.0 60220000.0 40.0 2.0 1000.0 4613071.0
4300.0 0.0 3.0 5.0 115242744.0 458199.0 0.0 60220000.0 40.0 2.0 1000.0 4739057.0
4400.0 0.0 3.0 5.0 115099635.0 474560.0 0.0 60220000.0 40.0 2.0 1000.0 4865805.0
4500.0 0.0 3.0 5.0 114959241.0 487047.0 0.0 60220000.0 38.0 2.0 1000.0 4993712.0
4600.0 0.0 3.0 5.0 114823760.0 494332.0 0.0 60220000.0 38.0 2.0 1000.0 5121908.0
4700.0 0.0 3.0 4.0 114689464.0 506397.0 0.0 60220000.0 38.0 2.0 1000.0 5244139.0
4800.0 0.0 3.0 4.0 114554033.0 538370.0 0.0 60220000.0 38.0 2.0 1000.0 5347597.0
4900.0 0.0 3.0 4.0 114422376.0 566003.0 0.0 60220000.0 37.0 2.0 1000.0 5451621.0
5000.0 0.0 3.0 4.0 114291011.0 592579.0 0.0 60220000.0 36.0 2.0 1000.0 5556410.0
5100.0 0.0 3.0 4.0 114162484.0 615901.0 0.0 60220000.0 36.0 2.0 1000.0 5661615.0
5200.0 0.0 3.0 4.0 114034026.0 638477.0 0.0 60220000.0 36.0 2.0 1000.0 5767497.0
5300.0 0.0 3.0 4.0 113905689.0 660786.0 0.0 60220000.0 36.0 2.0 1000.0 5873525.0
5400.0 0.0 3.0 4.0 113777379.0 682781.0 0.0 60220000.0 36.0 2.0 1000.0 5979840.0
5500.0 0.0 3.0 4.0 113651802.0 701298.0 0.0 60220000.0 35.0 2.0 1000.0 6086900.0
5600.0 0.0 3.0 4.0 113526159.0 719718.0 0.0 60220000.0 35.0 2.0 1000.0 6194123.0
5700.0 0.0 3.0 4.0 113401885.0 736616.0 0.0 60220000.0 35.0 2.0 1000.0 6301499.0
5800.0 0.0 3.0 4.0 113280109.0 750415.0 0.0 60220000.0 34.0 2.0 1000.0 6409476.0
5900.0 0.0 3.0 4.0 113158523.0 763168.0 0.0 60220000.0 34.0 2.0 1000.0 6518309.0
6000.0 0.0 3.0 4.0 113037581.0 776058.0 0.0 60220000.0 34.0 2.0 1000.0 6626361.0
6100.0 0.0 3.0 4.0 112920802.0 784260.0 0.0 60220000.0 32.0 2.0 1000.0 6734938.0
6200.0 0.0 3.0 4.0 112807112.0 789695.0 0.0 60220000.0 32.0 2.0 1000.0 6843193.0
6300.0 0.0 3.0 4.0 112693447.0 795039.0 0.0 60220000.0 31.0 2.0 1000.0 6951514.0
6400.0 0.0 3.0 4.0 112585721.0 794345.0 0.0 60220000.0 30.0 2.0 1000.0 7059934.0
6500.0 0.0 3.0 4.0 112480367.0 791174.0 0.0 60220000.0 29.0 2.0 1000.0 7168459.0
6600.0 0.0 3.0 4.0 112378062.0 785254.0 0.0 60220000.0 28.0 2.0 1000.0 7276684.0
6700.0 0.0 3.0 3.0 112280690.0 786537.0 0.0 60220000.0 26.0 2.0 1000.0 7372773.0
6800.0 0.0 3.0 3.0 112188948.0 796690.0 0.0 60220000.0 25.0 2.0 1000.0 7454362.0
6900.0 0.0 3.0 3.0 112102691.0 801092.0 0.0 60220000.0 24.0 2.0 1000.0 7536217.0
7000.0 0.0 3.0 3.0 112020742.0 801742.0 0.0 60220000.0 23.0 2.0 1000.0 7617516.0
7100.0 0.0 3.0 3.0 111938673.0 802396.0 0.0 60220000.0 23.0 2.0 1000.0 7698931.0
7200.0 0.0 3.0 3.0 111856426.0 803331.0 0.0 60220000.0 23.0 2.0 1000.0 7780243.0
7300.0 0.0 3.0 3.0 111775021.0 803304.0 0.0 60220000.0 23.0 2.0 1000.0 7861675.0
7400.0 0.0 3.0 3.0 111698291.0 798775.0 0.0 60220000.0 21.0 2.0 1000.0 7942934.0
7500.0 0.0 3.0 3.0 111623127.0 792443.0 0.0 60220000.0 21.0 2.0 1000.0 8024430.0
7600.0 0.0 3.0 3.0 111548245.0 785801.0 0.0 60220000.0 21.0 2.0 1000.0 8105954.0
7700.0 0.0 3.0 3.0 111473245.0 779445.0 0.0 60220000.0 21.0 2.0 1000.0 8187310.0
7800.0 0.0 3.0 3.0 111397929.0 773061.0 0.0 60220000.0 20.0 2.0 1000.0 8269010.0
7900.0 0.0 3.0 3.0 111326546.0 763391.0 0.0 60220000.0 20.0 2.0 1000.0 8350063.0
8000.0 0.0 3.0 3.0 111255020.0 753690.0 0.0 60220000.0 20.0 2.0 1000.0 8431290.0
8100.0 0.0 3.0 3.0 111183786.0 743497.0 0.0 60220000.0 20.0 2.0 1000.0 8512717.0
8200.0 0.0 3.0 3.0 111112647.0 733375.0 0.0 60220000.0 20.0 2.0 1000.0 8593978.0
8300.0 0.0 3.0 3.0 111043854.0 721304.0 0.0 60220000.0 19.0 2.0 1000.0 8674842.0
8400.0 0.0 3.0 3.0 110975690.0 709069.0 0.0 60220000.0 19.0 2.0 1000.0 8755241.0
8500.0 0.0 3.0 3.0 110908001.0 696404.0 0.0 60220000.0 19.0 2.0 1000.0 8835595.0
8600.0 0.0 3.0 3.0 110840144.0 684000.0 0.0 60220000.0 19.0 2.0 1000.0 8915856.0
8700.0 0.0 3.0 3.0 110772423.0 671614.0 0.0 60220000.0 19.0 2.0 1000.0 8995963.0
8800.0 0.0 3.0 3.0 110704613.0 659476.0 0.0 60220000.0 19.0 2.0 1000.0 9075911.0
8900.0 0.0 3.0 3.0 110638183.0 646422.0 0.0 60220000.0 18.0 2.0 1000.0 9155395.0
9000.0 0.0 3.0 3.0 110574009.0 630976.0 0.0 60220000.0 18.0 2.0 1000.0 9235015.0
9100.0 0.0 3.0 3.0 110510045.0 615986.0 0.0 60220000.0 18.0 2.0 1000.0 9313969.0
9200.0 0.0 3.0 3.0 110445323.0 601533.0 0.0 60220000.0 18.0 2.0 1000.0 9393144.0
9300.0 0.0 3.0 3.0 110381050.0 587131.0 0.0 60220000.0 18.0 2.0 1000.0 9471819.0
9400.0 0.0 3.0 3.0 110316859.0 572897.0 0.0 60220000.0 18.0 2.0 1000.0 9550244.0
9500.0 0.0 3.0 3.0 110252794.0 558523.0 0.0 60220000.0 18.0 2.0 1000.0 9628683.0
9600.0 0.0 3.0 3.0 110189560.0 543057.0 0.0 60220000.0 17.0 2.0 1000.0 9707383.0
9700.0 0.0 3.0 3.0 110130501.0 524258.0 0.0 60220000.0 16.0 2.0 1000.0 9785241.0
9800.0 0.0 3.0 3.0 110073196.0 503880.0 0.0 60220000.0 16.0 2.0 1000.0 9862924.0
9900.0 0.0 3.0 3.0 110015865.0 484533.0 0.0 60220000.0 16.0 2.0 1000.0 9939602.0
10000.0 0.0 3.0 3.0 109958821.0 465299.0 0.0 60220000.0 16.0 2.0 1000.0 10015880.0
10100.0 0.0 3.0 3.0 109902002.0 446417.0 0.0 60220000.0 16.0 2.0 1000.0 10091581.0
10200.0 0.0 3.0 3.0 109846049.0 426649.0 0.0 60220000.0 15.0 2.0 1000.0 10167302.0
10300.0 0.0 3.0 2.0 109792398.0 427384.0 0.0 60220000.0 15.0 2.0 1000.0 10220218.0
10400.0 0.0 3.0 2.0 109738901.0 430939.0 0.0 60220000.0 15.0 2.0 1000.0 10270160.0
10500.0 0.0 3.0 2.0 109685164.0 434616.0 0.0 60220000.0 15.0 2.0 1000.0 10320220.0
10600.0 0.0 3.0 2.0 109631739.0 437827.0 0.0 60220000.0 15.0 2.0 1000.0 10370434.0
10700.0 0.0 3.0 2.0 109580490.0 439006.0 0.0 60220000.0 14.0 2.0 1000.0 10420504.0
10800.0 0.0 3.0 2.0 109530594.0 438494.0 0.0 60220000.0 14.0 2.0 1000.0 10470912.0
10900.0 0.0 3.0 2.0 109481275.0 437366.0 0.0 60220000.0 14.0 2.0 1000.0 10521359.0
11000.0 0.0 3.0 2.0 109431378.0 437367.0 0.0 60220000.0 14.0 2.0 1000.0 10571255.0
11100.0 0.0 3.0 1.0 109381658.0 447902.0 0.0 60220000.0 14.0 2.0 1000.0 10610440.0
11200.0 0.0 3.0 1.0 109331997.0 472071.0 0.0 60220000.0 14.0 2.0 1000.0 10635932.0
11300.0 0.0 3.0 1.0 109281647.0 496971.0 0.0 60220000.0 14.0 2.0 1000.0 10661382.0
11400.0 0.0 3.0 1.0 109231215.0 521781.0 0.0 60220000.0 14.0 2.0 1000.0 10687004.0
11500.0 0.0 3.0 1.0 109181673.0 545167.0 0.0 60220000.0 14.0 2.0 1000.0 10713160.0
11600.0 0.0 3.0 1.0 109134314.0 566281.0 0.0 60220000.0 13.0 2.0 1000.0 10739405.0
11700.0 0.0 3.0 1.0 109088253.0 585970.0 0.0 60220000.0 13.0 2.0 1000.0 10765777.0
11800.0 0.0 3.0 1.0 109041482.0 606836.0 0.0 60220000.0 13.0 2.0 1000.0 10791682.0
11900.0 0.0 3.0 1.0 108995175.0 626892.0 0.0 60220000.0 13.0 2.0 1000.0 10817933.0
12000.0 0.0 3.0 1.0 108948631.0 647183.0 0.0 60220000.0 13.0 2.0 1000.0 10844186.0
12100.0 0.0 3.0 1.0 108902503.0 667043.0 0.0 60220000.0 13.0 2.0 1000.0 10870454.0
12200.0 0.0 3.0 1.0 108855983.0 686998.0 0.0 60220000.0 13.0 2.0 1000.0 10897019.0
12300.0 0.0 3.0 1.0 108811680.0 704561.0 0.0 60220000.0 12.0 2.0 1000.0 10923759.0
12400.0 0.0 3.0 1.0 108768805.0 720758.0 0.0 60220000.0 12.0 2.0 1000.0 10950437.0
12500.0 0.0 3.0 1.0 108726275.0 736307.0 0.0 60220000.0 12.0 2.0 1000.0 10977418.0
12600.0 0.0 3.0 1.0 108683503.0 752030.0 0.0 60220000.0 12.0 2.0 1000.0 11004467.0
12700.0 0.0 3.0 1.0 108640875.0 767377.0 0.0 60220000.0 12.0 2.0 1000.0 11031748.0
12800.0 0.0 3.0 1.0 108601494.0 779551.0 0.0 60220000.0 11.0 2.0 1000.0 11058955.0
12900.0 0.0 3.0 1.0 108562105.0 791883.0 0.0 60220000.0 11.0 2.0 1000.0 11086012.0
13000.0 0.0 3.0 1.0 108523163.0 803737.0 0.0 60220000.0 11.0 2.0 1000.0 11113100.0
13100.0 0.0 3.0 1.0 108483871.0 815856.0 0.0 60220000.0 11.0 2.0 1000.0 11140273.0
13200.0 0.0 3.0 1.0 108444613.0 827860.0 0.0 60220000.0 11.0 2.0 1000.0 11167527.0
13300.0 0.0 3.0 1.0 108405749.0 839413.0 0.0 60220000.0 11.0 2.0 1000.0 11194838.0
13400.0 0.0 3.0 1.0 108366524.0 851283.0 0.0 60220000.0 11.0 2.0 1000.0 11222193.0
13500.0 0.0 3.0 1.0 108327250.0 863561.0 0.0 60220000.0 11.0 2.0 1000.0 11249189.0
13600.0 0.0 3.0 1.0 108287981.0 875733.0 0.0 60220000.0 11.0 2.0 1000.0 11276286.0
13700.0 0.0 3.0 1.0 108248846.0 887553.0 0.0 60220000.0 11.0 2.0 1000.0 11303601.0
13800.0 0.0 3.0 1.0 108210041.0 899023.0 0.0 60220000.0 10.0 2.0 1000.0 11330936.0
13900.0 0.0 3.0 1.0 108174315.0 907321.0 0.0 60220000.0 10.0 2.0 1000.0 11358364.0
14000.0 0.0 3.0 1.0 108138264.0 916312.0 0.0 60220000.0 10.0 2.0 1000.0 11385424.0
14100.0 0.0 3.0 1.0 108102596.0 924424.0 0.0 60220000.0 10.0 2.0 1000.0 11412980.0
14200.0 0.0 3.0 1.0 108066796.0 932827.0 0.0 60220000.0 10.0 2.0 1000.0 11440377.0
14300.0 0.0 3.0 1.0 108031467.0 940366.0 0.0 60220000.0 10.0 2.0 1000.0 11468167.0
14400.0 0.0 3.0 1.0 107995816.0 948409.0 0.0 60220000.0 10.0 2.0 1000.0 11495775.0
14500.0 0.0 3.0 1.0 107960340.0 956389.0 0.0 60220000.0 10.0 2.0 1000.0 11523271.0
14600.0 0.0 3.0 1.0 107924795.0 964241.0 0.0 60220000.0 10.0 2.0 1000.0 11550964.0
14700.0 0.0 3.0 1.0 107888685.0 972385.0 0.0 60220000.0 10.0 2.0 1000.0 11578930.0
14800.0 0.0 3.0 1.0 107853490.0 980156.0 0.0 60220000.0 9.0 2.0 1000.0 11606354.0
14900.0 0.0 3.0 1.0 107821546.0 984216.0 0.0 60220000.0 9.0 2.0 1000.0 11634238.0
15000.0 0.0 3.0 1.0 107789216.0 989266.0 0.0 60220000.0 9.0 2.0 1000.0 11661518.0
15100.0 0.0 3.0 1.0 107758128.0 993055.0 0.0 60220000.0 8.0 2.0 1000.0 11688817.0
15200.0 0.0 3.0 1.0 107729615.0 993680.0 0.0 60220000.0 8.0 2.0 1000.0 11716705.0
15300.0 0.0 3.0 1.0 107701059.0 994574.0 0.0 60220000.0 8.0 2.0 1000.0 11744367.0
15400.0 0.0 3.0 1.0 107672300.0 995993.0 0.0 60220000.0 8.0 2.0 1000.0 11771707.0
15500.0 0.0 3.0 1.0 107643766.0 996998.0 0.0 60220000.0 8.0 2.0 1000.0 11799236.0
15600.0 0.0 3.0 1.0 107616810.0 996716.0 0.0 60220000.0 7.0 2.0 1000.0 11826474.0
15700.0 0.0 3.0 1.0 107591868.0 994183.0 0.0 60220000.0 7.0 2.0 1000.0 11853949.0
15800.0 0.0 3.0 1.0 107566814.0 991704.0 0.0 60220000.0 7.0 2.0 1000.0 11881482.0
15900.0 0.0 3.0 1.0 107541870.0 988863.0 0.0 60220000.0 7.0 2.0 1000.0 11909267.0
16000.0 0.0 3.0 1.0 107516768.0 986330.0 0.0 60220000.0 7.0 2.0 1000.0 11936902.0
16100.0 0.0 3.0 1.0 107491981.0 983738.0 0.0 60220000.0 7.0 2.0 1000.0 11964281.0
16200.0 0.0 3.0 1.0 107467056.0 981288.0 0.0 60220000.0 7.0 2.0 1000.0 11991656.0
16300.0 0.0 3.0 1.0 107442388.0 978172.0 0.0 60220000.0 6.0 2.0 1000.0 12019440.0
16400.0 0.0 3.0 0.0 107421160.0 989811.0 0.0 60220000.0 6.0 2.0 1000.0 12029029.0
16500.0 0.0 3.0 0.0 107399713.0 1011258.0 0.0 60220000.0 6.0 2.0 1000.0 12029029.0
16600.0 0.0 3.0 0.0 107378294.0 1032677.0 0.0 60220000.0 6.0 2.0 1000.0 12029029.0
16700.0 0.0 3.0 0.0 107357085.0 1053886.0 0.0 60220000.0 6.0 2.0 1000.0 12029029.0
16800.0 0.0 3.0 0.0 107335720.0 1075251.0 0.0 60220000.0 6.0 2.0 1000.0 12029029.0
16900.0 0.0 3.0 0.0 107314410.0 1096561.0 0.0 60220000.0 6.0 2.0 1000.0 12029029.0
17000.0 0.0 3.0 0.0 107293076.0 1117895.0 0.0 60220000.0 6.0 2.0 1000.0 12029029.0
17100.0 0.0 3.0 0.0 107273350.0 1137621.0 0.0 60220000.0 5.0 2.0 1000.0 12029029.0
17200.0 0.0 3.0 0.0 107255512.0 1155459.0 0.0 60220000.0 5.0 2.0 1000.0 12029029.0
17300.0 0.0 3.0 0.0 107237998.0 1172973.0 0.0 60220000.0 5.0 2.0 1000.0 12029029.0
17400.0 0.0 3.0 0.0 107220129.0 1190842.0 0.0 60220000.0 5.0 2.0 1000.0 12029029.0
17500.0 0.0 3.0 0.0 107202529.0 1208442.0 0.0 60220000.0 5.0 2.0 1000.0 12029029.0
17600.0 0.0 3.0 0.0 107184624.0 1226347.0 0.0 60220000.0 5.0 2.0 1000.0 12029029.0
17700.0 0.0 3.0 0.0 107166799.0 1244172.0 0.0 60220000.0 5.0 2.0 1000.0 12029029.0
17800.0 1.0 0.0 4.0 107135117.0 1241372.0 0.0 60220000.0 17.0 2.0 1000.0 12063511.0
17900.0 0.0 2.0 4.0 107032257.0 1232228.0 0.0 60220000.0 32.0 2.0 1000.0 12175515.0
18000.0 0.0 2.0 4.0 106918015.0 1233599.0 0.0 60220000.0 32.0 2.0 1000.0 12288386.0
18100.0 0.0 2.0 4.0 106804945.0 1234824.0 0.0 60220000.0 32.0 2.0 1000.0 12400231.0
18200.0 0.0 2.0 4.0 106692456.0 1235208.0 0.0 60220000.0 31.0 2.0 1000.0 12512336.0
18300.0 0.0 2.0 4.0 106582144.0 1233006.0 0.0 60220000.0 31.0 2.0 1000.0 12624850.0
18400.0 0.0 2.0 4.0 106472352.0 1230516.0 0.0 60220000.0 30.0 2.0 1000.0 12737132.0
18500.0 0.0 2.0 4.0 106368809.0 1221775.0 0.0 60220000.0 28.0 2.0 1000.0 12849416.0
18600.0 0.0 2.0 4.0 106270219.0 1207385.0 0.0 60220000.0 27.0 2.0 1000.0 12962396.0
18700.0 0.0 2.0 4.0 106173837.0 1191562.0 0.0 60220000.0 27.0 2.0 1000.0 13074601.0
18800.0 1.0 2.0 6.0 106075545.0 1169332.0 0.0 60220000.0 31.0 2.0 1000.0 13195123.0
18900.0 0.0 0.0 7.0 105959937.0 1082538.0 0.0 60220000.0 33.0 2.0 1000.0 13397525.0
19000.0 0.0 0.0 6.0 105845075.0 1004980.0 0.0 60220000.0 31.0 2.0 1000.0 13589945.0
19100.0 0.0 0.0 6.0 105735502.0 948187.0 0.0 60220000.0 30.0 2.0 1000.0 13756311.0
19200.0 0.0 0.0 6.0 105628194.0 890967.0 0.0 60220000.0 30.0 2.0 1000.0 13920839.0
19300.0 0.0 0.0 6.0 105521672.0 833435.0 0.0 60220000.0 30.0 2.0 1000.0 14084893.0
19400.0 0.0 0.0 6.0 105416665.0 775342.0 0.0 60220000.0 29.0 2.0 1000.0 14247993.0
19500.0 0.0 0.0 6.0 105316118.0 713787.0 0.0 60220000.0 28.0 2.0 1000.0 14410095.0
19600.0 0.0 0.0 6.0 105215931.0 653874.0 0.0 60220000.0 28.0 2.0 1000.0 14570195.0
19700.0 0.0 0.0 6.0 105116084.0 594743.0 0.0 60220000.0 28.0 2.0 1000.0 14729173.0
19800.0 0.0 0.0 6.0 105015972.0 538550.0 0.0 60220000.0 28.0 2.0 1000.0 14885478.0
19900.0 0.0 0.0 6.0 104916060.0 483823.0 0.0 60220000.0 28.0 2.0 1000.0 15040117.0
