time rna_M monomer_betaGal protein_betaGal Lactose_external Lactose_internal Glucose_external Glucose_internal protein_Lactose_Permease dna_Lac_Operon Biomass Lactose_consumed
0.0 0.0 0.0 0.0 120440000.0 0.0 60220000.0 0.0 0.0 2.0 1000.0 0.0
100.0 0.0 0.0 0.0 120440000.0 0.0 30125545.0 30094455.0 0.0 2.0 1000.0 0.0
200.0 0.0 0.0 0.0 120440000.0 0.0 77456.0 60142544.0 0.0 2.0 1000.0 0.0
300.0 0.0 0.0 0.0 120440000.0 0.0 0.0 60220000.0 0.0 2.0 1000.0 0.0
400.0 0.0 0.0 0.0 120440000.0 0.0 0.0 60220000.0 0.0 2.0 1000.0 0.0
500.0 0.0 0.0 0.0 120440000.0 0.0 0.0 60220000.0 0.0 2.0 1000.0 0.0
600.0 0.0 0.0 0.0 120440000.0 0.0 0.0 60220000.0 0.0 2.0 1000.0 0.0
700.0 0.0 0.0 0.0 120440000.0 0.0 0.0 60220000.0 0.0 2.0 1000.0 0.0
800.0 0.0 0.0 0.0 120440000.0 0.0 0.0 60220000.0 0.0 2.0 1000.0 0.0
900.0 0.0 0.0 0.0 120440000.0 0.0 0.0 60220000.0 0.0 2.0 1000.0 0.0
1000.0 1.0 3.0 0.0 120439887.0 113.0 0.0 60220000.0 2.0 2.0 1000.0 0.0
1100.0 0.0 3.0 4.0 120390923.0 36425.0 0.0 60220000.0 26.0 2.0 1000.0 12652.0
1200.0 0.0 3.0 4.0 120297204.0 80346.0 0.0 60220000.0 26.0 2.0 1000.0 62450.0
1300.0 0.0 3.0 4.0 120204032.0 109648.0 0.0 60220000.0 26.0 2.0 1000.0 126320.0
1400.0 0.0 3.0 4.0 120111503.0 131779.0 0.0 60220000.0 26.0 2.0 1000.0 196718.0
1500.0 1.0 1.0 6.0 119995435.0 162483.0 0.0 60220000.0 46.0 2.0 1000.0 282082.0
1600.0 0.0 3.0 7.0 119770254.0 242860.0 0.0 60220000.0 67.0 2.0 1000.0 426886.0
1700.0 0.0 3.0 7.0 119531679.0 319741.0 0.0 60220000.0 66.0 2.0 1000.0 588580.0
1800.0 0.0 3.0 7.0 119299427.0 382139.0 0.0 60220000.0 63.0 2.0 1000.0 758434.0
1900.0 0.0 3.0 7.0 119074451.0 432329.0 0.0 60220000.0 63.0 2.0 1000.0 933220.0
2000.0 0.0 3.0 7.0 118849959.0 480459.0 0.0 60220000.0 63.0 2.0 1000.0 1109582.0
2100.0 0.0 3.0 7.0 118624733.0 525542.0 0.0 60220000.0 63.0 2.0 1000.0 1289725.0
2200.0 0.0 3.0 7.0 118400765.0 567600.0 0.0 60220000.0 63.0 2.0 1000.0 1471635.0
2300.0 0.0 3.0 7.0 118175972.0 608918.0 0.0 60220000.0 63.0 2.0 1000.0 1655110.0
2400.0 0.0 3.0 7.0 117953101.0 647180.0 0.0 60220000.0 62.0 2.0 1000.0 1839719.0
2500.0 0.0 3.0 7.0 117737357.0 676550.0 0.0 60220000.0 59.0 2.0 1000.0 2026093.0
2600.0 0.0 3.0 7.0 117530160.0 696875.0 0.0 60220000.0 56.0 2.0 1000.0 2212965.0
2700.0 0.0 3.0 7.0 117329640.0 709242.0 0.0 60220000.0 56.0 2.0 1000.0 2401118.0
2800.0 0.0 3.0 7.0 117129821.0 721808.0 0.0 60220000.0 56.0 2.0 1000.0 2588371.0
2900.0 0.0 3.0 7.0 116930172.0 733504.0 0.0 60220000.0 55.0 2.0 1000.0 2776324.0
3000.0 0.0 3.0 7.0 116733923.0 741292.0 0.0 60220000.0 55.0 2.0 1000.0 2964785.0
3100.0 0.0 3.0 6.0 116537936.0 769123.0 0.0 60220000.0 55.0 2.0 1000.0 3132941.0
3200.0 0.0 3.0 6.0 116342390.0 801926.0 0.0 60220000.0 55.0 2.0 1000.0 3295684.0
3300.0 0.0 3.0 6.0 116149549.0 831690.0 0.0 60220000.0 54.0 2.0 1000.0 3458761.0
3400.0 0.0 3.0 6.0 115957555.0 859888.0 0.0 60220000.0 53.0 2.0 1000.0 3622557.0
3500.0 0.0 3.0 6.0 115767783.0 886100.0 0.0 60220000.0 53.0 2.0 1000.0 3786117.0
3600.0 0.0 3.0 6.0 115580035.0 909137.0 0.0 60220000.0 52.0 2.0 1000.0 3950828.0
3700.0 0.0 3.0 6.0 115397018.0 926558.0 0.0 60220000.0 50.0 2.0 1000.0 4116424.0
3800.0 0.0 3.0 6.0 115219030.0 939791.0 0.0 60220000.0 50.0 2.0 1000.0 4281179.0
3900.0 0.0 3.0 6.0 115040331.0 953401.0 0.0 60220000.0 50.0 2.0 1000.0 4446268.0
4000.0 0.0 3.0 6.0 114862130.0 966518.0 0.0 60220000.0 50.0 2.0 1000.0 4611352.0
4100.0 0.0 3.0 6.0 114683088.0 980022.0 0.0 60220000.0 50.0 2.0 1000.0 4776890.0
4200.0 0.0 3.0 6.0 114507629.0 990379.0 0.0 60220000.0 49.0 2.0 1000.0 4941992.0
4300.0 0.0 3.0 6.0 114331796.0 1000171.0 0.0 60220000.0 49.0 2.0 1000.0 5108033.0
4400.0 0.0 3.0 6.0 114162539.0 1003755.0 0.0 60220000.0 47.0 2.0 1000.0 5273706.0
4500.0 0.0 3.0 6.0 113995413.0 1005472.0 0.0 60220000.0 46.0 2.0 1000.0 5439115.0
4600.0 0.0 3.0 6.0 113833393.0 1001489.0 0.0 60220000.0 45.0 2.0 1000.0 5605118.0
4700.0 0.0 3.0 6.0 113673114.0 996370.0 0.0 60220000.0 45.0 2.0 1000.0 5770516.0
4800.0 0.0 3.0 6.0 113515450.0 988141.0 0.0 60220000.0 44.0 2.0 1000.0 5936409.0
4900.0 0.0 3.0 6.0 113358846.0 978637.0 0.0 60220000.0 43.0 2.0 1000.0 6102517.0
5000.0 0.0 3.0 6.0 113205345.0 966287.0 0.0 60220000.0 43.0 2.0 1000.0 6268368.0
5100.0 0.0 3.0 6.0 113055307.0 951588.0 0.0 60220000.0 42.0 2.0 1000.0 6433105.0
5200.0 0.0 3.0 6.0 112905445.0 936633.0 0.0 60220000.0 42.0 2.0 1000.0 6597922.0
5300.0 0.0 3.0 6.0 112758528.0 918605.0 0.0 60220000.0 41.0 2.0 1000.0 6762867.0
5400.0 0.0 3.0 6.0 112615965.0 896867.0 0.0 60220000.0 39.0 2.0 1000.0 6927168.0
5500.0 0.0 3.0 6.0 112476935.0 871131.0 0.0 60220000.0 39.0 2.0 1000.0 7091934.0
5600.0 0.0 3.0 5.0 112337874.0 856913.0 0.0 60220000.0 39.0 2.0 1000.0 7245213.0
5700.0 0.0 3.0 5.0 112200501.0 857613.0 0.0 60220000.0 38.0 2.0 1000.0 7381886.0
5800.0 0.0 3.0 5.0 112065357.0 855943.0 0.0 60220000.0 38.0 2.0 1000.0 7518700.0
5900.0 0.0 3.0 5.0 111929892.0 854899.0 0.0 60220000.0 38.0 2.0 1000.0 7655209.0
6000.0 0.0 3.0 5.0 111798097.0 850407.0 0.0 60220000.0 37.0 2.0 1000.0 7791496.0
6100.0 0.0 3.0 5.0 111670009.0 842735.0 0.0 60220000.0 35.0 2.0 1000.0 7927256.0
6200.0 0.0 3.0 5.0 111544526.0 831617.0 0.0 60220000.0 35.0 2.0 1000.0 8063857.0
6300.0 0.0 3.0 4.0 111419988.0 830827.0 0.0 60220000.0 35.0 2.0 1000.0 8189185.0
6400.0 0.0 3.0 4.0 111295648.0 845911.0 0.0 60220000.0 35.0 2.0 1000.0 8298441.0
6500.0 0.0 3.0 4.0 111171166.0 861510.0 0.0 60220000.0 34.0 2.0 1000.0 8407324.0
6600.0 0.0 3.0 4.0 111050321.0 873187.0 0.0 60220000.0 33.0 2.0 1000.0 8516492.0
6700.0 0.0 3.0 4.0 110937873.0 875996.0 0.0 60220000.0 31.0 2.0 1000.0 8626131.0
6800.0 0.0 3.0 4.0 110827314.0 877006.0 0.0 60220000.0 31.0 2.0 1000.0 8735680.0
6900.0 0.0 3.0 4.0 110720356.0 874176.0 0.0 60220000.0 30.0 2.0 1000.0 8845468.0
7000.0 0.0 3.0 4.0 110613262.0 871989.0 0.0 60220000.0 30.0 2.0 1000.0 8954749.0
7100.0 0.0 3.0 4.0 110506051.0 869680.0 0.0 60220000.0 30.0 2.0 1000.0 9064269.0
7200.0 0.0 3.0 4.0 110399189.0 867390.0 0.0 60220000.0 30.0 2.0 1000.0 9173421.0
7300.0 0.0 3.0 4.0 110292650.0 864172.0 0.0 60220000.0 30.0 2.0 1000.0 9283178.0
7400.0 0.0 3.0 4.0 110188890.0 858597.0 0.0 60220000.0 29.0 2.0 1000.0 9392513.0
7500.0 0.0 3.0 3.0 110085673.0 869851.0 0.0 60220000.0 29.0 2.0 1000.0 9484476.0
7600.0 0.0 3.0 3.0 109982396.0 890775.0 0.0 60220000.0 29.0 2.0 1000.0 9566829.0
7700.0 0.0 3.0 3.0 109879004.0 911498.0 0.0 60220000.0 29.0 2.0 1000.0 9649498.0
7800.0 0.0 3.0 3.0 109777524.0 929780.0 0.0 60220000.0 28.0 2.0 1000.0 9732696.0
7900.0 0.0 3.0 3.0 109677835.0 947048.0 0.0 60220000.0 28.0 2.0 1000.0 9815117.0
8000.0 0.0 3.0 3.0 109578161.0 963955.0 0.0 60220000.0 28.0 2.0 1000.0 9897884.0
8100.0 0.0 3.0 3.0 109478962.0 980371.0 0.0 60220000.0 28.0 2.0 1000.0 9980667.0
8200.0 0.0 3.0 3.0 109379167.0 997181.0 0.0 60220000.0 28.0 2.0 1000.0 10063652.0
8300.0 0.0 3.0 3.0 109282165.0 1011138.0 0.0 60220000.0 27.0 2.0 1000.0 10146697.0
8400.0 0.0 3.0 3.0 109186321.0 1023850.0 0.0 60220000.0 27.0 2.0 1000.0 10229829.0
8500.0 0.0 3.0 2.0 109093092.0 1038075.0 0.0 60220000.0 26.0 2.0 1000.0 10308833.0
8600.0 1.0 3.0 5.0 108957592.0 1082704.0 0.0 60220000.0 52.0 2.0 1000.0 10399704.0
8700.0 1.0 1.0 9.0 108725334.0 1120790.0 0.0 60220000.0 79.0 2.0 1000.0 10593876.0
8800.0 0.0 0.0 10.0 108403379.0 1162156.0 0.0 60220000.0 94.0 2.0 1000.0 10874465.0
8900.0 0.0 0.0 10.0 108076519.0 1209394.0 0.0 60220000.0 90.0 2.0 1000.0 11154087.0
9000.0 0.0 0.0 10.0 107764523.0 1240350.0 0.0 60220000.0 84.0 2.0 1000.0 11435127.0
9100.0 0.0 0.0 10.0 107468271.0 1255675.0 0.0 60220000.0 82.0 2.0 1000.0 11716054.0
9200.0 0.0 0.0 10.0 107177929.0 1264713.0 0.0 60220000.0 81.0 2.0 1000.0 11997358.0
9300.0 0.0 0.0 10.0 106889699.0 1271705.0 0.0 60220000.0 81.0 2.0 1000.0 12278596.0
9400.0 0.0 0.0 10.0 106606166.0 1273644.0 0.0 60220000.0 79.0 2.0 1000.0 12560190.0
9500.0 0.0 0.0 9.0 106332926.0 1285739.0 0.0 60220000.0 76.0 2.0 1000.0 12821335.0
9600.0 0.0 0.0 9.0 106062958.0 1302802.0 0.0 60220000.0 75.0 2.0 1000.0 13074240.0
9700.0 0.0 0.0 9.0 105798986.0 1313137.0 0.0 60220000.0 73.0 2.0 1000.0 13327877.0
9800.0 0.0 0.0 9.0 105548188.0 1309964.0 0.0 60220000.0 70.0 2.0 1000.0 13581848.0
9900.0 0.0 0.0 9.0 105303236.0 1301251.0 0.0 60220000.0 68.0 2.0 1000.0 13835513.0
10000.0 0.0 0.0 9.0 105067404.0 1283239.0 0.0 60220000.0 65.0 2.0 1000.0 14089357.0
10100.0 0.0 0.0 9.0 104835319.0 1262151.0 0.0 60220000.0 65.0 2.0 1000.0 14342530.0
10200.0 0.0 0.0 9.0 104604416.0 1239283.0 0.0 60220000.0 64.0 2.0 1000.0 14596301.0
10300.0 0.0 0.0 9.0 104376930.0 1214113.0 0.0 60220000.0 64.0 2.0 1000.0 14848957.0
10400.0 0.0 0.0 9.0 104151677.0 1187186.0 0.0 60220000.0 62.0 2.0 1000.0 15101137.0
10500.0 0.0 0.0 8.0 103933596.0 1155395.0 0.0 60220000.0 60.0 2.0 1000.0 15351009.0
10600.0 0.0 0.0 8.0 103720762.0 1145173.0 0.0 60220000.0 60.0 2.0 1000.0 15574065.0
10700.0 0.0 0.0 8.0 103509593.0 1132758.0 0.0 60220000.0 58.0 2.0 1000.0 15797649.0
10800.0 0.0 0.0 8.0 103302656.0 1115755.0 0.0 60220000.0 58.0 2.0 1000.0 16021589.0
10900.0 0.0 0.0 8.0 103096337.0 1098837.0 0.0 60220000.0 58.0 2.0 1000.0 16244826.0
11000.0 0.0 0.0 8.0 102889526.0 1082161.0 0.0 60220000.0 58.0 2.0 1000.0 16468313.0
11100.0 0.0 0.0 8.0 102682164.0 1067231.0 0.0 60220000.0 58.0 2.0 1000.0 16690605.0
11200.0 0.0 0.0 7.0 102475965.0 1065133.0 0.0 60220000.0 58.0 2.0 1000.0 16898902.0
11300.0 0.0 0.0 7.0 102270329.0 1075330.0 0.0 60220000.0 57.0 2.0 1000.0 17094341.0
11400.0 0.0 0.0 6.0 102067331.0 1102502.0 0.0 60220000.0 57.0 2.0 1000.0 17270167.0
11500.0 0.0 0.0 6.0 101864604.0 1137682.0 0.0 60220000.0 56.0 2.0 1000.0 17437714.0
11600.0 0.0 0.0 6.0 101665021.0 1169939.0 0.0 60220000.0 56.0 2.0 1000.0 17605040.0
11700.0 0.0 0.0 6.0 101470775.0 1196497.0 0.0 60220000.0 54.0 2.0 1000.0 17772728.0
11800.0 0.0 0.0 6.0 101278775.0 1219785.0 0.0 60220000.0 54.0 2.0 1000.0 17941440.0
11900.0 0.0 0.0 6.0 101087813.0 1242534.0 0.0 60220000.0 53.0 2.0 1000.0 18109653.0
12000.0 0.0 0.0 6.0 100900937.0 1260976.0 0.0 60220000.0 52.0 2.0 1000.0 18278087.0
12100.0 0.0 0.0 5.0 100715465.0 1295908.0 0.0 60220000.0 52.0 2.0 1000.0 18428627.0
12200.0 0.0 0.0 5.0 100533807.0 1337444.0 0.0 60220000.0 50.0 2.0 1000.0 18568749.0
12300.0 0.0 0.0 5.0 100358318.0 1371740.0 0.0 60220000.0 49.0 2.0 1000.0 18709942.0
12400.0 0.0 0.0 4.0 100185799.0 1424354.0 0.0 60220000.0 48.0 2.0 1000.0 18829847.0
12500.0 0.0 0.0 4.0 100015252.0 1481578.0 0.0 60220000.0 48.0 2.0 1000.0 18943170.0
12600.0 0.0 0.0 4.0 99843973.0 1538786.0 0.0 60220000.0 48.0 2.0 1000.0 19057241.0
12700.0 0.0 0.0 4.0 99675504.0 1593366.0 0.0 60220000.0 47.0 2.0 1000.0 19171130.0
12800.0 0.0 0.0 4.0 99510156.0 1644276.0 0.0 60220000.0 46.0 2.0 1000.0 19285568.0
12900.0 0.0 0.0 4.0 99346656.0 1693496.0 0.0 60220000.0 46.0 2.0 1000.0 19399848.0
13000.0 0.0 0.0 4.0 99186286.0 1740124.0 0.0 60220000.0 45.0 2.0 1000.0 19513590.0
13100.0 0.0 0.0 4.0 99026018.0 1785766.0 0.0 60220000.0 45.0 2.0 1000.0 19628216.0
13200.0 0.0 0.0 4.0 98865836.0 1831846.0 0.0 60220000.0 45.0 2.0 1000.0 19742318.0
13300.0 1.0 2.0 5.0 98693408.0 1884844.0 0.0 60220000.0 60.0 2.0 1000.0 19861748.0
13400.0 0.0 3.0 6.0 98441080.0 1971615.0 0.0 60220000.0 75.0 2.0 1000.0 20027305.0
13500.0 0.0 3.0 5.0 98177737.0 2065683.0 0.0 60220000.0 74.0 2.0 1000.0 20196580.0
13600.0 0.0 3.0 5.0 97916292.0 2182649.0 0.0 60220000.0 73.0 2.0 1000.0 20341059.0
13700.0 0.0 3.0 5.0 97659202.0 2294610.0 0.0 60220000.0 72.0 2.0 1000.0 20486188.0
13800.0 0.0 3.0 5.0 97403282.0 2405610.0 0.0 60220000.0 72.0 2.0 1000.0 20631108.0
13900.0 0.0 3.0 5.0 97148758.0 2515578.0 0.0 60220000.0 71.0 2.0 1000.0 20775664.0
14000.0 0.0 3.0 5.0 96898444.0 2620807.0 0.0 60220000.0 70.0 2.0 1000.0 20920749.0
14100.0 0.0 3.0 5.0 96651718.0 2722639.0 0.0 60220000.0 69.0 2.0 1000.0 21065643.0
14200.0 0.0 3.0 5.0 96411339.0 2817733.0 0.0 60220000.0 67.0 2.0 1000.0 21210928.0
14300.0 0.0 3.0 5.0 96177411.0 2906185.0 0.0 60220000.0 66.0 2.0 1000.0 21356404.0
14400.0 0.0 3.0 5.0 95943549.0 2994048.0 0.0 60220000.0 66.0 2.0 1000.0 21502403.0
14500.0 0.0 3.0 5.0 95712313.0 3079787.0 0.0 60220000.0 64.0 2.0 1000.0 21647900.0
14600.0 0.0 3.0 5.0 95487401.0 3158325.0 0.0 60220000.0 63.0 2.0 1000.0 21794274.0
14700.0 0.0 3.0 5.0 95267776.0 3232423.0 0.0 60220000.0 62.0 2.0 1000.0 21939801.0
14800.0 0.0 3.0 5.0 95049681.0 3304590.0 0.0 60220000.0 62.0 2.0 1000.0 22085729.0
14900.0 0.0 3.0 5.0 94819287.0 3388761.0 0.0 60220000.0 66.0 2.0 1000.0 22231952.0
15000.0 0.0 3.0 5.0 94585930.0 3475571.0 0.0 60220000.0 66.0 2.0 1000.0 22378499.0
15100.0 1.0 1.0 7.0 94351175.0 3554920.0 0.0 60220000.0 71.0 2.0 1000.0 22533905.0
15200.0 0.0 1.0 7.0 94091040.0 3609284.0 0.0 60220000.0 73.0 2.0 1000.0 22739676.0
15300.0 0.0 1.0 8.0 93828393.0 3646337.0 0.0 60220000.0 74.0 2.0 1000.0 22965270.0
15400.0 0.0 1.0 8.0 93571736.0 3669312.0 0.0 60220000.0 72.0 2.0 1000.0 23198952.0
15500.0 0.0 1.0 8.0 93317390.0 3688435.0 0.0 60220000.0 72.0 2.0 1000.0 23434175.0
15600.0 0.0 1.0 8.0 93063486.0 3707023.0 0.0 60220000.0 72.0 2.0 1000.0 23669491.0
15700.0 0.0 1.0 8.0 92810732.0 3725169.0 0.0 60220000.0 71.0 2.0 1000.0 23904099.0
15800.0 0.0 1.0 8.0 92561386.0 3739459.0 0.0 60220000.0 70.0 2.0 1000.0 24139155.0
15900.0 1.0 3.0 9.0 92303671.0 3754981.0 0.0 60220000.0 83.0 2.0 1000.0 24381348.0
16000.0 0.0 2.0 12.0 91967373.0 3763242.0 0.0 60220000.0 99.0 2.0 1000.0 24709385.0
16100.0 2.0 3.0 11.0 91587899.0 3825011.0 0.0 60220000.0 128.0 2.0 1000.0 25027090.0
16200.0 2.0 0.0 17.0 91032446.0 3964576.0 0.0 60220000.0 185.0 2.0 1000.0 25442978.0
16300.0 1.0 2.0 20.0 90328990.0 4115451.0 0.0 60220000.0 211.0 2.0 1000.0 25995559.0
16400.0 0.0 1.0 22.0 89552242.0 4259144.0 0.0 60220000.0 220.0 2.0 1000.0 26628614.0
16500.0 0.0 1.0 22.0 88779398.0 4383910.0 0.0 60220000.0 216.0 2.0 1000.0 27276692.0
16600.0 2.0 1.0 25.0 88008201.0 4488215.0 0.0 60220000.0 237.0 2.0 1000.0 27943584.0
16700.0 1.0 3.0 29.0 87089947.0 4598544.0 0.0 60220000.0 273.0 2.0 1000.0 28751509.0
16800.0 0.0 0.0 31.0 86108026.0 4671545.0 0.0 60220000.0 275.0 2.0 1000.0 29660429.0
16900.0 1.0 2.0 33.0 85127579.0 4721657.0 0.0 60220000.0 291.0 2.0 1000.0 30590764.0
17000.0 2.0 1.0 39.0 84007208.0 4787480.0 0.0 60220000.0 345.0 2.0 1000.0 31645312.0
17100.0 2.0 0.0 46.0 82690459.0 4849059.0 0.0 60220000.0 408.0 2.0 1000.0 32900482.0
17200.0 1.0 3.0 49.0 81161429.0 4982857.0 0.0 60220000.0 450.0 2.0 1000.0 34295714.0
17300.0 1.0 2.0 54.0 79523336.0 5088383.0 0.0 60220000.0 470.0 2.0 1000.0 35828281.0
17400.0 1.0 0.0 58.0 77818307.0 5153891.0 0.0 60220000.0 500.0 2.0 1000.0 37467802.0
17500.0 3.0 2.0 68.0 75893641.0 5213325.0 0.0 60220000.0 595.0 2.0 1000.0 39333034.0
17600.0 3.0 0.0 75.0 73645935.0 5365062.0 0.0 60220000.0 682.0 2.0 1000.0 41429003.0
17700.0 2.0 2.0 84.0 71073529.0 5561213.0 0.0 60220000.0 779.0 2.0 1000.0 43805258.0
17800.0 0.0 2.0 85.0 68297284.0 5830447.0 0.0 60220000.0 785.0 2.0 1000.0 46312269.0
17900.0 0.0 2.0 85.0 65541550.0 6052266.0 0.0 60220000.0 777.0 2.0 1000.0 48846184.0
18000.0 0.0 2.0 83.0 62828116.0 6288295.0 0.0 60220000.0 763.0 2.0 1000.0 51323589.0
18100.0 1.0 3.0 84.0 60154668.0 6504914.0 0.0 60220000.0 767.0 2.0 1000.0 53780418.0
18200.0 0.0 1.0 84.0 57432071.0 6743670.0 0.0 60220000.0 773.0 2.0 1000.0 56264259.0
18300.0 1.0 1.0 85.0 54722717.0 6960905.0 0.0 60220000.0 772.0 2.0 1000.0 58756378.0
18400.0 2.0 1.0 88.0 51975221.0 7162470.0 0.0 60220000.0 794.0 2.0 1000.0 61302309.0
18500.0 3.0 1.0 94.0 49103795.0 7353821.0 0.0 60220000.0 838.0 2.0 1000.0 63982384.0
18600.0 3.0 3.0 101.0 46079981.0 7504937.0 0.0 60220000.0 878.0 2.0 1000.0 66855082.0
18700.0 3.0 3.0 110.0 42870309.0 7551522.0 0.0 60220000.0 942.0 2.0 1000.0 70018169.0
18800.0 2.0 2.0 118.0 39438759.0 7601385.0 0.0 60220000.0 1020.0 2.0 1000.0 73399856.0
18900.0 0.0 3.0 118.0 35851015.0 7688472.0 0.0 60220000.0 1019.0 2.0 1000.0 76900513.0
19000.0 0.0 3.0 119.0 32301703.0 7724611.0 0.0 60220000.0 1002.0 2.0 1000.0 80413686.0
19100.0 0.0 3.0 117.0 28817772.0 7715133.0 0.0 60220000.0 984.0 2.0 1000.0 83907095.0
19200.0 1.0 3.0 120.0 25339406.0 7691377.0 0.0 60220000.0 1011.0 2.0 1000.0 87409217.0
19300.0 0.0 1.0 124.0 21798289.0 7597966.0 0.0 60220000.0 1014.0 2.0 1000.0 91043745.0
19400.0 2.0 2.0 121.0 18292627.0 7493706.0 0.0 60220000.0 997.0 2.0 1000.0 94653667.0
19500.0 1.0 1.0 122.0 14752743.0 7420088.0 0.0 60220000.0 1028.0 2.0 1000.0 98267169.0
19600.0 2.0 1.0 128.0 11105612.0 7367662.0 0.0 60220000.0 1065.0 2.0 1000.0 101966726.0
19700.0 1.0 3.0 131.0 7382356.0 7237702.0 0.0 60220000.0 1076.0 2.0 1000.0 105819942.0
19800.0 0.0 2.0 132.0 3706627.0 7002744.0 0.0 60220000.0 1063.0 2.0 1000.0 109730629.0
19900.0 0.0 2.0 131.0 364103.0 6448809.0 0.0 60220000.0 1042.0 2.0 1000.0 113627088.0
