time rna_M monomer_betaGal protein_betaGal Lactose_external Lactose_internal Glucose_external Glucose_internal protein_Lactose_Permease dna_Lac_Operon Biomass Lactose_consumed
0.0 0.0 0.0 0.0 120440000.0 0.0 60220000.0 0.0 0.0 2.0 1000.0 0.0
100.0 0.0 0.0 0.0 120440000.0 0.0 30135221.0 30084779.0 0.0 2.0 1000.0 0.0
200.0 0.0 0.0 0.0 120440000.0 0.0 92029.0 60127971.0 0.0 2.0 1000.0 0.0
300.0 0.0 0.0 0.0 120440000.0 0.0 0.0 60220000.0 0.0 2.0 1000.0 0.0
400.0 0.0 0.0 0.0 120440000.0 0.0 0.0 60220000.0 0.0 2.0 1000.0 0.0
500.0 0.0 0.0 0.0 120440000.0 0.0 0.0 60220000.0 0.0 2.0 1000.0 0.0
600.0 0.0 0.0 0.0 120440000.0 0.0 0.0 60220000.0 0.0 2.0 1000.0 0.0
700.0 0.0 0.0 0.0 120440000.0 0.0 0.0 60220000.0 0.0 2.0 1000.0 0.0
800.0 0.0 0.0 0.0 120440000.0 0.0 0.0 60220000.0 0.0 2.0 1000.0 0.0
900.0 0.0 0.0 0.0 120440000.0 0.0 0.0 60220000.0 0.0 2.0 1000.0 0.0
1000.0 0.0 0.0 0.0 120440000.0 0.0 0.0 60220000.0 0.0 2.0 1000.0 0.0
1100.0 0.0 0.0 0.0 120440000.0 0.0 0.0 60220000.0 0.0 2.0 1000.0 0.0
1200.0 0.0 0.0 0.0 120440000.0 0.0 0.0 60220000.0 0.0 2.0 1000.0 0.0
1300.0 0.0 0.0 0.0 120440000.0 0.0 0.0 60220000.0 0.0 2.0 1000.0 0.0
1400.0 0.0 0.0 0.0 120440000.0 0.0 0.0 60220000.0 0.0 2.0 1000.0 0.0
1500.0 0.0 0.0 0.0 120440000.0 0.0 0.0 60220000.0 0.0 2.0 1000.0 0.0
1600.0 1.0 3.0 3.0 120424607.0 12892.0 0.0 60220000.0 13.0 2.0 1000.0 2501.0
1700.0 1.0 3.0 7.0 120331078.0 58454.0 0.0 60220000.0 44.0 2.0 1000.0 50468.0
1800.0 0.0 1.0 9.0 120145101.0 111331.0 0.0 60220000.0 53.0 2.0 1000.0 183568.0
1900.0 0.0 1.0 9.0 119958544.0 136434.0 0.0 60220000.0 52.0 2.0 1000.0 345022.0
2000.0 0.0 1.0 9.0 119772221.0 151954.0 0.0 60220000.0 52.0 2.0 1000.0 515825.0
2100.0 0.0 1.0 9.0 119588433.0 159621.0 0.0 60220000.0 50.0 2.0 1000.0 691946.0
2200.0 0.0 1.0 9.0 119409999.0 160659.0 0.0 60220000.0 50.0 2.0 1000.0 869342.0
2300.0 0.0 1.0 9.0 119231547.0 161658.0 0.0 60220000.0 50.0 2.0 1000.0 1046795.0
2400.0 0.0 1.0 9.0 119053342.0 162065.0 0.0 60220000.0 50.0 2.0 1000.0 1224593.0
2500.0 0.0 1.0 9.0 118874642.0 162611.0 0.0 60220000.0 49.0 2.0 1000.0 1402747.0
2600.0 0.0 1.0 9.0 118701365.0 158657.0 0.0 60220000.0 48.0 2.0 1000.0 1579978.0
2700.0 0.0 1.0 9.0 118530441.0 154032.0 0.0 60220000.0 47.0 2.0 1000.0 1755527.0
2800.0 0.0 1.0 9.0 118362101.0 148722.0 0.0 60220000.0 47.0 2.0 1000.0 1929177.0
2900.0 1.0 0.0 14.0 118160875.0 135173.0 0.0 60220000.0 70.0 2.0 1000.0 2143952.0
3000.0 1.0 2.0 20.0 117861096.0 130513.0 0.0 60220000.0 95.0 2.0 1000.0 2448391.0
3100.0 0.0 1.0 22.0 117467936.0 132663.0 0.0 60220000.0 114.0 2.0 1000.0 2839401.0
3200.0 0.0 1.0 22.0 117063242.0 133188.0 0.0 60220000.0 113.0 2.0 1000.0 3243570.0
3300.0 0.0 1.0 22.0 116666994.0 128635.0 0.0 60220000.0 110.0 2.0 1000.0 3644371.0
3400.0 0.0 1.0 22.0 116279651.0 121310.0 0.0 60220000.0 107.0 2.0 1000.0 4039039.0
3500.0 0.0 1.0 22.0 115898271.0 116954.0 0.0 60220000.0 105.0 2.0 1000.0 4424775.0
3600.0 0.0 1.0 22.0 115524430.0 111820.0 0.0 60220000.0 104.0 2.0 1000.0 4803750.0
3700.0 0.0 1.0 22.0 115155029.0 108382.0 0.0 60220000.0 103.0 2.0 1000.0 5176589.0
3800.0 0.0 1.0 22.0 114786548.0 107267.0 0.0 60220000.0 103.0 2.0 1000.0 5546185.0
3900.0 0.0 1.0 22.0 114421235.0 104605.0 0.0 60220000.0 101.0 2.0 1000.0 5914160.0
4000.0 0.0 1.0 21.0 114066003.0 103318.0 0.0 60220000.0 99.0 2.0 1000.0 6270679.0
4100.0 0.0 1.0 21.0 113714094.0 106011.0 0.0 60220000.0 98.0 2.0 1000.0 6619895.0
4200.0 0.0 1.0 20.0 113364507.0 113270.0 0.0 60220000.0 97.0 2.0 1000.0 6962223.0
4300.0 0.0 1.0 20.0 113025095.0 109642.0 0.0 60220000.0 94.0 2.0 1000.0 7305263.0
4400.0 0.0 1.0 20.0 112691624.0 106304.0 0.0 60220000.0 91.0 2.0 1000.0 7642072.0
4500.0 0.0 1.0 20.0 112367470.0 99704.0 0.0 60220000.0 89.0 2.0 1000.0 7972826.0
4600.0 0.0 1.0 20.0 112050134.0 95515.0 0.0 60220000.0 88.0 2.0 1000.0 8294351.0
4700.0 0.0 1.0 18.0 111738848.0 95145.0 0.0 60220000.0 86.0 2.0 1000.0 8606007.0
4800.0 0.0 1.0 17.0 111432725.0 113969.0 0.0 60220000.0 85.0 2.0 1000.0 8893306.0
4900.0 0.0 3.0 17.0 111126030.0 123019.0 0.0 60220000.0 86.0 2.0 1000.0 9190951.0
5000.0 0.0 3.0 17.0 110819401.0 125892.0 0.0 60220000.0 86.0 2.0 1000.0 9494707.0
5100.0 0.0 3.0 17.0 110511472.0 127072.0 0.0 60220000.0 86.0 2.0 1000.0 9801456.0
5200.0 0.0 3.0 17.0 110207315.0 125258.0 0.0 60220000.0 85.0 2.0 1000.0 10107427.0
5300.0 0.0 3.0 17.0 109906552.0 122378.0 0.0 60220000.0 83.0 2.0 1000.0 10411070.0
5400.0 0.0 3.0 16.0 109613536.0 123667.0 0.0 60220000.0 82.0 2.0 1000.0 10702797.0
5500.0 0.0 3.0 15.0 109321718.0 130258.0 0.0 60220000.0 82.0 2.0 1000.0 10988024.0
5600.0 0.0 3.0 14.0 109029398.0 155539.0 0.0 60220000.0 82.0 2.0 1000.0 11255063.0
5700.0 0.0 3.0 14.0 108737046.0 170328.0 0.0 60220000.0 81.0 2.0 1000.0 11532626.0
5800.0 0.0 3.0 14.0 108451238.0 173202.0 0.0 60220000.0 79.0 2.0 1000.0 11815560.0
5900.0 0.0 3.0 12.0 108170611.0 177933.0 0.0 60220000.0 78.0 2.0 1000.0 12091456.0
6000.0 0.0 3.0 11.0 107898809.0 213335.0 0.0 60220000.0 76.0 2.0 1000.0 12327856.0
6100.0 0.0 3.0 11.0 107629308.0 242342.0 0.0 60220000.0 75.0 2.0 1000.0 12568350.0
6200.0 0.0 3.0 11.0 107367540.0 256375.0 0.0 60220000.0 72.0 2.0 1000.0 12816085.0
6300.0 0.0 3.0 11.0 107117207.0 258641.0 0.0 60220000.0 68.0 2.0 1000.0 13064152.0
6400.0 0.0 3.0 11.0 106881406.0 246407.0 0.0 60220000.0 65.0 2.0 1000.0 13312187.0
6500.0 0.0 3.0 11.0 106649024.0 234327.0 0.0 60220000.0 65.0 2.0 1000.0 13556649.0
6600.0 0.0 3.0 11.0 106416902.0 224669.0 0.0 60220000.0 65.0 2.0 1000.0 13798429.0
6700.0 0.0 3.0 11.0 106187567.0 215222.0 0.0 60220000.0 64.0 2.0 1000.0 14037211.0
6800.0 0.0 3.0 11.0 105959265.0 207244.0 0.0 60220000.0 64.0 2.0 1000.0 14273491.0
6900.0 0.0 3.0 10.0 105731799.0 200840.0 0.0 60220000.0 63.0 2.0 1000.0 14507361.0
7000.0 0.0 3.0 10.0 105510135.0 209143.0 0.0 60220000.0 61.0 2.0 1000.0 14720722.0
7100.0 0.0 3.0 9.0 105296788.0 208390.0 0.0 60220000.0 58.0 2.0 1000.0 14934822.0
7200.0 0.0 3.0 9.0 105090108.0 221564.0 0.0 60220000.0 58.0 2.0 1000.0 15128328.0
7300.0 0.0 3.0 8.0 104884431.0 233501.0 0.0 60220000.0 57.0 2.0 1000.0 15322068.0
7400.0 0.0 0.0 9.0 104678706.0 254944.0 0.0 60220000.0 60.0 2.0 1000.0 15506350.0
7500.0 0.0 0.0 9.0 104471458.0 258883.0 0.0 60220000.0 57.0 2.0 1000.0 15709659.0
7600.0 0.0 0.0 9.0 104273874.0 252630.0 0.0 60220000.0 54.0 2.0 1000.0 15913496.0
7700.0 0.0 0.0 9.0 104081734.0 243453.0 0.0 60220000.0 53.0 2.0 1000.0 16114813.0
7800.0 0.0 0.0 9.0 103892268.0 233143.0 0.0 60220000.0 53.0 2.0 1000.0 16314589.0
7900.0 0.0 0.0 9.0 103703992.0 223667.0 0.0 60220000.0 53.0 2.0 1000.0 16512341.0
8000.0 0.0 0.0 9.0 103516169.0 216089.0 0.0 60220000.0 52.0 2.0 1000.0 16707742.0
8100.0 0.0 0.0 9.0 103330807.0 208585.0 0.0 60220000.0 51.0 2.0 1000.0 16900608.0
8200.0 0.0 0.0 9.0 103151310.0 197041.0 0.0 60220000.0 50.0 2.0 1000.0 17091649.0
8300.0 0.0 0.0 9.0 102971681.0 188922.0 0.0 60220000.0 50.0 2.0 1000.0 17279397.0
8400.0 0.0 0.0 8.0 102792973.0 193674.0 0.0 60220000.0 50.0 2.0 1000.0 17453353.0
8500.0 0.0 0.0 8.0 102618873.0 199794.0 0.0 60220000.0 48.0 2.0 1000.0 17621333.0
8600.0 0.0 0.0 8.0 102448833.0 200826.0 0.0 60220000.0 47.0 2.0 1000.0 17790341.0
8700.0 0.0 0.0 8.0 102281311.0 200137.0 0.0 60220000.0 47.0 2.0 1000.0 17958552.0
8800.0 0.0 0.0 8.0 102113185.0 199664.0 0.0 60220000.0 47.0 2.0 1000.0 18127151.0
8900.0 0.0 0.0 8.0 101950288.0 194079.0 0.0 60220000.0 45.0 2.0 1000.0 18295633.0
9000.0 0.0 0.0 7.0 101789808.0 200359.0 0.0 60220000.0 45.0 2.0 1000.0 18449833.0
9100.0 0.0 0.0 7.0 101631908.0 209123.0 0.0 60220000.0 42.0 2.0 1000.0 18598969.0
9200.0 1.0 1.0 10.0 101462722.0 213860.0 0.0 60220000.0 60.0 2.0 1000.0 18763418.0
9300.0 0.0 1.0 10.0 101248465.0 212562.0 0.0 60220000.0 60.0 2.0 1000.0 18978973.0
9400.0 0.0 1.0 10.0 101036969.0 209352.0 0.0 60220000.0 59.0 2.0 1000.0 19193679.0
9500.0 0.0 1.0 10.0 100826404.0 206316.0 0.0 60220000.0 59.0 2.0 1000.0 19407280.0
9600.0 0.0 1.0 10.0 100617151.0 203164.0 0.0 60220000.0 58.0 2.0 1000.0 19619685.0
9700.0 0.0 1.0 10.0 100410793.0 197769.0 0.0 60220000.0 57.0 2.0 1000.0 19831438.0
9800.0 0.0 1.0 10.0 100210562.0 188825.0 0.0 60220000.0 55.0 2.0 1000.0 20040613.0
9900.0 0.0 1.0 10.0 100013639.0 180581.0 0.0 60220000.0 55.0 2.0 1000.0 20245780.0
10000.0 0.0 1.0 10.0 99818302.0 173036.0 0.0 60220000.0 53.0 2.0 1000.0 20448662.0
10100.0 0.0 1.0 10.0 99628827.0 163101.0 0.0 60220000.0 53.0 2.0 1000.0 20648072.0
10200.0 0.0 1.0 10.0 99439998.0 155904.0 0.0 60220000.0 53.0 2.0 1000.0 20844098.0
10300.0 0.0 1.0 10.0 99253712.0 149117.0 0.0 60220000.0 52.0 2.0 1000.0 21037171.0
10400.0 0.0 1.0 10.0 99070300.0 142034.0 0.0 60220000.0 49.0 2.0 1000.0 21227666.0
10500.0 0.0 1.0 10.0 98895414.0 131491.0 0.0 60220000.0 49.0 2.0 1000.0 21413095.0
10600.0 0.0 1.0 10.0 98719828.0 126395.0 0.0 60220000.0 49.0 2.0 1000.0 21593777.0
10700.0 0.0 1.0 10.0 98544676.0 122700.0 0.0 60220000.0 49.0 2.0 1000.0 21772624.0
10800.0 0.0 1.0 10.0 98368924.0 120994.0 0.0 60220000.0 49.0 2.0 1000.0 21950082.0
10900.0 0.0 1.0 10.0 98196224.0 117869.0 0.0 60220000.0 48.0 2.0 1000.0 22125907.0
11000.0 0.0 1.0 10.0 98025763.0 113950.0 0.0 60220000.0 47.0 2.0 1000.0 22300287.0
11100.0 0.0 1.0 10.0 97857697.0 110908.0 0.0 60220000.0 47.0 2.0 1000.0 22471395.0
11200.0 0.0 1.0 10.0 97689874.0 108966.0 0.0 60220000.0 47.0 2.0 1000.0 22641160.0
11300.0 0.0 1.0 10.0 97524533.0 105871.0 0.0 60220000.0 46.0 2.0 1000.0 22809596.0
11400.0 0.0 1.0 10.0 97361203.0 103505.0 0.0 60220000.0 45.0 2.0 1000.0 22975292.0
11500.0 0.0 1.0 10.0 97200237.0 100253.0 0.0 60220000.0 45.0 2.0 1000.0 23139510.0
11600.0 0.0 1.0 10.0 97042266.0 97058.0 0.0 60220000.0 44.0 2.0 1000.0 23300676.0
11700.0 0.0 1.0 10.0 96886210.0 93623.0 0.0 60220000.0 43.0 2.0 1000.0 23460167.0
11800.0 0.0 1.0 10.0 96732310.0 91332.0 0.0 60220000.0 43.0 2.0 1000.0 23616358.0
11900.0 0.0 1.0 10.0 96584776.0 84977.0 0.0 60220000.0 39.0 2.0 1000.0 23770247.0
12000.0 0.0 1.0 10.0 96445055.0 77754.0 0.0 60220000.0 39.0 2.0 1000.0 23917191.0
12100.0 0.0 1.0 9.0 96305360.0 81734.0 0.0 60220000.0 39.0 2.0 1000.0 24052906.0
12200.0 0.0 1.0 8.0 96168562.0 92332.0 0.0 60220000.0 37.0 2.0 1000.0 24179106.0
12300.0 0.0 1.0 8.0 96036425.0 97586.0 0.0 60220000.0 37.0 2.0 1000.0 24305989.0
12400.0 0.0 1.0 8.0 95904301.0 100570.0 0.0 60220000.0 37.0 2.0 1000.0 24435129.0
12500.0 0.0 1.0 8.0 95772074.0 102128.0 0.0 60220000.0 37.0 2.0 1000.0 24565798.0
12600.0 0.0 1.0 8.0 95639894.0 102855.0 0.0 60220000.0 37.0 2.0 1000.0 24697251.0
12700.0 0.0 1.0 8.0 95508431.0 102153.0 0.0 60220000.0 37.0 2.0 1000.0 24829416.0
12800.0 0.0 1.0 8.0 95376130.0 102744.0 0.0 60220000.0 37.0 2.0 1000.0 24961126.0
12900.0 0.0 1.0 7.0 95243889.0 110483.0 0.0 60220000.0 37.0 2.0 1000.0 25085628.0
13000.0 0.0 1.0 7.0 95111869.0 120795.0 0.0 60220000.0 36.0 2.0 1000.0 25207336.0
13100.0 0.0 1.0 7.0 94988983.0 119920.0 0.0 60220000.0 34.0 2.0 1000.0 25331097.0
13200.0 0.0 1.0 7.0 94870529.0 115715.0 0.0 60220000.0 33.0 2.0 1000.0 25453756.0
13300.0 0.0 1.0 7.0 94752934.0 112400.0 0.0 60220000.0 33.0 2.0 1000.0 25574666.0
13400.0 0.0 1.0 7.0 94635086.0 110482.0 0.0 60220000.0 33.0 2.0 1000.0 25694432.0
13500.0 0.0 1.0 7.0 94520759.0 106467.0 0.0 60220000.0 31.0 2.0 1000.0 25812774.0
13600.0 0.0 1.0 7.0 94412756.0 99159.0 0.0 60220000.0 30.0 2.0 1000.0 25928085.0
13700.0 0.0 1.0 7.0 94306273.0 94016.0 0.0 60220000.0 30.0 2.0 1000.0 26039711.0
13800.0 0.0 1.0 7.0 94202331.0 88780.0 0.0 60220000.0 29.0 2.0 1000.0 26148889.0
13900.0 0.0 1.0 7.0 94099347.0 84962.0 0.0 60220000.0 29.0 2.0 1000.0 26255691.0
14000.0 0.0 1.0 7.0 93997627.0 81997.0 0.0 60220000.0 28.0 2.0 1000.0 26360376.0
14100.0 0.0 1.0 7.0 93897624.0 79332.0 0.0 60220000.0 28.0 2.0 1000.0 26463044.0
14200.0 0.0 1.0 7.0 93797855.0 77745.0 0.0 60220000.0 28.0 2.0 1000.0 26564400.0
14300.0 0.0 1.0 7.0 93698601.0 76748.0 0.0 60220000.0 28.0 2.0 1000.0 26664651.0
14400.0 0.0 1.0 5.0 93599217.0 92485.0 0.0 60220000.0 27.0 2.0 1000.0 26748298.0
14500.0 0.0 1.0 5.0 93503431.0 106992.0 0.0 60220000.0 26.0 2.0 1000.0 26829577.0
14600.0 0.0 1.0 5.0 93409948.0 114792.0 0.0 60220000.0 26.0 2.0 1000.0 26915260.0
14700.0 0.0 1.0 4.0 93322428.0 116511.0 0.0 60220000.0 24.0 2.0 1000.0 27001061.0
14800.0 0.0 1.0 4.0 93236874.0 130480.0 0.0 60220000.0 24.0 2.0 1000.0 27072646.0
14900.0 0.0 1.0 4.0 93152898.0 140525.0 0.0 60220000.0 22.0 2.0 1000.0 27146577.0
15000.0 0.0 1.0 4.0 93074527.0 143808.0 0.0 60220000.0 22.0 2.0 1000.0 27221665.0
15100.0 0.0 1.0 4.0 92998883.0 143868.0 0.0 60220000.0 21.0 2.0 1000.0 27297249.0
15200.0 0.0 1.0 4.0 92925964.0 141139.0 0.0 60220000.0 20.0 2.0 1000.0 27372897.0
15300.0 0.0 1.0 4.0 92854890.0 137628.0 0.0 60220000.0 20.0 2.0 1000.0 27447482.0
15400.0 0.0 1.0 4.0 92783552.0 135241.0 0.0 60220000.0 20.0 2.0 1000.0 27521207.0
15500.0 0.0 1.0 4.0 92711638.0 133609.0 0.0 60220000.0 20.0 2.0 1000.0 27594753.0
15600.0 0.0 1.0 4.0 92640152.0 131643.0 0.0 60220000.0 20.0 2.0 1000.0 27668205.0
15700.0 0.0 1.0 4.0 92569222.0 129740.0 0.0 60220000.0 20.0 2.0 1000.0 27741038.0
15800.0 0.0 1.0 4.0 92497693.0 128321.0 0.0 60220000.0 20.0 2.0 1000.0 27813986.0
15900.0 0.0 1.0 4.0 92426709.0 127227.0 0.0 60220000.0 20.0 2.0 1000.0 27886064.0
16000.0 0.0 1.0 4.0 92355480.0 126141.0 0.0 60220000.0 20.0 2.0 1000.0 27958379.0
16100.0 0.0 1.0 4.0 92283647.0 126354.0 0.0 60220000.0 20.0 2.0 1000.0 28029999.0
16200.0 0.0 1.0 3.0 92212218.0 127394.0 0.0 60220000.0 20.0 2.0 1000.0 28100388.0
16300.0 0.0 1.0 3.0 92141086.0 143500.0 0.0 60220000.0 20.0 2.0 1000.0 28155414.0
16400.0 0.0 1.0 3.0 92069682.0 157207.0 0.0 60220000.0 20.0 2.0 1000.0 28213111.0
16500.0 0.0 1.0 3.0 91997891.0 169518.0 0.0 60220000.0 20.0 2.0 1000.0 28272591.0
16600.0 0.0 1.0 3.0 91926740.0 180036.0 0.0 60220000.0 20.0 2.0 1000.0 28333224.0
16700.0 0.0 1.0 3.0 91855367.0 189233.0 0.0 60220000.0 20.0 2.0 1000.0 28395400.0
16800.0 0.0 1.0 3.0 91783552.0 198565.0 0.0 60220000.0 20.0 2.0 1000.0 28457883.0
16900.0 0.0 1.0 3.0 91712006.0 206588.0 0.0 60220000.0 20.0 2.0 1000.0 28521406.0
17000.0 0.0 1.0 2.0 91643662.0 218688.0 0.0 60220000.0 19.0 2.0 1000.0 28577650.0
17100.0 0.0 1.0 2.0 91575866.0 242450.0 0.0 60220000.0 19.0 2.0 1000.0 28621684.0
17200.0 0.0 1.0 2.0 91507901.0 265350.0 0.0 60220000.0 19.0 2.0 1000.0 28666749.0
17300.0 0.0 1.0 2.0 91440039.0 287279.0 0.0 60220000.0 19.0 2.0 1000.0 28712682.0
17400.0 0.0 1.0 2.0 91373238.0 307611.0 0.0 60220000.0 18.0 2.0 1000.0 28759151.0
17500.0 0.0 1.0 2.0 91308612.0 325119.0 0.0 60220000.0 18.0 2.0 1000.0 28806269.0
17600.0 0.0 1.0 2.0 91244435.0 341546.0 0.0 60220000.0 18.0 2.0 1000.0 28854019.0
17700.0 0.0 1.0 2.0 91179388.0 358405.0 0.0 60220000.0 18.0 2.0 1000.0 28902207.0
17800.0 1.0 0.0 5.0 91065238.0 384377.0 0.0 60220000.0 46.0 2.0 1000.0 28990385.0
17900.0 1.0 0.0 10.0 90849755.0 423140.0 0.0 60220000.0 73.0 2.0 1000.0 29167105.0
18000.0 0.0 0.0 10.0 90570658.0 450225.0 0.0 60220000.0 77.0 2.0 1000.0 29419117.0
18100.0 0.0 0.0 10.0 90296837.0 471016.0 0.0 60220000.0 77.0 2.0 1000.0 29672147.0
18200.0 0.0 0.0 10.0 90024657.0 488135.0 0.0 60220000.0 76.0 2.0 1000.0 29927208.0
18300.0 0.0 0.0 10.0 89757915.0 498219.0 0.0 60220000.0 74.0 2.0 1000.0 30183866.0
18400.0 0.0 0.0 9.0 89493683.0 517320.0 0.0 60220000.0 74.0 2.0 1000.0 30428997.0
18500.0 0.0 0.0 9.0 89230126.0 548409.0 0.0 60220000.0 74.0 2.0 1000.0 30661465.0
18600.0 0.0 0.0 9.0 88965768.0 578186.0 0.0 60220000.0 74.0 2.0 1000.0 30896046.0
18700.0 0.0 0.0 9.0 88702171.0 605675.0 0.0 60220000.0 74.0 2.0 1000.0 31132154.0
18800.0 0.0 0.0 9.0 88440158.0 630009.0 0.0 60220000.0 73.0 2.0 1000.0 31369833.0
18900.0 0.0 0.0 9.0 88179759.0 651806.0 0.0 60220000.0 73.0 2.0 1000.0 31608435.0
19000.0 0.0 0.0 9.0 87919669.0 671410.0 0.0 60220000.0 73.0 2.0 1000.0 31848921.0
19100.0 0.0 0.0 9.0 87660692.0 690499.0 0.0 60220000.0 72.0 2.0 1000.0 32088809.0
19200.0 0.0 0.0 9.0 87403264.0 707044.0 0.0 60220000.0 72.0 2.0 1000.0 32329692.0
19300.0 0.0 0.0 9.0 87147633.0 721569.0 0.0 60220000.0 72.0 2.0 1000.0 32570798.0
19400.0 0.0 0.0 9.0 86896386.0 730818.0 0.0 60220000.0 68.0 2.0 1000.0 32812796.0
19500.0 0.0 0.0 9.0 86653967.0 731124.0 0.0 60220000.0 68.0 2.0 1000.0 33054909.0
19600.0 0.0 0.0 9.0 86411211.0 731439.0 0.0 60220000.0 68.0 2.0 1000.0 33297350.0
19700.0 0.0 0.0 8.0 86170188.0 752245.0 0.0 60220000.0 67.0 2.0 1000.0 33517567.0
19800.0 0.0 0.0 8.0 85934746.0 771530.0 0.0 60220000.0 65.0 2.0 1000.0 33733724.0
19900.0 0.0 0.0 8.0 85704617.0 784605.0 0.0 60220000.0 63.0 2.0 1000.0 33950778.0
